Sido,Gungu,Dong,ComplexName,Trade Type,Building Name,Floor Info,Price (Numeric),Area,Owner,Desc,RegDate,Tag,Direction,PPA
경기도,용인시 기흥구,고매동,기흥동아,매매,1동,5/6,500000000,249.06,MOBL,실사확인 숲세권 기흥IC접 막힘X 최고뷰 초대형복층 테라스 단독정원,25.07.03,"['25년이상', '테라스', '마당', '복층']",남향,6636523.327712199
경기도,용인시 기흥구,고매동,기흥써니밸리,매매,104동,저/15,310000000,108.97,NONE," 올확장,식기 세척기,붙박이장,수납장등",25.06.30,"['25년이내', '방세개', '화장실두개', '세대당1대']",남향,9404362.20978251
경기도,용인시 기흥구,고매동,기흥써니밸리,매매,102동,5/12,330000000,107.5,OWNER,"급매, 주인거주로 깔끔한집, 풍부한 수납, 주거만족도 최고",25.07.21,"['25년이내', '급매', '방세개', '화장실두개']",남향,10147991.162790699
경기도,용인시 기흥구,고매동,기흥써니밸리,전세,102동,1/12,240000000,107.5,OWNER,"즉시입주가능한, 층간소음  걱정없는 1층 전세",25.07.21,"['25년이내', '1층', '방세개', '화장실두개']",남향,7380357.209302326
경기도,용인시 기흥구,고매동,기흥써니밸리,매매,103동,4/12,340000000,107.5,OWNER,"씽크대＆ 조명교체, 풍부한수납, 앞뒤뻥뷰, 주인거주 깔끔한집",25.07.21,"['25년이내', '방세개', '화장실두개', '세대당1대']",남동향,10455506.04651163
경기도,용인시 기흥구,고매동,기흥써니밸리,매매,103동,중/12,320000000,107.5,OWNER,"즉시입주가, 기흥호수 ,이케아,코스트코,롯데아울렛",25.07.19,"['25년이내', '방세개', '화장실두개', '중층']",동향,9840476.279069766
경기도,용인시 기흥구,고매동,기흥써니밸리,매매,101동,저/15,340000000,107.5,NDOC1,"기흥IC,롯데아울렛인근아파트매매, 수리된집, 기흥초교도보거리, 세안고매매",25.07.17,"['25년이내', '화장실두개', '방세개', '세대당1대']",남동향,10455506.04651163
경기도,용인시 기흥구,고매동,기흥써니밸리,매매,101동,8/15,330000000,107.5,OWNER,"바닥 전체 대리석으로 교체, 주방빼고 올수리, 로열층",25.07.09,"['25년이내', '올수리', '방세개', '화장실두개']",남향,10147991.162790699
경기도,용인시 기흥구,고매동,기흥써니밸리,매매,102동,6/12,345000000,107.5,DOC,전세끼고 남향 전면동 선호하는동 26년봄,25.07.08,"['25년이내', '방세개', '화장실두개', '중층']",남향,10609263.488372095
경기도,용인시 기흥구,고매동,기흥써니밸리,매매,103동,2/12,350000000,107.5,OWNER,주인거주로 관리가 잘 된 집,25.06.23,"['25년이내', '필로티', '방세개', '화장실두개']",남동향,10763020.93023256
경기도,용인시 기흥구,고매동,기흥써니밸리,매매,101동,6/15,340000000,107.5,OWNER,"주인거주 집상태굿, 씽크대 방충망 LED 교체",25.06.23,"['25년이내', '방세개', '화장실두개', '중층']",남향,10455506.04651163
경기도,용인시 기흥구,고매동,기흥써니밸리,매매,102동,중/12,340000000,107.5,NONE,앞트임조망굿,25.07.10,"['25년이내', '방세개', '화장실두개', '중층']",남향,10455506.04651163
경기도,용인시 기흥구,고매동,기흥써니밸리,매매,103동,12/12,370000000,107.5,NONE,복층 있는 전망 예쁜 집 입니다,25.07.05,"['25년이내', '복층', '탑층', '방세개']",남서향,11378050.69767442
경기도,용인시 기흥구,고매동,기흥써니밸리,전세,102동,저/12,240000000,107.5,NONE,,25.07.04,"['25년이내', '융자금없는', '방세개', '화장실두개']",남향,7380357.209302326
경기도,용인시 기흥구,고매동,기흥써니밸리,매매,102동,중/12,330000000,107.5,NONE,"올확장,전망굿,식기 세척기,붙박이장,수납장등",25.06.30,"['25년이내', '방세개', '화장실두개', '중층']",남향,10147991.162790699
경기도,용인시 기흥구,고매동,기흥써니밸리,매매,103동,중/12,310000000,107.5,NONE,"올확장,전망굿,식기 세척기,붙박이장,수납장등",25.06.30,"['25년이내', '방세개', '화장실두개', '중층']",남동향,9532961.395348838
경기도,용인시 기흥구,고매동,동성,매매,101동,11/16,250000000,107,OWNER,남향.로얄 층. 생활편리,25.07.19,"['25년이상', '방세개', '화장실두개', '고층']",남향,7723796.728971964
경기도,용인시 기흥구,고매동,동성,매매,101동,3/16,240000000,107,OWNER,"판상형 남향, 주인 거주 중으로 입주일 협의 조정 가능",25.07.17,"['25년이상', '방세개', '화장실두개', '저층']",남향,7414844.859813084
경기도,용인시 기흥구,고매동,동성,매매,101동,9/16,300000000,107,NDOC1,정남향 깨끗한 아파트,25.07.03,"['25년이상', '방세개', '화장실두개', '중층']",남향,9268556.074766356
경기도,용인시 기흥구,고매동,동성,매매,101동,15/16,280000000,107,OWNER,"샤시까지 올수리, 즉시입주가능, 협의가능",25.06.26,"['25년이상', '올수리', '방세개', '화장실두개']",남향,8650652.336448599
경기도,용인시 기흥구,고매동,동성,매매,101동,2/16,245000000,107,OWNER,"월세안고 매매, 투자목적",25.06.23,"['25년이상', '방세개', '화장실두개', '세안고']",남향,7569320.794392524
경기도,용인시 기흥구,고매동,동성,매매,101동,5/16,270000000,107,OWNER,"집상태 굿, 집주인 거주로 관리가 잘된 집",25.06.23,"['25년이상', '방세개', '화장실두개', '저층']",남향,8341700.46728972
경기도,용인시 기흥구,고매동,동성,매매,101동,5/16,250000000,107,NONE,,25.07.15,"['25년이상', '방세개', '화장실두개', '관리비20만원이하']",남향,7723796.728971964
경기도,용인시 기흥구,고매동,동성,매매,101동,12/16,265000000,107,NONE,초교 롯데아울렛 이케아 코스트코,25.07.09,"['25년이상', '방세개', '화장실두개', '고층']",남향,8187224.532710281
경기도,용인시 기흥구,고매동,동성,매매,101동,7/16,270000000,107,NONE,,25.07.05,"['25년이상', '방세개', '화장실두개', '중층']",남향,8341700.46728972
경기도,용인시 기흥구,고매동,동성,매매,101동,고/16,260000000,107,NONE,"최저가 ,빠른입주가능 ",25.06.30,"['25년이상', '방세개', '화장실두개', '고층']",남향,8032748.598130842
경기도,용인시 기흥구,고매동,동성,매매,102동,4/15,215000000,77.78,OWNER,남향  올수리굿 초등학교인접  서울출퇴근가 코스트코 이케아 롯데아울렛인접,25.07.18,"['25년이상', '올수리', '방세개', '화장실한개']",남향,9137873.167909488
경기도,용인시 기흥구,고매동,동성,매매,102동,고/15,220000000,77.78,OWNER,기흥초 인근 좋은 가격의 아파트 인테리어수리함 주인거주,25.07.21,"['25년이상', '방세개', '화장실한개', '고층']",남동향,9350381.846232966
경기도,용인시 기흥구,고매동,동성,매매,102동,12/15,230000000,77.78,OWNER,"올수리샤시제외, 로열층, 주인거주로 깨끗한 집",25.07.12,"['25년이상', '올수리', '방세개', '화장실한개']",남향,9775399.202879919
경기도,용인시 기흥구,고매동,동성,매매,102동,3/15,230000000,77.78,OWNER,"샤시빼고 수리, 판상형 남향, 집상태 굿",25.06.30,"['25년이상', '방세개', '화장실한개', '저층']",남향,9775399.202879919
경기도,용인시 기흥구,고매동,동성,매매,102동,12/15,230000000,77.78,DOC,샷시교체 씽크대등 수리된 깨끗한 남향집 전세끼고 26.2월,25.07.08,"['25년이상', '방세개', '화장실한개', '고층']",남향,9775399.202879919
경기도,용인시 기흥구,고매동,동성,매매,102동,11/15,230000000,77.78,OWNER,"초등학교 도보 5분 거리, 코스트코 인접, 동탄, 강남 출퇴근 가능",25.06.26,"['25년이상', '방세개', '화장실한개', '고층']",남향,9775399.202879919
경기도,용인시 기흥구,고매동,동성,매매,102동,7/15,225000000,77.78,OWNER,"올수리샤시제외, 뷰가 좋은 집, 주인거주로 집상태 굿",25.06.24,"['25년이상', '올수리', '방세개', '화장실한개']",남향,9562890.524556443
경기도,용인시 기흥구,고매동,동성,매매,102동,4/15,215000000,77.78,NONE,방1개 확장 거실 확장 인테리어 했어요,25.07.15,"['25년이상', '방한개', '화장실한개', '관리비20만원이하']",남향,9137873.167909488
경기도,용인시 기흥구,고매동,동성,매매,102동,중/15,220000000,77.78,NONE,초등학교인접 이케아 코스트코 롯데아울렛 동탄신도시인접,25.07.10,"['25년이상', '방세개', '화장실한개', '중층']",남향,9350381.846232966
경기도,용인시 기흥구,고매동,동성,매매,102동,12/15,230000000,77.78,NONE,올 공사 했어요,25.07.08,"['25년이상', '방세개', '화장실한개', '고층']",남향,9775399.202879919
경기도,용인시 기흥구,고매동,동성,매매,102동,고/15,230000000,77.78,NONE,"가격 절충가능,초등학교,행정복지센터,대,소형마트등 인근에자리잡고있음",25.06.30,"['25년이상', '소형평수', '방세개', '화장실한개']",남향,9775399.202879919
경기도,용인시 기흥구,고매동,동성,매매,102동,중/15,225000000,77.78,NONE,"샷시외수리완료,",25.06.30,"['25년이상', '방세개', '화장실한개', '중층']",남향,9562890.524556443
경기도,용인시 기흥구,고매동,매화마을우남퍼스트빌,매매,101동,4/15,255000000,109.18,OWNER,앞트임조망굿 조용해요 서울광역버스인접  코스트코 이케아 롯데아울렛 인접,25.07.18,"['25년이내', '방세개', '화장실두개', '세대당1대']",남서향,7720966.981132076
경기도,용인시 기흥구,고매동,매화마을우남퍼스트빌,매매,101동,5/15,285000000,109.18,OWNER,즉시입주  컨디션양호 남향 주민센터 롯데아울렛 인근,25.07.16,"['25년이내', '방세개', '화장실두개', '세대당1대']",남향,8629316.03773585
경기도,용인시 기흥구,고매동,매화마을우남퍼스트빌,매매,101동,9/15,310000000,109.18,OWNER,"기흥호수전망최상,화이트톤수리,한샘씽크대,화장실수리,주인거주상태완전양호",25.07.15,"['25년이내', '욕실수리', '방세개', '화장실두개']",남향,9386273.58490566
경기도,용인시 기흥구,고매동,매화마을우남퍼스트빌,월세,101동,15/15,"2,000/100",109.18,OWNER,"사진보다 더욱 깨끗하고 관리 잘 된 집, 탁 트인 전망. 주거만족도 높음",25.07.14,"['25년이내', '탑층', '방세개', '화장실두개']",남향,
경기도,용인시 기흥구,고매동,매화마을우남퍼스트빌,매매,101동,10/15,295000000,109.18,OWNER,"즉시입주가능, 조용하고 살기좋은 단지, 채광좋음",25.07.07,"['25년이내', '방세개', '화장실두개', '중층']",남서향,8932099.056603773
경기도,용인시 기흥구,고매동,매화마을우남퍼스트빌,매매,101동,5/15,300000000,109.18,DOC,세안고 매매 ,25.07.12,"['25년이내', '방세개', '화장실두개', '세대당1대']",남동향,9083490.566037735
경기도,용인시 기흥구,고매동,매화마을우남퍼스트빌,매매,102동,중/15,315000000,109.18,OWNER,"샤시포함 올수리, 최상의 집상태, 집주인 거주로 관리 잘 된 집",25.07.07,"['25년이내', '올수리', '방세개', '화장실두개']",남향,9537665.094339622
경기도,용인시 기흥구,고매동,매화마을우남퍼스트빌,매매,101동,14/15,310000000,109.18,OWNER,"로얄층, 전망좋은 집",25.06.30,"['25년이내', '방세개', '화장실두개', '고층']",남향,9386273.58490566
경기도,용인시 기흥구,고매동,매화마을우남퍼스트빌,매매,102동,9/15,290000000,109.18,OWNER,"좋은 뷰, 합리적인 가격, 주인거주로 관리 잘 된 집, 기본상태",25.06.26,"['25년이내', '방세개', '화장실두개', '중층']",남향,8780707.547169812
경기도,용인시 기흥구,고매동,매화마을우남퍼스트빌,매매,103동,8/13,280000000,109.18,OWNER,"급매, 뷰가 좋은 층, 씽크대 교체",25.06.26,"['25년이내', '급매', '방세개', '화장실두개']",남향,8477924.528301887
경기도,용인시 기흥구,고매동,매화마을우남퍼스트빌,매매,101동,6/15,260000000,109.18,OWNER,"저렴한 가격의 투자용 물건, 전세27년3월만기안고 매매, 올수리된 집",25.06.26,"['25년이내', '올수리', '방세개', '화장실두개']",남서향,7872358.490566037
경기도,용인시 기흥구,고매동,매화마을우남퍼스트빌,매매,102동,중/15,290000000,109.18,NONE,,25.07.19,"['25년이내', '방세개', '화장실두개', '중층']",남동향,8780707.547169812
경기도,용인시 기흥구,고매동,매화마을우남퍼스트빌,매매,102동,중/15,280000000,109.18,NONE,남향  동탄신도시코스트코인접,25.07.10,"['25년이내', '방세개', '화장실두개', '중층']",남향,8477924.528301887
경기도,용인시 기흥구,고매동,매화마을우남퍼스트빌,매매,101동,5/15,290000000,109.18,NONE,바로 입주 가능 합니다,25.07.05,"['25년이내', '방세개', '화장실두개', '세대당1대']",남향,8780707.547169812
경기도,용인시 기흥구,고매동,매화마을우남퍼스트빌,매매,101동,14/15,310000000,109.18,NONE,,25.07.05,"['25년이내', '방세개', '화장실두개', '고층']",남서향,9386273.58490566
경기도,용인시 기흥구,고매동,매화마을우남퍼스트빌,매매,101동,10/15,270000000,109.18,NONE,"입주일 협의 (빠른입주 정상입주) 가능, 기흥호수 인접, 채광 굿",25.07.04,"['25년이내', '방세개', '화장실두개', '중층']",남동향,8175141.5094339615
경기도,용인시 기흥구,고매동,매화마을우림홀인원,매매,201동,6/15,285000000,116.97,OWNER,,25.07.18,"['25년이내', '방세개', '화장실두개', '중층']",남서향,8054618.491921006
경기도,용인시 기흥구,고매동,매화마을우림홀인원,매매,203동,3/14,310000000,116.97,OWNER,"올확장, 주인거주로 깨끗한 집",25.07.14,"['25년이내', '방세개', '화장실두개', '세대당1대']",남서향,8761163.973668462
경기도,용인시 기흥구,고매동,매화마을우림홀인원,매매,204동,4/15,285000000,116.97,OWNER,"급매, 깔끔, 씽크대 교체, 슬라이딩 중문, LED등, 즉시입주가",25.07.14,"['25년이내', '급매', '방세개', '화장실두개']",남서향,8054618.491921006
경기도,용인시 기흥구,고매동,매화마을우림홀인원,매매,202동,9/13,320000000,116.97,OWNER,"마루＆씽크대교체, 기본형, 주인거주로 관리 잘 된 집,모든가전 인계 가능",25.07.11,"['25년이내', '방세개', '화장실두개', '고층']",남서향,9043782.166367445
경기도,용인시 기흥구,고매동,매화마을우림홀인원,매매,203동,4/14,290000000,116.97,OWNER,"기본형, 살기 좋은 아파트",25.07.03,"['25년이내', '방세개', '화장실두개', '세대당1대']",남서향,8195927.5882704975
경기도,용인시 기흥구,고매동,매화마을우림홀인원,매매,203동,9/14,295000000,116.97,OWNER,"기본형, 붙박이장, 살기 좋은 아파트",25.07.02,"['25년이내', '방세개', '화장실두개', '중층']",남서향,8337236.684619988
경기도,용인시 기흥구,고매동,매화마을우림홀인원,월세,203동,중/14,"2,000/110",116.97,DOC,,25.07.15,"['25년이내', '융자금없는', '방세개', '화장실두개']",남향,
경기도,용인시 기흥구,고매동,매화마을우림홀인원,매매,203동,3/14,320000000,116.97,OWNER,조용하고 깨끗한  고매동 아파트 롯데아울렛등 대형 쇼핑몰 인근,25.06.26,"['25년이내', '대형평수', '방세개', '화장실두개']",남서향,9043782.166367445
경기도,용인시 기흥구,고매동,매화마을우림홀인원,매매,202동,7/13,320000000,116.97,OWNER,주인거주 협의입주 거실확장 각마루새로함 깨끗하게 잘쓰신집,25.06.26,"['25년이내', '방세개', '화장실두개', '중층']",남서향,9043782.166367445
경기도,용인시 기흥구,고매동,매화마을우림홀인원,매매,203동,중/14,310000000,116.97,OWNER,깨끗하고 조용한 아파트단지  인근 초등하고 대형아울렛매장,25.07.01,"['25년이내', '대형평수', '방세개', '화장실두개']",남서향,8761163.973668462
경기도,용인시 기흥구,고매동,매화마을우림홀인원,전세,203동,고/14,230000000,116.97,DOC,"도배,장판,씽크대,전등 교체한지 1년정도됨.",25.07.02,"['25년이내', '융자금없는', '방세개', '화장실두개']",남서향,6500218.432076601
경기도,용인시 기흥구,고매동,매화마을우림홀인원,월세,205동,중/14,"2,000/110",116.97,DOC,"완전깨끗,전망좋음.",25.07.01,"['25년이내', '융자금없는', '방세개', '화장실두개']",남서향,
경기도,용인시 기흥구,고매동,매화마을우림홀인원,매매,204동,저/15,330000000,116.97,DOC,"기흥I.C인근숲세권조용한아파트매매, 주인거주상태최상, 아이키우기좋은집",25.06.30,"['25년이내', '화장실두개', '방세개', '세대당1대']",남서향,9326400.359066429
경기도,용인시 기흥구,고매동,매화마을우림홀인원,매매,204동,중/15,285000000,116.97,DOC,작은방 확장됨.,25.06.27,"['25년이내', '방세개', '화장실두개', '중층']",남서향,8054618.491921006
경기도,용인시 기흥구,고매동,매화마을우림홀인원,매매,203동,중/14,290000000,116.97,NONE,,25.07.16,"['25년이내', '방세개', '화장실두개', '중층']",남서향,8195927.5882704975
경기도,용인시 기흥구,고매동,매화마을우림홀인원,매매,203동,저/14,290000000,116.97,NONE,,25.07.15,"['25년이내', '방세개', '화장실두개', '세대당1대']",남서향,8195927.5882704975
경기도,용인시 기흥구,고매동,매화마을우림홀인원,매매,203동,중/14,295000000,116.97,NONE,,25.07.08,"['25년이내', '방세개', '화장실두개', '중층']",남서향,8337236.684619988
경기도,용인시 기흥구,고매동,매화마을우림홀인원,매매,204동,중/15,300000000,116.97,NONE,,25.07.08,"['25년이내', '방세개', '화장실두개', '중층']",남서향,8478545.78096948
경기도,용인시 기흥구,고매동,매화마을우림홀인원,매매,204동,3/15,310000000,116.97,NONE,상태 양호한 좋은 물건입니다.,25.07.05,"['25년이내', '방세개', '화장실두개', '세대당1대']",남동향,8761163.973668462
경기도,용인시 기흥구,고매동,매화마을우림홀인원,매매,203동,4/14,350000000,116.97,NONE,주인 거주 중이며 상태 양호합니다.,25.07.05,"['25년이내', '방세개', '화장실두개', '세대당1대']",남서향,9891636.744464394
경기도,용인시 기흥구,고매동,매화마을우림홀인원,매매,204동,고/15,320000000,116.97,NONE,,25.07.04,"['25년이내', '방세개', '화장실두개', '고층']",남서향,9043782.166367445
경기도,용인시 기흥구,고매동,매화마을우림홀인원,매매,203동,저/14,320000000,116.97,NONE,,25.07.01,"['25년이내', '방세개', '화장실두개', '세대당1대']",남서향,9043782.166367445
경기도,용인시 기흥구,고매동,매화마을우림홀인원,매매,202동,고/13,310000000,116.97,NONE,"완전깨끗,전망굿",25.07.01,"['25년이내', '방세개', '화장실두개', '고층']",남서향,8761163.973668462
경기도,용인시 기흥구,고매동,매화마을우림홀인원,매매,202동,중/13,320000000,116.97,NONE,"베란다확장,강마루시공",25.06.30,"['25년이내', '확장형', '방세개', '화장실두개']",남서향,9043782.166367445
경기도,용인시 기흥구,고매동,매화마을우림홀인원,매매,201동,고/15,330000000,116.97,NONE,"올수리,전망최고",25.06.28,"['25년이내', '올수리', '방세개', '화장실두개']",남서향,9326400.359066429
경기도,용인시 기흥구,고매동,매화마을우림홀인원,매매,202동,저/13,300000000,116.97,NONE,"수리잘됨,완전깨끗",25.06.25,"['25년이내', '방세개', '화장실두개', '세대당1대']",남서향,8478545.78096948
경기도,용인시 기흥구,고매동,매화마을우림홀인원,매매,201동,저/15,290000000,116.97,NONE,,25.06.24,"['25년이내', '방세개', '화장실두개', '세대당1대']",남서향,8195927.5882704975
경기도,용인시 기흥구,고매동,메종블루아,매매,102동,고/8,1500000000,238.36,DOC,"로얄층, 럭셔리한 인테리어, 화장실까지 호수뷰,정남향집",25.06.25,"['15년이내', '대형평수', '방네개이상', '화장실세개']",남향,20803312.2168149
경기도,용인시 기흥구,고매동,메종블루아,매매,102동,저/8,1050000000,238.36,DOC,l 대형 급매 l 호수조망 고급 타운하우스 l 올수리 l 입주가능 l,25.06.24,"['15년이내', '올수리', '급매', '대형평수']",남향,14562318.55177043
경기도,용인시 기흥구,고매동,메종블루아,전세,101동,고/6,750000000,221.57,DOC,l 테라스 유 l 호수조망 l 올수리 l 즉시 입주가능 l,25.07.08,"['25년이내', '융자금없는', '올수리', '테라스']",남향,11189866.633569527
경기도,용인시 기흥구,고매동,메종블루아,매매,103동,7/8,1030000000,203.75,MOBL,"호수전망굿,시스템에어컨,최근 특올수리,잡지에 나온집",25.06.23,"['25년이내', '올수리', '대형평수', '방네개이상']",북향,16711453.00613497
경기도,용인시 기흥구,고매동,메종블루아,전세,103동,저/8,650000000,203.75,DOC,l 호수조망 최고 l 시스템에어컨 . 수리함 . 테라스 l,25.07.01,"['25년이내', '융자금없는', '테라스', '대형평수']",북향,10546062.576687116
경기도,용인시 기흥구,고매동,메종블루아,매매,104동,고/8,1300000000,199.33,NDOC1,"기흥고매동메종블루아매매, 앞뒤호수가보이는최고조망권, 둘레길운동하기좋은곳",25.07.17,"['25년이내', '대형평수', '방네개이상', '화장실세개']",남향,21559827.923543874
경기도,용인시 기흥구,고매동,메종블루아,월세,104동,고/8,2억/200,199.33,OWNER,l 시스템에어컨 . 컨디션 굿 l 입주일 협의 l 호수조망 l 조정가 l,25.07.14,"['25년이내', '융자금적은', '대형평수', '방네개이상']",남서향,
경기도,용인시 기흥구,고매동,메종블루아,전세,104동,고/8,700000000,199.33,OWNER,l 시스템에어컨 . 컨디션 굿 l 입주일 협의가 l 호수조망 l,25.07.14,"['25년이내', '융자금없는', '대형평수', '방네개이상']",남서향,11609138.11267747
경기도,용인시 기흥구,고매동,메종블루아,매매,104동,고/8,1000000000,199.33,OWNER,l 시스템에어컨 . 컨디션 굿 l 입주일자 협의가 l 호수조망 l,25.06.30,"['15년이내', '대형평수', '방네개이상', '화장실세개']",남서향,16584483.018110672
경기도,용인시 기흥구,고매동,메종블루아,매매,104동,고/8,920000000,199.33,OWNER,l 호수조망 굿 l 로얄동 급매 l 세입자 승계조건 l,25.06.30,"['15년이내', '급매', '대형평수', '방네개이상']",남서향,15257724.376661818
경기도,용인시 기흥구,고매동,메종블루아,매매,105동,2/9,1000000000,196.37,OWNER,"로얄, 전면호수조망동,기흥호수 풍경뷰,채광굿,입주협의,예쁜 테라스",25.07.03,"['25년이내', '테라스', '대형평수', '방네개이상']",서향,16834470.64215512
경기도,용인시 기흥구,고매동,메종블루아,매매,105동,저/9,900000000,196.37,OWNER,l 호수조망 고급 타운하우스 l 가격조정 l 전세안고 l,25.07.02,"['25년이내', '대형평수', '방세개', '화장실세개']",서향,15151023.577939605
경기도,용인시 기흥구,고매동,메종블루아,매매,103동,저/8,1000000000,196.2,DOC,l 호수조망 l 테라스 . 가격조정 . 입주날짜 협의가 l,25.07.19,"['25년이내', '테라스', '대형평수', '방네개이상']",북향,16849057.084607545
경기도,용인시 기흥구,고매동,세원,매매,102동,저/16,350000000,172.29,OWNER,고매동 구축 아파트  깨끗하게 관리 잘되어있는집  평수넓음,25.06.26,"['25년이상', '대형평수', '방네개이상', '화장실두개']",남동향,6715565.325904
경기도,용인시 기흥구,고매동,세원,전세,102동,16/16,230000000,172.29,NONE,,25.07.10,"['25년이상', '대형평수', '탑층', '방네개이상']",남향,4413085.785594057
경기도,용인시 기흥구,고매동,세원,매매,101동,고/16,300000000,114.64,OWNER,"화이트올리모델링,남향으로밝은집,세안고매매",25.07.19,"['25년이상', '방세개', '화장실두개', '고층']",남향,8650867.93440335
경기도,용인시 기흥구,고매동,세원,매매,101동,고/16,300000000,114.64,OWNER,주인거주 화이트 샷시까지 올수리 정남향 협의입주합니다,25.07.16,"['25년이상', '올수리', '방세개', '화장실두개']",남향,8650867.93440335
경기도,용인시 기흥구,고매동,세원,매매,101동,13/16,280000000,114.64,NONE,,25.07.05,"['25년이상', '방세개', '화장실두개', '고층']",남향,8074143.405443127
경기도,용인시 기흥구,고매동,세원,전세,101동,15/16,240000000,114.64,NONE,올 공사 했어요,25.07.01,"['25년이상', '방세개', '화장실두개', '고층']",남향,6920694.34752268
경기도,용인시 기흥구,고매동,세원,매매,101동,4/16,210000000,89.96,OWNER,"올수리샤시제외, 깨끗한 집, 살기 좋은 집.",25.07.05,"['25년이상', '올수리', '방세개', '화장실한개']",남향,7716928.079146288
경기도,용인시 기흥구,고매동,세원,매매,102동,9/16,250000000,89.96,NDOC1,"샷시까지 올수리, 대중교통 편리, 편의시설, 대형마트. 아울렛.",25.07.02,"['25년이상', '올수리', '대형평수', '방세개']",남향,9186819.14184082
경기도,용인시 기흥구,고매동,세원,매매,101동,고/16,220000000,89.96,DOC,주인직접,25.07.10,"['25년이상', '방세개', '화장실한개', '고층']",남향,8084400.844819922
경기도,용인시 기흥구,고매동,세원,매매,101동,중/16,200000000,89.96,DOCV2,초교 롯대아울렛 이케아 코스트코,25.06.24,"['25년이상', '방세개', '화장실한개', '중층']",남향,7349455.313472656
경기도,용인시 기흥구,고매동,세원,매매,102동,저/16,260000000,89.96,DOC,즉시입주 전면동 샷시 씽크대등 교체,25.06.27,"['25년이상', '방세개', '화장실한개', '저층']",남향,9554291.907514451
경기도,용인시 기흥구,고매동,세원,전세,101동,10/16,160000000,89.96,NONE,집 상태 깨끗해요 입주일 조율 가능해요,25.07.18,"['25년이상', '방세개', '화장실한개', '중층']",남향,5879564.250778124
경기도,용인시 기흥구,고매동,세원,매매,102동,9/16,250000000,89.96,NONE,특별한 예쁜구조의 집입니다 가격조율 조금 가능해요,25.07.15,"['25년이상', '방세개', '화장실한개', '중층']",남향,9186819.14184082
경기도,용인시 기흥구,고매동,세원,매매,101동,4/16,210000000,89.96,NONE,초등학교인접 교통편리 코스트코 이케아 롯데아울렛인접,25.07.10,"['25년이상', '방세개', '화장실한개', '관리비20만원이하']",남향,7716928.079146288
경기도,용인시 기흥구,고매동,세원,매매,102동,저/16,230000000,89.96,NONE,"전망좋음,빠른입주가능",25.06.30,"['25년이상', '방세개', '화장실한개', '관리비20만원이하']",남향,8451873.610493554
경기도,용인시 기흥구,고매동,세원,매매,101동,9/16,195000000,89.96,NONE,정 남향집입니다,25.06.27,"['25년이상', '방세개', '화장실한개', '중층']",남향,7165718.930635839
경기도,용인시 기흥구,고매동,시뉴어하우스,매매,1동,중/5,460000000,189.68,DOC,전원속아파트,25.07.07,"['25년이내', '대형평수', '방네개이상', '화장실두개']",남향,8016981.758751582
경기도,용인시 기흥구,고매동,신구그린,매매,1동,고/5,580000000,260.36,NDOC1,"기흥I.C옆, 조용한숲세권의대형고급아파트, 막힘없는앞뒤조망권, 상태최상",25.07.17,"['25년이상', '화장실두개', '대형평수', '방네개이상']",남서향,7364246.812106314
경기도,용인시 기흥구,고매동,신구그린,매매,1동,중/5,500000000,260.36,DOC,"기흥IC근접숲세권의고급아파트매매, 막힘없는조망권, 귀한대형평수,저렴한가격",25.06.23,"['25년이상', '화장실세개', '대형평수', '방네개이상']",남서향,6348488.631126134
경기도,용인시 기흥구,고매동,에이스리오빌리지,월세,1동,5/7,1억/250,257.82,DOC,급매 전세 가능 5억,25.07.08,"['25년이상', '급매', '대형평수', '방네개이상']",남서향,
경기도,용인시 기흥구,고매동,에이스리오빌리지,매매,1동,5/7,800000000,257.82,DOC,,25.07.08,"['25년이상', '대형평수', '방네개이상', '화장실두개']",남서향,10257652.625863006
경기도,용인시 기흥구,고매동,에이스리오빌리지,매매,1동,고/7,750000000,257.82,NDOC1,"기흥IC옆숲세권의최고급대형아파트매매, 막힘없는최고조망, 다인가족추천",25.06.26,"['25년이상', '화장실두개', '대형평수', '방네개이상']",남동향,9616549.33674657
경기도,용인시 기흥구,공세동,공세호수마을성원상떼레이크뷰,매매,105동,13/15,950000000,264.94,OWNER,올리모델링.세련된화이트톤.탁트인 호수조망.,25.07.19,"['25년이내', '대형평수', '방네개이상', '화장실세개']",남향,11853611.194987545
경기도,용인시 기흥구,공세동,공세호수마을성원상떼레이크뷰,매매,101동,고/15,1500000000,264.94,OWNER,펜트하우스로 전망좋고 남향이며 호수뷰 좋은 명품 고급아아파트,25.07.21,"['25년이내', '복층', '대형평수', '방세개']",남동향,18716228.202611912
경기도,용인시 기흥구,공세동,공세호수마을성원상떼레이크뷰,매매,105동,9/15,920000000,264.94,OWNER,"주인거주, 기흥호수뷰, 천연대리석 고급아파트, 주위 생활권편리",25.07.15,"['25년이내', '대형평수', '방네개이상', '화장실세개']",남향,11479286.630935308
경기도,용인시 기흥구,공세동,공세호수마을성원상떼레이크뷰,매매,105동,2/15,970000000,264.94,OWNER,남향으로 전망굿 채광굿 조용하고 쾌적한 아파트,25.07.15,"['25년이내', '필로티', '대형평수', '방네개이상']",남향,12103160.904355705
경기도,용인시 기흥구,공세동,공세호수마을성원상떼레이크뷰,월세,105동,13/15,"5,000/300",264.94,NDOC1,"화이트인테리어, 4월초입주협의",25.07.15,"['25년이내', '대형평수', '방네개이상', '화장실세개']",남서향,
경기도,용인시 기흥구,공세동,공세호수마을성원상떼레이크뷰,월세,103동,중/15,"5,000/270",264.94,OWNER,"탁트인 넓은 전망,깨끗하게 잘 관리됨,기흥호수,휴게소이용 편리",25.07.18,"['25년이내', '융자금없는', '대형평수', '방네개이상']",남서향,
경기도,용인시 기흥구,공세동,공세호수마을성원상떼레이크뷰,월세,103동,8/15,"7,000/280",264.94,OWNER,"거실전체 넓게 펼쳐지는 호수뷰,주방앞기둥철거로 넓은개방감,천정확장,등교체",25.07.11,"['25년이내', '대형평수', '방세개', '화장실세개']",남서향,
경기도,용인시 기흥구,공세동,공세호수마을성원상떼레이크뷰,매매,103동,2/15,1050000000,264.94,OWNER,남향으로 전망좋고 깨끗한 고급아파트.호수뷰와 기흥호수공원 둘레길,25.07.08,"['25년이내', '필로티', '대형평수', '방네개이상']",남동향,13101359.74182834
경기도,용인시 기흥구,공세동,공세호수마을성원상떼레이크뷰,월세,104동,15/15,3억/200,264.94,DOC,"복층으로된펜트,거실에서바라보는시원한호수전망및단지바로앞둘레길,자전거도로",25.07.18,"['25년이내', '융자금없는', '복층', '대형평수']",남서향,
경기도,용인시 기흥구,공세동,공세호수마을성원상떼레이크뷰,매매,104동,15/15,1550000000,264.94,OWNER,펜트하우스로 호수뷰좋고 수리된집,25.07.02,"['25년이내', '복층', '대형평수', '탑층']",남동향,19340102.476032313
경기도,용인시 기흥구,공세동,공세호수마을성원상떼레이크뷰,전세,101동,15/15,900000000,264.94,OWNER,펜트하우스로 전망좋고 호수뷰 있는 고급아파트,25.06.27,"['25년이내', '복층', '대형평수', '탑층']",남동향,11229736.921567148
경기도,용인시 기흥구,공세동,공세호수마을성원상떼레이크뷰,월세,101동,15/15,1억/330,264.94,DOCV2,펜트하우스로 전망 및 호수뷰좋은 고급아파트 ,25.07.01,"['25년이내', '복층', '대형평수', '탑층']",남동향,
경기도,용인시 기흥구,공세동,공세호수마을성원상떼레이크뷰,매매,102동,고/15,1200000000,264.94,NDOC1,"기흥호수와동탄신도시가내려다보이는최고조망권, 동탄생활권, 세안고매매",25.06.30,"['25년이내', '화장실세개', '대형평수', '방세개']",남향,14972982.56208953
경기도,용인시 기흥구,공세동,공세호수마을성원상떼레이크뷰,매매,102동,9/15,1000000000,264.94,DOC,"호수조망권, 주인거주, 깨끗 관리, 조용 쾌적, 교통편리, 거주 굿",25.07.02,"['25년이내', '대형평수', '방네개이상', '화장실세개']",남서향,12477485.468407942
경기도,용인시 기흥구,공세동,공세호수마을성원상떼레이크뷰,매매,102동,중/15,1000000000,264.94,OWNER,호수전망 좋고 수리된 고급아파트,25.06.25,"['25년이내', '대형평수', '방세개', '화장실세개']",남동향,12477485.468407942
경기도,용인시 기흥구,공세동,공세호수마을성원상떼레이크뷰,매매,104동,저/15,1000000000,264.94,OWNER,"전망좋고 남향인 명품 고급아파트,올수리화이트.시스템에어콘7대.대리석연마",25.06.23,"['25년이내', '올수리', '대형평수', '방세개']",남동향,12477485.468407942
경기도,용인시 기흥구,공세동,공세호수마을성원상떼레이크뷰,전세,101동,중/15,650000000,264.94,OWNER,전망 및 호수뷰좋은 고급아파트 ,25.06.23,"['25년이내', '대형평수', '방세개', '화장실세개']",남서향,8110365.554465163
경기도,용인시 기흥구,공세동,공세호수마을성원상떼레이크뷰,월세,103동,8/15,"7,000/250",264.94,NONE,명품단지  공실 거실양면호수조망굿 대리석시공 코스트코 롯데아울렛등 이용편,25.07.14,"['25년이내', '대형평수', '방네개이상', '화장실두개']",남서향,
경기도,용인시 기흥구,공세동,공세호수마을성원상떼레이크뷰,매매,101동,15/15,1500000000,264.94,NONE,"기흥호수 산책하기 좋고, 귀한탑층임",25.07.01,"['25년이내', '대형평수', '탑층', '방세개']",남서향,18716228.202611912
경기도,용인시 기흥구,공세동,공세호수마을성원상떼레이크뷰,매매,107동,5/15,850000000,232.58,OWNER,"전망좋은호수뷰,시스템에어컨8대,명품럭셔리아파트,세안고매매",25.07.15,"['25년이내', '대형평수', '방네개이상', '화장실세개']",남향,12081508.513199758
경기도,용인시 기흥구,공세동,공세호수마을성원상떼레이크뷰,매매,107동,고/15,830000000,232.58,OWNER,전망좋고 호수뷰 있는 고급아파트,25.07.17,"['25년이내', '대형평수', '방세개', '화장실세개']",남서향,11797237.724653883
경기도,용인시 기흥구,공세동,공세호수마을성원상떼레이크뷰,매매,107동,13/15,790000000,232.58,OWNER,"호수조망 가능, 앞뒤 막힘없는 뷰, 주인거주 중, 입주일 조정 가능",25.07.08,"['25년이내', '대형평수', '방네개이상', '화장실세개']",남서향,11228696.14756213
경기도,용인시 기흥구,공세동,공세호수마을성원상떼레이크뷰,매매,107동,저/15,800000000,232.58,DOCV2,"전망좋고 남향인 명품 고급아파트,올수리화이트.시스템에어콘6대.대리석연마",25.07.18,"['25년이내', '올수리', '대형평수', '방세개']",남서향,11370831.541835066
경기도,용인시 기흥구,공세동,공세호수마을성원상떼레이크뷰,매매,107동,고/15,1200000000,232.58,OWNER,펜트하우스로 전망좋고 호수뷰 있는 명품아파트,25.06.26,"['25년이내', '복층', '대형평수', '방세개']",남서향,17056247.3127526
경기도,용인시 기흥구,공세동,공세호수마을성원상떼레이크뷰,매매,106동,8/15,870000000,231.95,OWNER,"시스템에어컨7대설치됨,호수뷰보임,빠른입주가능",25.07.19,"['25년이내', '대형평수', '방네개이상', '화장실세개']",남서향,12399366.027161026
경기도,용인시 기흥구,공세동,공세호수마을성원상떼레이크뷰,전세,106동,중/15,500000000,231.95,OWNER,"전망좋고 호수뷰 있는 명품아파트, ",25.07.18,"['25년이내', '대형평수', '방세개', '화장실세개']",남서향,7126072.42940289
경기도,용인시 기흥구,공세동,공세호수마을성원상떼레이크뷰,매매,106동,고/15,770000000,231.95,OWNER,명품단지  대리석시공 호수조망굿 호수둘레길직접연결 버스정류장위치 동탄역1,25.07.17,"['25년이내', '대형평수', '방세개', '화장실세개']",남서향,10974151.54128045
경기도,용인시 기흥구,공세동,공세호수마을성원상떼레이크뷰,매매,106동,중/15,810000000,231.95,DOC,전망좋고 호수뷰있는 고급아파트,25.07.19,"['25년이내', '대형평수', '방세개', '화장실세개']",남서향,11544237.335632682
경기도,용인시 기흥구,공세동,공세호수마을성원상떼레이크뷰,매매,106동,7/15,790000000,231.95,OWNER,"전망좋고 호수뷰 있는 올수리된 명품아파트, 시스템에어콘7대",25.06.26,"['25년이내', '올수리', '대형평수', '방세개']",남서향,11259194.438456565
경기도,용인시 기흥구,공세동,공세호수마을성원상떼레이크뷰,월세,106동,저/15,"5,000/250",231.95,OWNER,전망좋고 깨끗한 고급아파트,25.06.28,"['25년이내', '대형평수', '방세개', '화장실세개']",남서향,
경기도,용인시 기흥구,공세동,공세호수마을성원상떼레이크뷰,매매,106동,고/15,1100000000,231.95,OWNER,펜트하우스로 전망좋은 고급아파트,25.06.24,"['25년이내', '대형평수', '방세개', '화장실세개']",남서향,15677359.344686357
경기도,용인시 기흥구,공세동,공세호수마을성원상떼레이크뷰,매매,103동,5/15,950000000,231.89,OWNER,"하시 입주, 탁트인 호수조망, 럭셔리아파트, 시스템에어컨,관리잘된깨끗한집",25.07.21,"['25년이내', '대형평수', '방네개이상', '화장실세개']",남서향,13543040.881452413
경기도,용인시 기흥구,공세동,공세호수마을성원상떼레이크뷰,월세,103동,5/15,"5,000/280",231.89,OWNER,"즉시입주, 협의가능, 환상적인  호수조망, 보증금조율가능, 시스템에어컨",25.07.21,"['25년이내', '대형평수', '방네개이상', '화장실세개']",남서향,
경기도,용인시 기흥구,공세동,공세호수마을성원상떼레이크뷰,매매,103동,7/15,1000000000,231.89,OWNER,l 특올수리 l 호수 뷰 l 빌트인에어컨 l 입주일 협의가 l 조정 l,25.07.18,"['25년이내', '올수리', '대형평수', '방세개']",남서향,14255832.506792014
경기도,용인시 기흥구,공세동,공세호수마을성원상떼레이크뷰,매매,102동,6/15,1050000000,231.89,OWNER,올 인테리어.고품격 대리석. 기흥 호수뷰.고급아파트,25.07.15,"['25년이내', '대형평수', '방네개이상', '화장실세개']",남서향,14968624.132131618
경기도,용인시 기흥구,공세동,공세호수마을성원상떼레이크뷰,전세,103동,중/15,550000000,231.89,OWNER,명품단지 호수공원이용편리 코스트코 롯데피리미엄아울렛 이케야이용가능동탄역,25.07.17,"['25년이내', '융자금없는', '대형평수', '방네개이상']",남향,7840707.878735608
경기도,용인시 기흥구,공세동,공세호수마을성원상떼레이크뷰,매매,105동,저/15,840000000,231.89,NDOC1,"호수 뷰, 남서향,입주협의,예약 방문",25.07.17,"['25년이내', '대형평수', '방네개이상', '화장실세개']",남서향,11974899.305705294
경기도,용인시 기흥구,공세동,공세호수마을성원상떼레이크뷰,월세,103동,중/15,"5,000/250",231.89,OWNER,기흥호수 조망이 좋은 력셔리 아파트로 아침 저녁 호수 둘레길 산책 좋아요,25.07.16,"['25년이내', '융자금없는', '대형평수', '방네개이상']",남서향,
경기도,용인시 기흥구,공세동,공세호수마을성원상떼레이크뷰,매매,103동,중/15,900000000,231.89,OWNER,기흥호수 조망이 멋진 력셔리 아파트로 아침 저녁 호수 둘레길 산책하기 굿,25.07.16,"['25년이내', '대형평수', '방네개이상', '화장실세개']",남서향,12830249.256112814
경기도,용인시 기흥구,공세동,공세호수마을성원상떼레이크뷰,매매,103동,저/15,970000000,231.89,OWNER,"기훙호수 조망이 가능한 파노라마 뷰, 주인 거주중으로 깔끔 입주일 조정가",25.07.15,"['25년이내', '대형평수', '방네개이상', '화장실세개']",남서향,13828157.531588254
경기도,용인시 기흥구,공세동,공세호수마을성원상떼레이크뷰,매매,104동,11/15,870000000,231.89,NDOC1,"호수조망 최고 , 쾌적 조용 전원속 A, 선호평형, 급매, 실거주 굿",25.07.02,"['25년이내', '급매', '대형평수', '방네개이상']",남서향,12402574.280909052
경기도,용인시 기흥구,공세동,공세호수마을성원상떼레이크뷰,매매,103동,11/15,890000000,231.89,DOC,"바로 입주, 깨끗관리 사용감 小, 앞뒤 전망, 쾌적 조용, 교통굿",25.07.11,"['25년이내', '대형평수', '방네개이상', '화장실세개']",남향,12687690.931044893
경기도,용인시 기흥구,공세동,공세호수마을성원상떼레이크뷰,매매,102동,10/15,970000000,231.89,NDOC1,"주인거주, 호수전망 굿 ,공원둘레길, 교통좋고 쾌적한 귀한 아파트",25.06.28,"['25년이내', '대형평수', '방네개이상', '화장실세개']",남서향,13828157.531588254
경기도,용인시 기흥구,공세동,공세호수마을성원상떼레이크뷰,월세,103동,저/15,"5,000/240",231.89,OWNER,남향이며 전망좋은 고급아파트,25.07.03,"['25년이내', '대형평수', '방세개', '화장실세개']",남동향,
경기도,용인시 기흥구,공세동,공세호수마을성원상떼레이크뷰,월세,103동,중/15,1억/250,231.89,OWNER,전망좋고 남향인 명품 고급아파트,25.07.03,"['25년이내', '융자금없는', '대형평수', '방세개']",남향,
경기도,용인시 기흥구,공세동,공세호수마을성원상떼레이크뷰,매매,105동,저/15,900000000,231.89,DOCV2,호수뷰좋고 시스템에어콘7대 보일러교체 등 깨끗함,25.06.30,"['25년이내', '보일러교체', '대형평수', '방세개']",남서향,12830249.256112814
경기도,용인시 기흥구,공세동,공세호수마을성원상떼레이크뷰,매매,102동,고/15,980000000,231.89,OWNER, 호수 전망좋은 명품 고급아파트,25.06.23,"['25년이내', '대형평수', '방세개', '화장실세개']",남서향,13970715.856656177
경기도,용인시 기흥구,공세동,공세호수마을성원상떼레이크뷰,매매,103동,5/15,930000000,231.89,NONE,호수뷰 호수공원산책로 이마트 코스트코 엔마트 강남25 전철5분,25.07.09,"['25년이내', '대형평수', '방네개이상', '화장실세개']",남서향,13257924.231316574
경기도,용인시 기흥구,공세동,공세호수마을성원상떼레이크뷰,매매,103동,중/15,1100000000,231.89,NONE,주인거주,25.06.30,"['25년이내', '대형평수', '방네개이상', '화장실두개']",남향,15681415.757471217
경기도,용인시 기흥구,공세동,공세호수마을성원상떼레이크뷰,매매,103동,저/15,980000000,231.89,NONE,"주인거주, 앞(정원) (호수) 전망 최고, 깔끔한 깨끗, 관리잘됨,",25.06.27,"['25년이내', '마당', '대형평수', '방세개']",남향,13970715.856656177
경기도,용인시 기흥구,공세동,공세호수마을성원상떼레이크뷰,매매,102동,중/15,1100000000,231.89,NONE,"주인거주, 올수리 (2년), 호수 조망 굿, 아늑한 중간동, 깨끗 관리 ",25.06.27,"['25년이내', '올수리', '대형평수', '방네개이상']",남향,15681415.757471217
경기도,용인시 기흥구,공세동,불곡마을벽산블루밍,매매,103동,저/15,360000000,130.42,NONE,앞트임조망굿 코스트코 롯데프리미엄아울렛인접,25.06.28,"['25년이내', '방네개이상', '화장실두개', '세대당1대']",남서향,9125000.766753567
경기도,용인시 기흥구,공세동,불곡마을벽산블루밍,매매,106동,15/15,310000000,105.08,OWNER,일부수리 깨긋해요  다락방있어요 이케아 롯데아울렛 코스트코 동탄신도시인접,25.07.18,"['25년이내', '복층', '탑층', '방세개']",남서향,9752506.185763229
경기도,용인시 기흥구,공세동,불곡마을벽산블루밍,매매,102동,10/15,310000000,105.08,OWNER,"전망좋은집,올확장,붙박이장, 주인거주 집상태완전양호,빠른입주가능",25.07.18,"['25년이내', '방세개', '화장실두개', '중층']",남서향,9752506.185763229
경기도,용인시 기흥구,공세동,불곡마을벽산블루밍,매매,101동,중/15,310000000,105.08,OWNER,앞트임조망굿 깨끗해요 지하주차장지하4층연결굿 이메아 코스트코 롯데아울렛인,25.07.21,"['25년이내', '방세개', '화장실두개', '중층']",남서향,9752506.185763229
경기도,용인시 기흥구,공세동,불곡마을벽산블루밍,매매,102동,6/15,330000000,105.08,OWNER,주인부부 거주로 관리 잘된 아파트,25.07.12,"['25년이내', '방세개', '화장실두개', '중층']",남서향,10381700.133231824
경기도,용인시 기흥구,공세동,불곡마을벽산블루밍,매매,106동,중/15,300000000,105.08,OWNER,전원형아파트 코스트코 이케아 롯데아울렛  동탄신도시인접,25.07.18,"['25년이내', '방세개', '화장실두개', '중층']",남서향,9437909.212028932
경기도,용인시 기흥구,공세동,불곡마을벽산블루밍,매매,106동,중/15,310000000,105.08,OWNER,부분수리 깨끗해요 싱크대 안방붙박이장 보조주방등 전원형아파트,25.07.10,"['25년이내', '방세개', '화장실두개', '중층']",남서향,9752506.185763229
경기도,용인시 기흥구,공세동,불곡마을벽산블루밍,매매,102동,저/15,285000000,105.08,OWNER,앞트임조망굿 피로티높아요 깨긋해요 10월말입주가능 날자조정가 전원형아파트,25.07.08,"['25년이내', '방세개', '화장실두개', '세대당1대']",남서향,8966013.751427485
경기도,용인시 기흥구,공세동,불곡마을벽산블루밍,매매,102동,고/15,320000000,105.08,OWNER,최근올수리 급매물 앞트임조망굿 싱크대  화장실등  지하4층까지주차장연결,25.07.05,"['25년이내', '올수리', '급매', '방세개']",남서향,10067103.159497526
경기도,용인시 기흥구,공세동,불곡마을벽산블루밍,매매,106동,중/15,300000000,105.08,OWNER,전원형아파트 코스트코 이케아 롯데아울렛 동탄신도시인접,25.06.27,"['25년이내', '방세개', '화장실두개', '중층']",남서향,9437909.212028932
경기도,용인시 기흥구,공세동,불곡마을벽산블루밍,매매,106동,중/15,350000000,105.08,NONE,최근전체올수리굿  롯데프리미엄아울렛 이케아 코스트코 동탄신도시인접,25.07.18,"['25년이내', '올수리', '방세개', '화장실두개']",남서향,11010894.08070042
경기도,용인시 기흥구,공세동,불곡마을벽산블루밍,매매,106동,저/15,300000000,105.08,NONE, 코스트코 롯데프리미엄아울렛인접 정상입주,25.07.18,"['25년이내', '방세개', '화장실두개', '세대당1대']",남서향,9437909.212028932
경기도,용인시 기흥구,공세동,불곡마을벽산블루밍,매매,101동,중/15,310000000,105.08,NONE, 앞트임조망굿 깨끗해요 정상입주 지하주차장지하4층까지연결,25.07.10,"['25년이내', '방세개', '화장실두개', '중층']",남서향,9752506.185763229
경기도,용인시 기흥구,공세동,불곡마을벽산블루밍,매매,102동,15/15,320000000,105.08,NONE,앞트임조망굿 다락방있어요 롯데아울렛 이케아 코스트코 동탄신도시인접,25.07.10,"['25년이내', '탑층', '방세개', '화장실두개']",남서향,10067103.159497526
경기도,용인시 기흥구,공세동,불곡마을벽산블루밍,매매,102동,중/15,310000000,105.08,NONE,로얄동 로얄층앞트임조망굿 지하주차장굿 롯데아울렛 코스트코인접,25.07.10,"['25년이내', '방세개', '화장실두개', '중층']",남서향,9752506.185763229
경기도,용인시 기흥구,공세동,불곡마을벽산블루밍,매매,104동,중/15,270000000,90.7,OWNER,전원형아파트 이케아 코스트코 롯데아울렛 동탄신도시인접 정상입주,25.07.21,"['25년이내', '방세개', '화장실두개', '중층']",남동향,9840815.32524807
경기도,용인시 기흥구,공세동,불곡마을벽산블루밍,매매,104동,고/15,280000000,90.7,OWNER,남향 깨끗해요 지하주차장지하4층연결 코스트코 이케아 롯데아울렛 동탄인접,25.07.21,"['25년이내', '방세개', '화장실두개', '고층']",남동향,10205289.966923924
경기도,용인시 기흥구,공세동,불곡마을벽산블루밍,매매,105동,중/15,280000000,90.7,OWNER,앞트임조망굿 로얄동 로얄층 거실폴딩도어 코스트코 이케아 롯데아울렛인접,25.07.18,"['25년이내', '방세개', '화장실두개', '중층']",남동향,10205289.966923924
경기도,용인시 기흥구,공세동,불곡마을벽산블루밍,매매,105동,중/15,270000000,90.7,OWNER,남향 앞트임조망굿 일부수리 깨긋해요 이케아 코스트코 롯데아울렛 동탄인접,25.07.18,"['25년이내', '방세개', '화장실두개', '중층']",남동향,9840815.32524807
경기도,용인시 기흥구,공세동,불곡마을벽산블루밍,매매,104동,고/15,270000000,90.7,OWNER,지하주차장지하3층굿 전원형아파트 이케아 롯데아울렛 코스트코 동탄인접,25.07.18,"['25년이내', '방세개', '화장실두개', '고층']",남동향,9840815.32524807
경기도,용인시 기흥구,공세동,불곡마을벽산블루밍,매매,105동,2/15,280000000,90.7,OWNER,"수리해서깨끗한집,입주일협의,주인거주",25.07.10,"['25년이내', '방세개', '화장실두개', '세대당1대']",남동향,10205289.966923924
경기도,용인시 기흥구,공세동,불곡마을벽산블루밍,매매,105동,5/15,270000000,90.7,OWNER,"올수리, 전세26년 2월 만기 안고 매매",25.06.30,"['25년이내', '올수리', '방세개', '화장실두개']",남동향,9840815.32524807
경기도,용인시 기흥구,공세동,불곡마을벽산블루밍,매매,105동,중/15,250000000,90.7,OWNER,,25.06.30,"['25년이내', '방세개', '화장실두개', '중층']",남동향,9111866.041896362
경기도,용인시 기흥구,공세동,불곡마을벽산블루밍,매매,105동,고/15,290000000,90.7,NONE,올수리굿 앞조망최고굿 지하주차장굿 이케아 롯데아울렛 코스트코 동탄인접,25.07.18,"['25년이내', '올수리', '방세개', '화장실두개']",남향,10569764.608599778
경기도,용인시 기흥구,공세동,불곡마을벽산블루밍,매매,105동,중/15,280000000,90.7,NONE,"로얄동 남향 앞트임조망굿 
",25.07.10,"['25년이내', '방세개', '화장실두개', '중층']",남동향,10205289.966923924
경기도,용인시 기흥구,공세동,불곡마을벽산블루밍,매매,104동,저/15,285000000,90.7,NONE,남향  올수리굿 코스트코 롯데아울렛 이케아인접,25.07.10,"['25년이내', '올수리', '방세개', '화장실두개']",남동향,10387527.287761852
경기도,용인시 기흥구,공세동,불곡마을벽산블루밍,매매,105동,중/15,270000000,90.7,NONE,주인거주 가격절충,25.06.30,"['25년이내', '방세개', '화장실두개', '중층']",남향,9840815.32524807
경기도,용인시 기흥구,공세동,불곡마을벽산블루밍,매매,105동,중/15,270000000,90.7,NONE,앞트임조망굿 코스트코 롯데프리미엄아울렛 이케아인접,25.06.28,"['25년이내', '방세개', '화장실두개', '중층']",남동향,9840815.32524807
경기도,용인시 기흥구,공세동,불곡마을벽산블루밍,매매,104동,고/15,270000000,90.7,NONE,지하주차장(지하3층)굿 전원형아파트 이케아 코스트코 롯데아울렛 동탄인접,25.06.28,"['25년이내', '방세개', '화장실두개', '고층']",남향,9840815.32524807
경기도,용인시 기흥구,공세동,불곡마을벽산블루밍,매매,105동,저/15,270000000,90.7,NONE,남향  앞트임조망굿 이케아 롯데아울렛 코스트코인접,25.06.28,"['25년이내', '방세개', '화장실두개', '세대당1대']",남향,9840815.32524807
경기도,용인시 기흥구,공세동,탑실마을대주피오레1단지,매매,105동,2/24,600000000,179.72,OWNER,"입구동,채광좋은남향집,상태완전양호,즉시입주가능,금액조정가능",25.07.15,"['25년이내', '대형평수', '방세개', '화장실두개']",남향,11036451.146227466
경기도,용인시 기흥구,공세동,탑실마을대주피오레1단지,매매,102동,17/25,570000000,179.72,NDOC1,급매 출입편리한동 로얄층 하시입주 날짜협의가 앞전망굿,25.07.15,"['25년이내', '급매', '대형평수', '방네개이상']",남향,10484628.588916093
경기도,용인시 기흥구,공세동,탑실마을대주피오레1단지,매매,105동,중/24,630000000,179.72,OWNER,"주인세대로 정상 입주이며, 집 깨끗 , 쾌적한 조경, 조용한 동",25.07.19,"['25년이내', '대형평수', '방세개', '화장실두개']",남향,11588273.703538839
경기도,용인시 기흥구,공세동,탑실마을대주피오레1단지,전세,105동,중/24,400000000,179.72,OWNER,"선호동, 조용, 전망채광좋음, 코스트코, 대중교통이용 편리, 주차편리",25.07.18,"['25년이내', '대형평수', '방세개', '화장실두개']",남향,7357634.097484977
경기도,용인시 기흥구,공세동,탑실마을대주피오레1단지,매매,105동,중/24,600000000,179.72,OWNER,"전세안고,전체바닥,전등등 인테리어 됨, 깨끗하게 관리 잘 되어 있음",25.07.18,"['25년이내', '대형평수', '방세개', '화장실두개']",남향,11036451.146227466
경기도,용인시 기흥구,공세동,탑실마을대주피오레1단지,매매,105동,중/24,570000000,179.72,OWNER,남향 명품단지 통풍잘되고 볕잘드는집 코스트코이용도보3분 광역 일반버스단지,25.07.17,"['25년이내', '대형평수', '방세개', '화장실두개']",남향,10484628.588916093
경기도,용인시 기흥구,공세동,탑실마을대주피오레1단지,전세,102동,17/25,450000000,179.72,OWNER,기흥호수조망.버스정류장이용 편리함,25.07.11,"['25년이내', '대형평수', '방세개', '화장실두개']",남향,8277338.359670599
경기도,용인시 기흥구,공세동,탑실마을대주피오레1단지,매매,103동,8/25,580000000,179.72,OWNER,"추천,거실바닥수리,LED조명,집상태굿,동간거리넓은남향집",25.07.09,"['25년이내', '화장실두개', '대형평수', '방세개']",남향,10668569.441353217
경기도,용인시 기흥구,공세동,탑실마을대주피오레1단지,매매,102동,중/25,570000000,179.72,OWNER,"입구동이라 진출입 편리동, 판상형 정남향집",25.07.15,"['25년이내', '대형평수', '방세개', '화장실두개']",남향,10484628.588916093
경기도,용인시 기흥구,공세동,탑실마을대주피오레1단지,매매,105동,1/24,545000000,179.72,OWNER,"필로티층,동간거리넓고쾌적,입주일협의",25.07.08,"['25년이내', '1층', '화장실두개', '대형평수']",남향,10024776.457823282
경기도,용인시 기흥구,공세동,탑실마을대주피오레1단지,매매,105동,6/24,580000000,179.72,OWNER,"단지조경뷰, 선호하는동, 조용, 코스트코 대중교통이용 편리",25.07.07,"['25년이내', '대형평수', '방세개', '화장실두개']",남향,10668569.441353217
경기도,용인시 기흥구,공세동,탑실마을대주피오레1단지,전세,103동,16/25,400000000,179.72,DOC,"깨끗하게잘관리되어진매물,조용하고쾌적하며,코스트코앞,대중교통이용편리",25.07.16,"['25년이내', '융자금없는', '대형평수', '방네개이상']",남향,7357634.097484977
경기도,용인시 기흥구,공세동,탑실마을대주피오레1단지,전세,105동,중/24,400000000,179.72,OWNER,"귀한 전세매물, 남향집에 해잘들고 인기동",25.07.12,"['25년이내', '대형평수', '방세개', '화장실두개']",남향,7357634.097484977
경기도,용인시 기흥구,공세동,탑실마을대주피오레1단지,매매,102동,중/25,660000000,179.72,OWNER,입구동이라 정문에서 가깝고 정남향에 집깨끗하고 밝고 좋음,25.07.11,"['25년이내', '대형평수', '방세개', '화장실두개']",남향,12140096.260850212
경기도,용인시 기흥구,공세동,탑실마을대주피오레1단지,월세,103동,18/25,2억/150,179.72,OWNER,"주인거주, 탁트인 전망, 채광좋음, 생활권,교통,주차 편리",25.07.05,"['25년이내', '대형평수', '방세개', '화장실두개']",남향,
경기도,용인시 기흥구,공세동,탑실마을대주피오레1단지,매매,105동,고/24,600000000,179.72,DOC,"선호도높은로얄동,조용하고쾌적하며,코스트코바로앞,대중교통이용편리",25.07.18,"['25년이내', '대형평수', '방네개이상', '화장실두개']",남향,11036451.146227466
경기도,용인시 기흥구,공세동,탑실마을대주피오레1단지,매매,102동,1/25,560000000,179.72,OWNER,"필로티층,정원조망,아이들 키우기 좋은 남향 사생활도 보호됨",25.07.01,"['25년이내', '마당', '1층', '대형평수']",남향,10300687.736478968
경기도,용인시 기흥구,공세동,탑실마을대주피오레1단지,월세,103동,고/25,"5,000/190",179.72,OWNER,"1년월세사실분 환영, 고층뷰, 교통생활권 편리, 주차편리",25.07.03,"['25년이내', '대형평수', '방세개', '화장실두개']",남향,
경기도,용인시 기흥구,공세동,탑실마을대주피오레1단지,전세,102동,저/25,450000000,179.72,OWNER,"정상입주로 집깨끗하며, 부분인테리어 되어있고, 주인세대로 관리 잘된집",25.07.02,"['25년이내', '대형평수', '방세개', '화장실두개']",남향,8277338.359670599
경기도,용인시 기흥구,공세동,탑실마을대주피오레1단지,매매,105동,2/24,600000000,179.72,OWNER,"코스트코,기흥호수 , 남향이라 채광좋고 아늑한집",25.06.26,"['25년이내', '대형평수', '방세개', '화장실두개']",남향,11036451.146227466
경기도,용인시 기흥구,공세동,탑실마을대주피오레1단지,매매,105동,고/24,600000000,179.72,OWNER,"정상입주로 집깨끗하며, 주인세대로 관리 잘된집",25.06.28,"['25년이내', '대형평수', '방세개', '화장실두개']",남향,11036451.146227466
경기도,용인시 기흥구,공세동,탑실마을대주피오레1단지,매매,102동,저/25,650000000,179.72,OWNER,"정상입주로 집깨끗하며, 부분인테리어 되어있고, 주인세대로 관리 잘된집",25.06.28,"['25년이내', '대형평수', '방세개', '화장실두개']",남향,11956155.408413088
경기도,용인시 기흥구,공세동,탑실마을대주피오레1단지,매매,105동,저/24,700000000,179.72,NDOC1,"코스트코앞 대중교통 이용편리, 중문, 거실 일부수리로 깨끗",25.06.24,"['25년이내', '대형평수', '방세개', '화장실두개']",남향,12875859.67059871
경기도,용인시 기흥구,공세동,탑실마을대주피오레1단지,전세,105동,21/24,450000000,179.72,DOC,"빠른입주,주인거주관리 옵션0, 탁 트인 전망, 쾌적 조용, 실주거 굿",25.06.23,"['25년이내', '대형평수', '방세개', '화장실두개']",남향,8277338.359670599
경기도,용인시 기흥구,공세동,탑실마을대주피오레1단지,전세,105동,중/24,400000000,179.72,NONE,"조용한동에 집깨끗,동간거리넓고 서울강남,광화문버스있음",25.07.19,"['25년이내', '대형평수', '방네개이상', '화장실두개']",남향,7357634.097484977
경기도,용인시 기흥구,공세동,탑실마을대주피오레1단지,매매,105동,중/24,590000000,179.72,NONE,"조용한동에 집깨끗,동간거리넓고 서울강남,광화문버스있음",25.07.19,"['25년이내', '대형평수', '방네개이상', '화장실두개']",남향,10852510.29379034
경기도,용인시 기흥구,공세동,탑실마을대주피오레1단지,매매,105동,중/24,570000000,179.72,NONE,"집깨끗,조용한동",25.07.03,"['25년이내', '대형평수', '방네개이상', '화장실두개']",남향,10484628.588916093
경기도,용인시 기흥구,공세동,탑실마을대주피오레1단지,전세,105동,중/24,400000000,179.72,NONE,조용한 동에 집깨끗하고 입주날짜 협의.,25.06.25,"['25년이내', '대형평수', '방네개이상', '화장실두개']",남향,7357634.097484977
경기도,용인시 기흥구,공세동,탑실마을대주피오레1단지,월세,107동,고/25,"8,000/150",161.67,OWNER,"정상입주로 집깨끗, 입구동으로 진출입 편리동",25.07.18,"['25년이내', '대형평수', '방네개이상', '화장실두개']",남동향,
경기도,용인시 기흥구,공세동,탑실마을대주피오레1단지,전세,104동,21/25,600000000,161.67,NDOC1,"귀한탑층전세,외부테라스,협의입주,조정가",25.07.05,"['25년이내', '테라스', '대형평수', '방네개이상']",남동향,12268639.821859345
경기도,용인시 기흥구,공세동,탑실마을대주피오레1단지,매매,107동,저/25,620000000,161.67,OWNER,입구동이라 정문에서 가깝고 버스이용하기 편리동,25.07.10,"['25년이내', '대형평수', '방네개이상', '화장실두개']",남서향,12677594.48258799
경기도,용인시 기흥구,공세동,탑실마을대주피오레1단지,매매,107동,저/25,580000000,161.67,NDOC1,"올수리되어깔끔하고예쁜집,대중교통이용편리,코스트코인접,빠른입주가능",25.07.08,"['25년이내', '올수리', '대형평수', '방네개이상']",남동향,11859685.1611307
경기도,용인시 기흥구,공세동,탑실마을대주피오레1단지,전세,104동,17/25,380000000,161.67,OWNER,기흥호수 조망되는 전망좋고 깨끗하게 잘 관리됨,25.07.01,"['25년이내', '융자금없는', '대형평수', '방네개이상']",남향,7770138.553844253
경기도,용인시 기흥구,공세동,탑실마을대주피오레1단지,매매,101동,1/21,500000000,160.78,NDOC1,"바로 입주, 수리 깔끔, 층간소음 걱정NO,교통.코스트코.진출입 용이",25.07.21,"['25년이내', '1층', '대형평수', '방네개이상']",남향,10280460.878218684
경기도,용인시 기흥구,공세동,탑실마을대주피오레1단지,매매,101동,6/21,610000000,160.78,OWNER,"최근 리모델링 주인거주로 관리최상, 코스트코 가장 가까운동",25.07.19,"['25년이내', '대형평수', '방네개이상', '화장실두개']",남향,12542162.271426795
경기도,용인시 기흥구,공세동,탑실마을대주피오레1단지,매매,106동,고/25,550000000,160.78,NDOC1,"판상형구조,조용하며,강남분당으로의대중교통편리,코스트코인접하여쇼핑편리",25.07.18,"['25년이내', '대형평수', '방네개이상', '화장실두개']",남향,11308506.966040552
경기도,용인시 기흥구,공세동,탑실마을대주피오레1단지,매매,101동,중/21,600000000,160.78,OWNER,"정상입주,해잘드는 남향집에 입구동이랑 생활편의 이용편리동",25.07.18,"['25년이내', '대형평수', '방네개이상', '화장실두개']",남향,12336553.05386242
경기도,용인시 기흥구,공세동,탑실마을대주피오레1단지,전세,106동,고/25,400000000,160.78,OWNER,"정남향 조용한동 입주날짜협의,서울강남,광화문 광역버스있음",25.07.17,"['25년이내', '대형평수', '방네개이상', '화장실두개']",남향,8224368.702574947
경기도,용인시 기흥구,공세동,탑실마을대주피오레1단지,매매,101동,저/21,650000000,160.78,NDOC1,"조망좋고햇살잘드는집, 주변인프라최고, 상태좋음, 입주협의가",25.07.17,"['25년이내', '화장실두개', '대형평수', '방네개이상']",남향,13364599.14168429
경기도,용인시 기흥구,공세동,탑실마을대주피오레1단지,월세,106동,저/25,"5,000/160",160.78,OWNER,넓은 동간거리로 정원조망의  잘 관리됨.코스트코등 상가 이용편리,25.07.15,"['25년이내', '마당', '대형평수', '방네개이상']",남향,
경기도,용인시 기흥구,공세동,탑실마을대주피오레1단지,월세,106동,고/25,"8,000/150",160.78,OWNER,"정남향 조용한동 입주날짜협의,서울강남,광화문 광역버스있음",25.07.11,"['25년이내', '대형평수', '방네개이상', '화장실두개']",남향,
경기도,용인시 기흥구,공세동,탑실마을대주피오레1단지,매매,106동,3/25,550000000,160.78,OWNER,"넓은 동간 거리로 트인 숲조망,정원조망되는 잘 관리된 집",25.07.05,"['25년이내', '마당', '대형평수', '방네개이상']",남향,11308506.966040552
경기도,용인시 기흥구,공세동,탑실마을대주피오레1단지,매매,106동,24/25,590000000,160.78,OWNER,"정상입주로 집깨끗하며, 조용한동으로 남향집",25.06.28,"['25년이내', '대형평수', '방네개이상', '화장실두개']",남향,12130943.836298048
경기도,용인시 기흥구,공세동,탑실마을대주피오레1단지,월세,106동,고/25,"8,000/150",160.78,NONE,조용한 동으로 집 깨끗,25.07.01,"['25년이내', '대형평수', '방네개이상', '화장실두개']",남향,
경기도,용인시 기흥구,공세동,탑실마을대주피오레1단지,월세,106동,중/25,"8,000/150",160.78,NONE,집깨끗하고 빠른입주가능합니다.,25.07.01,"['25년이내', '대형평수', '방네개이상', '화장실두개']",남향,
경기도,용인시 기흥구,공세동,탑실마을대주피오레1단지,매매,101동,중/21,600000000,160.78,NONE,"인테리어 되어 있으며, 입구동이라 진출입이 편리함",25.07.01,"['25년이내', '대형평수', '방네개이상', '화장실두개']",남향,12336553.05386242
경기도,용인시 기흥구,공세동,탑실마을대주피오레1단지,매매,101동,중/21,630000000,160.78,NONE,"광역버스 2대,입구동이라 정류장 까지 3분거리",25.07.01,"['25년이내', '대형평수', '방네개이상', '화장실두개']",남향,12953380.706555542
경기도,용인시 기흥구,공세동,탑실마을대주피오레1단지,매매,107동,15/25,575000000,160.15,NDOC1,"즉시 입주, 조경 및 동간 넓은 쾌적한 단지. 호수조망, 마트, 조용",25.07.21,"['25년이내', '대형평수', '방네개이상', '화장실두개']",남서향,11869037.620980332
경기도,용인시 기흥구,공세동,탑실마을대주피오레1단지,매매,107동,저/25,580000000,160.15,OWNER,"인테리어굿,정상입주,정남향, 입구동으로 정문에서 진출입 편리동",25.07.18,"['25년이내', '대형평수', '방네개이상', '화장실두개']",남향,11972246.643771466
경기도,용인시 기흥구,공세동,탑실마을대주피오레1단지,매매,107동,23/25,650000000,160.15,OWNER,광역버스정류장 코스트코 이케아 롯데아울렛  동탄 수원 용인 중심지,25.07.12,"['25년이내', '대형평수', '방네개이상', '화장실두개']",남향,13417172.962847332
경기도,용인시 기흥구,공세동,탑실마을대주피오레1단지,매매,107동,22/25,600000000,160.15,NDOC1,"세안고,선호도높은로얄동,강남등으로이동편리,시원한전망,도로접근성좋음",25.07.11,"['25년이내', '대형평수', '방네개이상', '화장실두개']",남향,12385082.734935999
경기도,용인시 기흥구,공세동,탑실마을대주피오레1단지,매매,107동,고/25,880000000,160.15,NDOC1,"탑층의복층이며,입주일협의,전망좋고,조용하며,코스트코인접하여편리",25.07.08,"['25년이내', '복층', '대형평수', '방네개이상']",남향,18164788.01123946
경기도,용인시 기흥구,공세동,탑실마을대주피오레1단지,매매,107동,저/25,630000000,160.15,OWNER,"정상입주로 집깨끗하며, 주인세대로 관리 잘된집",25.06.26,"['25년이내', '대형평수', '방네개이상', '화장실두개']",남향,13004336.871682797
경기도,용인시 기흥구,공세동,탑실마을대주피오레1단지,매매,104동,중/25,560000000,160.15,DOC,"즉시입주,전망좋고,조용하며,강남분당으로의대중교통편리,코스트코인접편리",25.06.28,"['25년이내', '대형평수', '방네개이상', '화장실두개']",남향,11559410.552606931
경기도,용인시 기흥구,공세동,탑실마을대주피오레1단지,매매,107동,중/25,650000000,160.15,DOC,뷰좋고 주인거주로 너무 깨끗,25.06.27,"['25년이내', '대형평수', '방네개이상', '화장실두개']",남향,13417172.962847332
경기도,용인시 기흥구,공세동,탑실마을대주피오레1단지,매매,104동,중/25,560000000,160.15,NONE,"날짜협의, 집깨끗,바로입주가능",25.07.01,"['25년이내', '대형평수', '방네개이상', '화장실두개']",남향,11559410.552606931
경기도,용인시 기흥구,공세동,탑실마을대주피오레1단지,매매,108동,19/19,720000000,128.33,OWNER,"귀한 탑층,복층, 정남향 , 뷰최고, 채광최고, 시스템에어컨설치",25.07.19,"['25년이내', '복층', '탑층', '방세개']",남향,18547223.56424842
경기도,용인시 기흥구,공세동,탑실마을대주피오레1단지,매매,108동,13/19,500000000,128.33,OWNER,"빠른입주가능, 주인거주, 주방부분인테리어, 탁트인 조망, 밝고깨끗한집",25.07.18,"['25년이내', '방세개', '화장실두개', '고층']",남향,12880016.364061404
경기도,용인시 기흥구,공세동,탑실마을대주피오레1단지,전세,109동,18/22,360000000,128.33,OWNER,"깨끗하게 잘 관리됨,탁트인 최고의 조망,코스트코이용 편리",25.07.16,"['25년이내', '융자금적은', '방세개', '화장실두개']",남향,9273611.78212421
경기도,용인시 기흥구,공세동,탑실마을대주피오레1단지,매매,109동,고/22,500000000,128.33,OWNER,"세안고 매매로 전망좋고, 동탄이 훤히 보이는 뷰",25.07.19,"['25년이내', '방세개', '화장실두개', '고층']",남향,12880016.364061404
경기도,용인시 기흥구,공세동,탑실마을대주피오레1단지,매매,109동,20/22,550000000,128.33,OWNER,"주인거주로 정상입주이며, 집깨끗, 전망좋음",25.07.12,"['25년이내', '방세개', '화장실두개', '고층']",남향,14168018.000467546
경기도,용인시 기흥구,공세동,탑실마을대주피오레1단지,매매,109동,11/22,500000000,128.33,OWNER,막힘없는 로얄 층.깨끗함.코스트코 이용.교통편리.,25.07.11,"['25년이내', '방세개', '화장실두개', '중층']",남향,12880016.364061404
경기도,용인시 기흥구,공세동,탑실마을대주피오레1단지,매매,109동,1/22,470000000,128.33,OWNER,"부분인테리어 되어있고, 1층으로 아이들이 맘껏 뛸 수 있음",25.07.10,"['25년이내', '1층', '방세개', '화장실두개']",남향,12107215.38221772
경기도,용인시 기흥구,공세동,탑실마을대주피오레1단지,매매,108동,고/19,495000000,128.33,OWNER,"확트인전망, 코스트코 바로앞, 교통,생활권 편리, 광역버스",25.07.17,"['25년이내', '방세개', '화장실두개', '고층']",남향,12751216.20042079
경기도,용인시 기흥구,공세동,탑실마을대주피오레1단지,매매,108동,15/19,485000000,128.33,OWNER,"입구동,선호타입,막힘없이전망채광좋은남향집,주인거주,즉시입주가능",25.07.09,"['25년이내', '방세개', '화장실두개', '고층']",남향,12493615.873139562
경기도,용인시 기흥구,공세동,탑실마을대주피오레1단지,매매,109동,16/22,500000000,128.33,OWNER,"탁트인 전망이 좋은  남향, 초등학교,상가이용, 편리함",25.07.08,"['25년이내', '방세개', '화장실두개', '고층']",남향,12880016.364061404
경기도,용인시 기흥구,공세동,탑실마을대주피오레1단지,매매,109동,중/22,500000000,128.33,OWNER,"정상입주,집깨끗,남향,전망좋음",25.07.10,"['25년이내', '방세개', '화장실두개', '중층']",남향,12880016.364061404
경기도,용인시 기흥구,공세동,탑실마을대주피오레1단지,전세,109동,고/22,350000000,128.33,NDOC1,"전면동, 집상태 양호, 일조량 전만 좋아요.",25.07.09,"['25년이내', '방세개', '화장실두개', '고층']",남동향,9016011.454842983
경기도,용인시 기흥구,공세동,탑실마을대주피오레1단지,월세,108동,고/19,"5,000/150",128.33,DOC,,25.07.15,"['25년이내', '방세개', '화장실두개', '고층']",남향,
경기도,용인시 기흥구,공세동,탑실마을대주피오레1단지,매매,108동,저/19,470000000,128.33,NDOC1,"세안고매물,깔끔한인테리어,강남분당 등으로이동편리,도로접근성좋음",25.07.03,"['25년이내', '방세개', '화장실두개', '세대당 1.5대이상']",남향,12107215.38221772
경기도,용인시 기흥구,공세동,탑실마을대주피오레1단지,매매,109동,중/22,550000000,128.33,OWNER,"정상입주,집깨끗,남향,전망좋음",25.07.02,"['25년이내', '방세개', '화장실두개', '중층']",남향,14168018.000467546
경기도,용인시 기흥구,공세동,탑실마을대주피오레1단지,매매,109동,19/22,510000000,128.33,OWNER,"인테리어 되어 있는 탁트인 최고의 조망,주인거주의 깨끗한 집",25.06.26,"['25년이내', '방세개', '화장실두개', '고층']",남향,13137616.691342631
경기도,용인시 기흥구,공세동,탑실마을대주피오레1단지,매매,109동,9/22,500000000,128.33,NDOC1,"전세안고, 로얄동.층, 동간 넓고 쾌적, 조경 굿, 실거주최고,",25.06.23,"['25년이내', '방세개', '화장실두개', '중층']",남향,12880016.364061404
경기도,용인시 기흥구,공세동,탑실마을대주피오레1단지,매매,109동,고/22,750000000,128.33,OWNER,"복층 매물로 테라스 있고, 동탄뷰가 시원히 잘 보이며, 집깨끗",25.06.28,"['25년이내', '테라스', '복층', '방세개']",남향,19320024.546092104
경기도,용인시 기흥구,공세동,탑실마을대주피오레1단지,매매,109동,중/22,480000000,128.33,NDOC1,"세안고매물,깔끔한인테리어,강남분당 등으로이동편리,도로접근성좋음",25.06.24,"['25년이내', '방세개', '화장실두개', '중층']",남향,12364815.709498947
경기도,용인시 기흥구,공세동,탑실마을대주피오레1단지,매매,109동,고/22,520000000,128.33,NONE,"주인거주, 빠른 입주,전망및 관리 굿, 남향, 동간넓고 쾌적",25.06.27,"['25년이내', '방세개', '화장실두개', '고층']",남향,13395217.018623859
경기도,용인시 기흥구,공세동,탑실마을대주피오레1단지,매매,109동,중/22,500000000,128.33,NONE,"전세안고, 깨끗 동간넓고 쾌적, 진출입용이, 중간층, 귀한평형,",25.06.27,"['25년이내', '방세개', '화장실두개', '중층']",남향,12880016.364061404
경기도,용인시 기흥구,공세동,탑실마을대주피오레1단지,매매,108동,고/19,485000000,128.33,NONE,"빠른입주, 주인거주, 깨끗 관리, 급매, 쾌적. 조용, 동간 넓고 조경굿",25.06.27,"['25년이내', '급매', '방세개', '화장실두개']",남향,12493615.873139562
경기도,용인시 기흥구,공세동,탑실마을대주피오레1단지,매매,108동,1/19,470000000,128.33,NONE,아이들이 맘껏 뛸 수 있는 1층에 해잘드는 집,25.06.25,"['25년이내', '1층', '방세개', '화장실두개']",남향,12107215.38221772
경기도,용인시 기흥구,공세동,탑실마을대주피오레1단지,매매,109동,고/22,510000000,128.33,NONE,"주인거주, 깨끗 관리, 쾌적. 동간 넓고 단지조경굿. 놀이터,실거주 최고",25.06.23,"['25년이내', '방세개', '화장실두개', '고층']",남향,13137616.691342631
경기도,용인시 기흥구,공세동,탑실마을대주피오레2단지,전세,202동,24/25,800000000,262.83,DOCV2,"팬트하우스의 삶을 경험해보세요.귀한 전세,주인거주,최고의 조망",25.07.16,"['25년이내', '대단지', '대형평수', '방세개']",남서향,10062123.806262605
경기도,용인시 기흥구,공세동,탑실마을대주피오레2단지,매매,215동,15/18,1400000000,262.83,OWNER,최고의 인테리어를 갖춘 팬트하우스입니다,25.07.05,"['25년이내', '대단지', '대형평수', '방세개']",남동향,17608716.660959557
경기도,용인시 기흥구,공세동,탑실마을대주피오레2단지,매매,208동,23/25,1350000000,258.19,OWNER,"추천급매,펜트하우스,로얄동,복층,잔망좋은집",25.07.17,"['25년이내', '대단지', '복층', '급매']",남향,17284982.958286535
경기도,용인시 기흥구,공세동,탑실마을대주피오레2단지,매매,203동,10/25,710000000,217.35,OWNER,"주인거주, 조용하고 탁트인 산조망, 전망채광 좋음, 주차편리",25.07.19,"['25년이내', '대단지', '대형평수', '방네개이상']",남서향,10798745.571658617
경기도,용인시 기흥구,공세동,탑실마을대주피오레2단지,월세,206동,12/25,2억/120,217.35,OWNER,"2세대 거주 가능,넓은 동간거리,협의입주가능",25.07.19,"['25년이내', '융자금없는', '대단지', '대형평수']",남서향,
경기도,용인시 기흥구,공세동,탑실마을대주피오레2단지,매매,205동,10/25,650000000,217.35,OWNER,"세안고매매, 방4,욕실3, 숲조망, 전망채광 좋음, 조용한 집",25.07.18,"['25년이내', '대단지', '대형평수', '방네개이상']",남서향,9886175.523349436
경기도,용인시 기흥구,공세동,탑실마을대주피오레2단지,월세,205동,3/25,1억/200,217.35,OWNER,"빠른입주, 방4,욕실3, 조용, 단지정원뷰 예쁨, 숲세권",25.07.18,"['25년이내', '대단지', '대형평수', '방네개이상']",남서향,
경기도,용인시 기흥구,공세동,탑실마을대주피오레2단지,전세,206동,16/25,420000000,217.35,OWNER,"현공실,조용하고 트인 숲조망,등산로 단지 산책로등 넓은 정원 조경.",25.07.18,"['25년이내', '융자금없는', '마당', '대단지']",남서향,6387990.338164252
경기도,용인시 기흥구,공세동,탑실마을대주피오레2단지,매매,206동,22/25,600000000,217.35,OWNER,"추천, 고층숲뷰, 빠른입주가능, 조용, 전망,채광 좋은집",25.07.17,"['25년이내', '대단지', '대형평수', '방네개이상']",남서향,9125700.483091788
경기도,용인시 기흥구,공세동,탑실마을대주피오레2단지,매매,206동,16/25,650000000,217.35,OWNER,"동간거리 넓고 숲 조망 좋은 께끗하게 잘 관리된 집,",25.07.15,"['25년이내', '대단지', '대형평수', '방네개이상']",남서향,9886175.523349436
경기도,용인시 기흥구,공세동,탑실마을대주피오레2단지,매매,205동,21/25,720000000,217.35,OWNER,"최고뷰, 바로입주가능",25.07.15,"['25년이내', '대단지', '대형평수', '방네개이상']",남향,10950840.579710146
경기도,용인시 기흥구,공세동,탑실마을대주피오레2단지,매매,205동,24/25,800000000,217.35,OWNER,집상태 양호. 탁트인 뷰,25.07.15,"['25년이내', '대단지', '대형평수', '방네개이상']",남서향,12167600.644122384
경기도,용인시 기흥구,공세동,탑실마을대주피오레2단지,매매,206동,23/25,700000000,217.35,NDOC1,"시원한 뷰, 일부수리,주인거주로 아주깨끗",25.07.11,"['25년이내', '대단지', '대형평수', '방네개이상']",남서향,10646650.563607085
경기도,용인시 기흥구,공세동,탑실마을대주피오레2단지,매매,206동,중/25,650000000,217.35,NDOC1,"협의입주,깨끗하게 관리질된집,여유있는주차,넓은동간거리",25.07.16,"['25년이내', '대단지', '대형평수', '방네개이상']",남향,9886175.523349436
경기도,용인시 기흥구,공세동,탑실마을대주피오레2단지,전세,205동,저/25,400000000,217.35,OWNER,"넓은 앞 정원,탁트인 숲조망,이사 11월도 가능",25.07.16,"['25년이내', '융자금없는', '마당', '대단지']",남서향,6083800.322061192
경기도,용인시 기흥구,공세동,탑실마을대주피오레2단지,전세,203동,고/25,450000000,217.35,OWNER,"최고의 탁트인 숲,동탄,기흥호수조망.야경도 너무 좋아요",25.07.15,"['25년이내', '융자금없는', '대단지', '대형평수']",남향,6844275.362318841
경기도,용인시 기흥구,공세동,탑실마을대주피오레2단지,매매,203동,중/25,700000000,217.35,NDOC1,"주차편리, 정상입주,산뷰좋아요",25.07.15,"['25년이내', '대단지', '대형평수', '방네개이상']",남서향,10646650.563607085
경기도,용인시 기흥구,공세동,탑실마을대주피오레2단지,매매,206동,고/25,700000000,217.35,OWNER,2세대 거주도 가능.잘 관리되어 있으며 동 간 넓어 햇볕도 잘 들어옴,25.07.12,"['25년이내', '대단지', '대형평수', '방네개이상']",남서향,10646650.563607085
경기도,용인시 기흥구,공세동,탑실마을대주피오레2단지,매매,203동,고/25,750000000,217.35,OWNER,"최고의 탁트인 숲,동탄,기흥호수조망.야경도 너무 좋아요",25.07.11,"['25년이내', '대단지', '대형평수', '방네개이상']",남향,11407125.603864735
경기도,용인시 기흥구,공세동,탑실마을대주피오레2단지,매매,203동,15/25,750000000,217.35,OWNER,"막힘없는 숲뷰,탁트인  전망",25.06.28,"['25년이내', '대단지', '대형평수', '방네개이상']",남서향,11407125.603864735
경기도,용인시 기흥구,공세동,탑실마을대주피오레2단지,매매,206동,고/25,670000000,217.35,NDOC1,"주인거주,채광 좋음,입주협의,산뷰,주차장 넓음",25.07.03,"['25년이내', '대단지', '대형평수', '방네개이상']",남향,10190365.539452497
경기도,용인시 기흥구,공세동,탑실마을대주피오레2단지,매매,205동,중/25,650000000,217.35,DOC,탁트인 숲조망되는 깨끗하게 잘 관리된 집,25.07.11,"['25년이내', '대단지', '대형평수', '방네개이상']",남서향,9886175.523349436
경기도,용인시 기흥구,공세동,탑실마을대주피오레2단지,매매,206동,저/25,750000000,217.35,DOC,"올수리, 빠른입주가능하고 2세대 거주가능 구조",25.07.11,"['25년이내', '올수리', '대단지', '대형평수']",남서향,11407125.603864735
경기도,용인시 기흥구,공세동,탑실마을대주피오레2단지,월세,206동,12/25,2억/120,217.35,OWNER,"넓은 동간거리,2세대 거주도 가능,깨끗하게 잘 괸리됨",25.06.24,"['25년이내', '융자금없는', '대단지', '대형평수']",남서향,
경기도,용인시 기흥구,공세동,탑실마을대주피오레2단지,전세,205동,중/25,420000000,217.35,DOC,"깨끗하게 관리잘된집,일조량 많고 조망권트임,협의입주",25.06.27,"['25년이내', '대단지', '대형평수', '방네개이상']",남향,6387990.338164252
경기도,용인시 기흥구,공세동,탑실마을대주피오레2단지,매매,206동,7/25,710000000,217.35,NONE,수리잘됨 주거환경 쾌적 강남25분 코스트코  엔마트  이마트 롯데아울렛 ,25.07.15,"['25년이내', '대단지', '대형평수', '방네개이상']",남동향,10798745.571658617
경기도,용인시 기흥구,공세동,탑실마을대주피오레2단지,매매,205동,중/25,650000000,217.35,NONE,"조망권이 아주좋음, 탁트인뷰,  방4,욕실3개 ",25.06.24,"['25년이내', '대단지', '대형평수', '방네개이상']",남서향,9886175.523349436
경기도,용인시 기흥구,공세동,탑실마을대주피오레2단지,매매,202동,10/25,650000000,180.99,OWNER,"최근 올인테리어, 주인거주, 앞동으로 생활권편리, 주차편리",25.07.19,"['25년이내', '대단지', '대형평수', '방세개']",남동향,11872259.517100392
경기도,용인시 기흥구,공세동,탑실마을대주피오레2단지,매매,207동,12/25,560000000,180.99,NDOC1,"1념미만으로 짧은 세안고 매매, 일부 수리되어 있는 인기있는 타입",25.07.19,"['25년이내', '대단지', '대형평수', '방네개이상']",남동향,10228408.19934803
경기도,용인시 기흥구,공세동,탑실마을대주피오레2단지,매매,207동,1/25,520000000,180.99,OWNER,"정원뷰 좋은1층, 어린자녀 있는분께 추천",25.07.19,"['25년이내', '대단지', '1층', '대형평수']",남서향,9497807.613680314
경기도,용인시 기흥구,공세동,탑실마을대주피오레2단지,매매,201동,12/20,560000000,180.99,NDOC1,"즉시입주,입구동위치,조용쾌적하며,등산로와인접,넓은동간간격,깨끗한아파트",25.07.19,"['25년이내', '대단지', '대형평수', '방네개이상']",남동향,10228408.19934803
경기도,용인시 기흥구,공세동,탑실마을대주피오레2단지,월세,214동,3/19,"5,000/180",180.99,OWNER,"1익150가능,넓은중앙공원 조망되는 트인 전망",25.07.15,"['25년이내', '대단지', '대형평수', '방네개이상']",남동향,
경기도,용인시 기흥구,공세동,탑실마을대주피오레2단지,매매,215동,12/18,600000000,180.99,NDOC1,주인거주로 깨끗하게 관리 잘된집,25.07.15,"['25년이내', '대단지', '대형평수', '방세개']",남동향,10959008.785015747
경기도,용인시 기흥구,공세동,탑실마을대주피오레2단지,매매,215동,고/18,580000000,180.99,NDOC1,"세안고매매, 중앙광장 뷰",25.07.19,"['25년이내', '대단지', '대형평수', '방세개']",남동향,10593708.49218189
경기도,용인시 기흥구,공세동,탑실마을대주피오레2단지,전세,202동,1/25,500000000,180.99,OWNER,"올인테리어,화장실,주방 싱크대등 내부 전체 올수리함,",25.07.11,"['25년이내', '올수리', '대단지', '1층']",남서향,9132507.320846457
경기도,용인시 기흥구,공세동,탑실마을대주피오레2단지,매매,213동,저/19,560000000,180.99,OWNER,"세안고 매매, 정원조망 예쁜집,도배,전등등 깨끗하게 잘 관리됨",25.07.15,"['25년이내', '마당', '대단지', '대형평수']",남동향,10228408.19934803
경기도,용인시 기흥구,공세동,탑실마을대주피오레2단지,매매,215동,저/18,550000000,180.99,OWNER,"막힘없는 전망,입구동의 넓은 주차공간,상가이용편리",25.07.15,"['25년이내', '대단지', '대형평수', '방세개']",남서향,10045758.0529311
경기도,용인시 기흥구,공세동,탑실마을대주피오레2단지,매매,204동,고/25,580000000,180.99,OWNER,"로얄층 최고뷰, 주차편리",25.07.15,"['25년이내', '대단지', '대형평수', '방세개']",남서향,10593708.49218189
경기도,용인시 기흥구,공세동,탑실마을대주피오레2단지,매매,201동,저/20,560000000,180.99,NDOC1,주인거주 입주협의 안정적인 저층,25.07.15,"['25년이내', '대단지', '대형평수', '방네개이상']",남동향,10228408.19934803
경기도,용인시 기흥구,공세동,탑실마을대주피오레2단지,매매,207동,1/25,580000000,180.99,OWNER,"아이에게 좋은 1층, 전체샷시교체, 거실바닥, 실크벽지, LED등교체",25.07.07,"['25년이내', '대단지', '1층', '대형평수']",남동향,10593708.49218189
경기도,용인시 기흥구,공세동,탑실마을대주피오레2단지,매매,201동,1/20,540000000,180.99,NDOC1,입주협의 1층이라 층간소음걱정 없어요,25.07.05,"['25년이내', '대단지', '1층', '대형평수']",남서향,9863107.906514173
경기도,용인시 기흥구,공세동,탑실마을대주피오레2단지,매매,204동,12/25,580000000,180.99,OWNER,"주인거주, 깨끗한집, 전망채광 아주좋음, 산조망, 주차편리",25.07.05,"['25년이내', '대단지', '대형평수', '방세개']",남동향,10593708.49218189
경기도,용인시 기흥구,공세동,탑실마을대주피오레2단지,매매,204동,고/25,600000000,180.99,NDOC1,기본상태로 관리잘된집,25.07.11,"['25년이내', '대단지', '대형평수', '방세개']",남서향,10959008.785015747
경기도,용인시 기흥구,공세동,탑실마을대주피오레2단지,월세,204동,고/25,"5,000/180",180.99,OWNER,"현공실전망 좋은  햇볕 잘들고 환한집, 주차 걱정 없는 넓은 주차장",25.07.10,"['25년이내', '융자금없는', '대단지', '대형평수']",남서향,
경기도,용인시 기흥구,공세동,탑실마을대주피오레2단지,매매,214동,중/19,560000000,180.99,OWNER,,25.07.08,"['25년이내', '대단지', '대형평수', '방세개']",남동향,10228408.19934803
경기도,용인시 기흥구,공세동,탑실마을대주피오레2단지,매매,204동,중/25,550000000,180.99,OWNER,주차 2대이상으로 편리하며 시원한 뷰,25.07.05,"['25년이내', '대단지', '대형평수', '방세개']",남동향,10045758.0529311
경기도,용인시 기흥구,공세동,탑실마을대주피오레2단지,전세,202동,저/25,400000000,180.99,OWNER,,25.07.03,"['25년이내', '대단지', '대형평수', '방네개이상']",남동향,7306005.856677165
경기도,용인시 기흥구,공세동,탑실마을대주피오레2단지,매매,202동,저/25,600000000,180.99,NDOC1,"빠른입주가능, 안정적인 저층",25.07.03,"['25년이내', '대단지', '대형평수', '방네개이상']",남동향,10959008.785015747
경기도,용인시 기흥구,공세동,탑실마을대주피오레2단지,매매,202동,14/25,600000000,180.99,OWNER,"주인거주, 시원한뷰, 주차편리, 상가,버스정류장 이용편리",25.06.26,"['25년이내', '대단지', '대형평수', '방세개']",남서향,10959008.785015747
경기도,용인시 기흥구,공세동,탑실마을대주피오레2단지,매매,204동,고/25,610000000,180.99,NDOC1,"시원한조망, 주차장이용편리,주인거주",25.07.02,"['25년이내', '대단지', '대형평수', '방세개']",남동향,11141658.931432676
경기도,용인시 기흥구,공세동,탑실마을대주피오레2단지,매매,204동,11/25,550000000,180.99,NDOC1,"조정가,깨끗하게 관리잘된집,조망이쁨,협의입주",25.06.25,"['25년이내', '대단지', '대형평수', '방네개이상']",남동향,10045758.0529311
경기도,용인시 기흥구,공세동,탑실마을대주피오레2단지,매매,202동,저/25,720000000,180.99,OWNER,"올인테리어, 시스템에어컨, 생활권 주차편리",25.06.27,"['25년이내', '대단지', '대형평수', '방세개']",남서향,13150810.542018898
경기도,용인시 기흥구,공세동,탑실마을대주피오레2단지,매매,214동,저/19,550000000,180.99,OWNER,"주인거주로 잘관리된집, 트인전망, 주차편리, 산책로 이용편리",25.06.25,"['25년이내', '대단지', '대형평수', '방세개']",남서향,10045758.0529311
경기도,용인시 기흥구,공세동,탑실마을대주피오레2단지,매매,202동,10/25,650000000,180.99,NONE,동간거리가 넓어 주거환경 쾌적 초교 코스트코 엔마트 강남25분 전철7분,25.07.15,"['25년이내', '대단지', '대형평수', '방세개']",남향,11872259.517100392
경기도,용인시 기흥구,공세동,탑실마을대주피오레2단지,매매,204동,저/25,560000000,180.99,NONE,중앙공원이 이쁘게 보이며 집깨끗 전망좋음,25.07.03,"['25년이내', '대단지', '대형평수', '방네개이상']",남서향,10228408.19934803
경기도,용인시 기흥구,공세동,탑실마을대주피오레2단지,전세,204동,고/25,400000000,180.99,NONE,"정상입주,중앙공원 이용 편리하고 집깨끗",25.06.27,"['25년이내', '대단지', '대형평수', '방네개이상']",남향,7306005.856677165
경기도,용인시 기흥구,공세동,탑실마을대주피오레2단지,매매,210동,3/22,600000000,180.29,OWNER,"실링팬,인덕션등 수리됨, 단지조경뷰, 숲세권, 판상형구조",25.07.19,"['25년이내', '대단지', '대형평수', '방네개이상']",남서향,11001558.600033281
경기도,용인시 기흥구,공세동,탑실마을대주피오레2단지,매매,209동,15/25,570000000,180.29,OWNER,"판상형, 넓은 동간거리, 전망,채광좋음, 조용",25.07.18,"['25년이내', '대단지', '대형평수', '방네개이상']",남서향,10451480.670031616
경기도,용인시 기흥구,공세동,탑실마을대주피오레2단지,매매,208동,19/25,580000000,180.29,NDOC1,"넓은 동간거리,중앙광장뷰,기본상태로 관리잘된집",25.07.16,"['25년이내', '대단지', '대형평수', '방네개이상']",남향,10634839.980032172
경기도,용인시 기흥구,공세동,탑실마을대주피오레2단지,매매,210동,1/22,540000000,180.29,NDOC1,"전원주택같은 단지정원뷰, 층간소음 걱정없는집",25.07.11,"['25년이내', '대단지', '1층', '대형평수']",남서향,9901402.740029953
경기도,용인시 기흥구,공세동,탑실마을대주피오레2단지,매매,208동,고/25,600000000,180.29,OWNER,"고층뷰, 시원한뷰, 주인거주, 전망,채광 아주 좋은집",25.07.17,"['25년이내', '대단지', '대형평수', '방세개']",남서향,11001558.600033281
경기도,용인시 기흥구,공세동,탑실마을대주피오레2단지,월세,209동,중/25,"3억 2,000/30",180.29,OWNER,넓은 동간 거리. 등산로 이용 좋은 동,25.07.17,"['25년이내', '대단지', '대형평수', '방네개이상']",남서향,
경기도,용인시 기흥구,공세동,탑실마을대주피오레2단지,전세,209동,중/25,380000000,180.29,OWNER,"판상형의 숲조망 나오는 집,버스정류장 ,등산로 이용편리",25.07.17,"['25년이내', '융자금없는', '대단지', '대형평수']",남서향,6967653.780021079
경기도,용인시 기흥구,공세동,탑실마을대주피오레2단지,매매,209동,12/25,570000000,180.29,OWNER,"정상입주로 집깨끗하며, 주인세대로 관리 잘된집",25.07.11,"['25년이내', '대단지', '대형평수', '방네개이상']",남향,10451480.670031616
경기도,용인시 기흥구,공세동,탑실마을대주피오레2단지,매매,208동,저/25,600000000,180.29,OWNER,"앞이 탁트임, 산뷰,정원뷰, 조용, 주차편리",25.07.16,"['25년이내', '대단지', '대형평수', '방네개이상']",남서향,11001558.600033281
경기도,용인시 기흥구,공세동,탑실마을대주피오레2단지,매매,209동,중/25,570000000,180.29,OWNER,"판상형의 남향,버스정류장,등산로 이용편리,넓은동간거리",25.07.12,"['25년이내', '대단지', '대형평수', '방네개이상']",남서향,10451480.670031616
경기도,용인시 기흥구,공세동,탑실마을대주피오레2단지,매매,210동,고/22,540000000,180.29,OWNER,"주인거주로 아주깨끗, 공실 언제든지 입주가능",25.07.11,"['25년이내', '대단지', '대형평수', '방세개']",남서향,9901402.740029953
경기도,용인시 기흥구,공세동,탑실마을대주피오레2단지,매매,209동,3/25,620000000,180.29,NDOC1,도배 새로해서 깨끗하고 관리잘됨,25.07.04,"['25년이내', '대단지', '대형평수', '방세개']",남서향,11368277.22003439
경기도,용인시 기흥구,공세동,탑실마을대주피오레2단지,매매,209동,18/25,600000000,180.29,OWNER,"세안고매매 , 판상형, 전망채광 좋음, 조용, 등산로편리",25.07.03,"['25년이내', '대단지', '대형평수', '방네개이상']",남서향,11001558.600033281
경기도,용인시 기흥구,공세동,탑실마을대주피오레2단지,월세,209동,중/25,"5,000/180",180.29,NDOC1,"입주일협의,공기좋고,조용하고,쾌적하여살기좋은아파트입니다.",25.07.09,"['25년이내', '융자금없는', '대단지', '대형평수']",남향,
경기도,용인시 기흥구,공세동,탑실마을대주피오레2단지,전세,210동,13/22,370000000,180.29,DOC,"빠른 입주 가능,보증금 조정가,월세도 가능8천150만",25.07.11,"['25년이내', '융자금없는', '대단지', '대형평수']",남서향,6784294.470020523
경기도,용인시 기흥구,공세동,탑실마을대주피오레2단지,매매,208동,고/25,580000000,180.29,NDOC1,"주인거주, 환하고 시원한 뷰",25.07.02,"['25년이내', '대단지', '대형평수', '방네개이상']",남서향,10634839.980032172
경기도,용인시 기흥구,공세동,탑실마을대주피오레2단지,월세,210동,13/22,"8,000/150",180.29,OWNER,"1억5천110만원가능 전세금액 조정가능, 반전세가능 합니다.",25.06.25,"['25년이내', '대단지', '대형평수', '방세개']",남향,
경기도,용인시 기흥구,공세동,탑실마을대주피오레2단지,매매,209동,중/25,540000000,180.29,DOC,"세안고 매매,판상형의 남향 ,도배,전등등 일부수리함",25.06.25,"['25년이내', '대단지', '대형평수', '방네개이상']",남서향,9901402.740029953
경기도,용인시 기흥구,공세동,탑실마을대주피오레2단지,매매,209동,저/25,500000000,180.29,NONE,남향집에 동간거리 넓음. 입주날짜협의,25.07.12,"['25년이내', '대단지', '대형평수', '방네개이상']",남향,9167965.500027733
경기도,용인시 기흥구,공세동,탑실마을대주피오레2단지,전세,210동,중/22,360000000,180.29,NONE,"날짜협의 빠른입주가능,반전세,월세도 가능",25.07.12,"['25년이내', '대단지', '대형평수', '방네개이상']",남향,6600935.160019969
경기도,용인시 기흥구,공세동,탑실마을대주피오레2단지,월세,209동,저/25,"5,000/180",180.29,NONE,7월중순이후 집 볼 수 있음,25.06.28,"['25년이내', '대단지', '대형평수', '방네개이상']",남향,
경기도,용인시 기흥구,공세동,탑실마을대주피오레2단지,월세,210동,중/22,"8,000/150",180.29,NONE,"집깨끗 정남향, 8월초이후 입주가능",25.06.25,"['25년이내', '대단지', '대형평수', '방네개이상']",남향,
경기도,용인시 기흥구,공세동,탑실마을대주피오레2단지,매매,210동,중/22,570000000,180.29,NONE,"아주 깨끗하게 관리잘된집, 인테리어 되어있음, 고급가구 에어컨 포함
",25.06.24,"['25년이내', '대단지', '대형평수', '방네개이상']",남서향,10451480.670031616
경기도,용인시 기흥구,공세동,탑실마을대주피오레2단지,매매,209동,중/25,560000000,180.29,NONE,"주인거주로 잘 관리된집, 인테리어 되어있는집",25.06.24,"['25년이내', '대단지', '대형평수', '방네개이상']",남서향,10268121.360031063
경기도,용인시 기흥구,공세동,탑실마을대주피오레2단지,매매,211동,10/21,460000000,150.09,OWNER,"빠른입주가능,유일한 판상형 구조, 숲세권, 버스정류장,뒷산이용편리",25.07.17,"['25년이내', '대단지', '대형평수', '방네개이상']",남향,10131661.669664867
경기도,용인시 기흥구,공세동,탑실마을대주피오레2단지,매매,211동,2/21,550000000,150.09,OWNER,"주인거주로 관리잘됨, 후문 가까워 이동편리",25.07.15,"['25년이내', '대단지', '대형평수', '방네개이상']",남서향,12113943.300686255
경기도,용인시 기흥구,공세동,탑실마을대주피오레2단지,매매,211동,중/21,550000000,150.09,OWNER,"정상입주, 매매이며 전망좋고 집깨끗",25.07.18,"['25년이내', '대단지', '대형평수', '방네개이상']",남향,12113943.300686255
경기도,용인시 기흥구,공세동,탑실마을대주피오레2단지,매매,211동,중/21,540000000,150.09,NDOC1,"판상형구조, 로얄층 단지뷰",25.07.15,"['25년이내', '대단지', '대형평수', '방네개이상']",남서향,11893689.786128324
경기도,용인시 기흥구,공세동,탑실마을대주피오레2단지,매매,211동,5/21,550000000,150.09,OWNER,"유일한 판상형 구조, 숲조망, 버스정류장,뒷산 이용편리",25.07.07,"['25년이내', '대단지', '대형평수', '방네개이상']",남향,12113943.300686255
경기도,용인시 기흥구,공세동,탑실마을대주피오레2단지,매매,211동,중/21,550000000,150.09,OWNER,"즉시입주가능 A타입 집깨끗,알파룸있어 공간활용 굿",25.06.25,"['25년이내', '대단지', '대형평수', '방네개이상']",남향,12113943.300686255
경기도,용인시 기흥구,공세동,탑실마을대주피오레2단지,전세,211동,6/21,370000000,150.09,DOC,"빠른입주, 판상형, 남향, 쾌적. 조용. 동간 넓은 선호동, 조경 굿",25.06.28,"['25년이내', '대단지', '대형평수', '방네개이상']",남향,8149380.03864348
경기도,용인시 기흥구,공세동,탑실마을대주피오레2단지,매매,202동,25/25,800000000,149.79,OWNER,"복층매매, 전망좋은 정남향집, 방문시 예약",25.07.19,"['25년이내', '대단지', '복층', '대형평수']",남향,17655571.13291942
경기도,용인시 기흥구,공세동,탑실마을대주피오레2단지,매매,204동,2/25,530000000,149.79,NDOC1,"필로티2층, 어린 자녀 있는분께 적극추천",25.07.19,"['25년이내', '대단지', '필로티', '대형평수']",남향,11696815.875559118
경기도,용인시 기흥구,공세동,탑실마을대주피오레2단지,매매,204동,12/25,550000000,149.79,OWNER,숲 조망 되는  전망 예쁜 남향,25.07.16,"['25년이내', '대단지', '대형평수', '방네개이상']",남향,12138205.153882103
경기도,용인시 기흥구,공세동,탑실마을대주피오레2단지,매매,204동,고/25,490000000,149.79,OWNER,숲 조망 되는 남향,25.07.19,"['25년이내', '대단지', '대형평수', '방네개이상']",남향,10814037.318913145
경기도,용인시 기흥구,공세동,탑실마을대주피오레2단지,매매,207동,저/25,510000000,149.79,OWNER,주인세대로 날짜는 상호협의 해잘드는 남향집,25.07.19,"['25년이내', '대단지', '대형평수', '방네개이상']",남향,11255426.597236132
경기도,용인시 기흥구,공세동,탑실마을대주피오레2단지,매매,214동,중/19,540000000,149.79,OWNER,"정상입주로 집깨끗하며, 주인세대로 관리 잘된집",25.07.18,"['25년이내', '대단지', '대형평수', '방네개이상']",남향,11917510.51472061
경기도,용인시 기흥구,공세동,탑실마을대주피오레2단지,매매,214동,고/19,500000000,149.79,NDOC1,"세끼고 매매,조정가,전체등교체,조망트이고 시원함",25.07.16,"['25년이내', '대단지', '대형평수', '방네개이상']",남향,11034731.95807464
경기도,용인시 기흥구,공세동,탑실마을대주피오레2단지,매매,214동,고/19,550000000,149.79,OWNER,전망좋은 남향의 깨끗한 집,25.07.16,"['25년이내', '대단지', '대형평수', '방네개이상']",남서향,12138205.153882103
경기도,용인시 기흥구,공세동,탑실마을대주피오레2단지,매매,204동,8/25,500000000,149.79,OWNER,"욕실,도배,중문 수리함. 채광 전망좋음, 주차편리",25.07.03,"['25년이내', '대단지', '대형평수', '방네개이상']",남향,11034731.95807464
경기도,용인시 기흥구,공세동,탑실마을대주피오레2단지,전세,207동,중/25,350000000,149.79,OWNER,"단지 중앙동,헬스장,버스정류장,등산로 이용 편리",25.07.08,"['25년이내', '대단지', '대형평수', '방네개이상']",남향,7724312.370652247
경기도,용인시 기흥구,공세동,탑실마을대주피오레2단지,매매,207동,1/25,500000000,149.79,OWNER,"정상입주로 집깨끗하며, 아이들이 맘껏 뛸 수 있는 집",25.06.28,"['25년이내', '대단지', '1층', '대형평수']",남향,11034731.95807464
경기도,용인시 기흥구,공세동,탑실마을대주피오레2단지,매매,213동,중/19,530000000,149.79,NDOC1,남향   숲세권  넓은정원산책  밝고 환합니다,25.07.02,"['25년이내', '마당', '대단지', '대형평수']",남향,11696815.875559118
경기도,용인시 기흥구,공세동,탑실마을대주피오레2단지,전세,204동,고/25,370000000,149.79,OWNER,트인 숲조망의 남향,25.06.24,"['25년이내', '융자금없는', '대단지', '대형평수']",남향,8165701.648975233
경기도,용인시 기흥구,공세동,탑실마을대주피오레2단지,월세,213동,중/19,"5,000/170",149.79,DOC,넓은 단지 정원이 조망되는 최고의 단지 뷰,25.06.27,"['25년이내', '융자금없는', '마당', '대단지']",남향,
경기도,용인시 기흥구,공세동,한보라마을9단지경남아너스빌,매매,902동,13/18,350000000,80.62,OWNER,"입구동으로편리한동,가운데라인,집상태양호,세안고",25.07.15,"['25년이내', '방세개', '화장실두개', '고층']",남동향,14351584.59439345
경기도,용인시 기흥구,공세동,한보라마을9단지경남아너스빌,매매,906동,16/25,345000000,80.62,OWNER,호수뷰.일부 리모델링 깨끗한 주인거주. 입주일 조정.,25.07.12,"['25년이내', '방세개', '화장실두개', '중층']",남동향,14146561.957330687
경기도,용인시 기흥구,공세동,한보라마을9단지경남아너스빌,매매,901동,13/14,320000000,80.62,OWNER,"세안고 급매, 입구동으로 생활편리,단지 바로 옆 한일 초교 있음",25.07.11,"['25년이내', '급매', '방세개', '화장실두개']",남동향,13121448.772016868
경기도,용인시 기흥구,공세동,한보라마을9단지경남아너스빌,매매,906동,1/25,320000000,80.54,OWNER,"3베이 평면에 통풍 좋은 구조,층간소음 걱정 없는 매물입니다.",25.07.21,"['25년이내', '1층', '방세개', '화장실두개']",남서향,13134482.24484728
경기도,용인시 기흥구,공세동,한보라마을9단지경남아너스빌,매매,905동,2/25,350000000,80.54,OWNER,"거실,방확장,확트인전망,호수뷰로 전망 좋음. 집상태완전양호,세안고매매 ",25.07.18,"['25년이내', '방세개', '화장실두개', '세안고']",남서향,14365839.955301711
경기도,용인시 기흥구,공세동,한보라마을9단지경남아너스빌,매매,905동,24/25,440000000,80.54,NDOC1,"확트인전망,호수뷰로 전망 좋음. 집상태  완전양호, ",25.07.18,"['25년이내', '방세개', '화장실두개', '고층']",남서향,18059913.086665012
경기도,용인시 기흥구,공세동,한보라마을9단지경남아너스빌,매매,906동,18/25,355000000,80.54,OWNER,"막힘없는선호동,호수뷰,탄성,LED등교체,세안고",25.07.11,"['25년이내', '방세개', '화장실두개', '고층']",남서향,14571066.240377452
경기도,용인시 기흥구,공세동,한보라마을9단지경남아너스빌,매매,901동,4/14,350000000,80.54,OWNER,"입주일협의,출입편리한입구동,한일초교바로옆",25.07.10,"['25년이내', '방세개', '화장실두개', '주차가능']",남향,14365839.955301711
경기도,용인시 기흥구,공세동,한보라마을9단지경남아너스빌,매매,901동,중/14,400000000,80.54,OWNER,"올확장,세련된화이트인테리어,샷시포함 한샘올리모델링,주인거주중",25.07.15,"['25년이내', '방세개', '화장실두개', '중층']",남서향,16418102.8060591
경기도,용인시 기흥구,공세동,한보라마을9단지경남아너스빌,매매,902동,18/18,330000000,80.54,NDOC1,"확트인전망,호수뷰,주인거주,빠른입주가능",25.07.08,"['25년이내', '탑층', '방세개', '화장실두개']",남서향,13544934.814998759
경기도,용인시 기흥구,공세동,한보라마을9단지경남아너스빌,매매,905동,11/25,370000000,80.54,OWNER,정상이사 거실.방1확장.내부수리집깨끗.화이트몰딩.배관청소.씽크대수리등,25.07.02,"['25년이내', '방세개', '화장실두개', '중층']",남서향,15186745.09560467
경기도,용인시 기흥구,공세동,한보라마을9단지경남아너스빌,매매,902동,저/18,350000000,80.54,OWNER,"기본형,확트인전망,선호타입,주인거주,빠른입주가능",25.07.07,"['25년이내', '방세개', '화장실두개', '저층']",남서향,14365839.955301711
경기도,용인시 기흥구,공세동,한보라마을9단지경남아너스빌,매매,902동,6/18,350000000,80.54,OWNER,막힘없는 라인.주인거주.정상입주.,25.06.24,"['25년이내', '방세개', '화장실두개', '저층']",남서향,14365839.955301711
경기도,용인시 기흥구,공세동,한보라마을9단지경남아너스빌,매매,905동,5/25,370000000,80.54,OWNER,화장실과 씽크대 수리 했어요.정상 입주 가능,25.06.24,"['25년이내', '방세개', '화장실두개', '저층']",남서향,15186745.09560467
경기도,용인시 기흥구,공세동,한보라마을9단지경남아너스빌,매매,901동,12/14,370000000,80.47,OWNER,"세안고매매,방3화2,내부수리,초중고교도보통학",25.07.19,"['25년이내', '화장실두개', '방세개', '고층']",남동향,15199955.884180441
경기도,용인시 기흥구,공세동,한보라마을9단지경남아너스빌,매매,901동,4/14,360000000,80.47,OWNER,입구동 생활 편리. 버스 정류장  한일초등학교 인접 .정상입주,25.07.18,"['25년이내', '방세개', '화장실두개', '저층']",남동향,14789146.265689079
경기도,용인시 기흥구,공세동,한보라마을9단지경남아너스빌,매매,904동,15/19,360000000,80.47,OWNER,"선호동,선호타입,기본형,주인거주중으로집상태완전양호",25.07.16,"['25년이내', '방세개', '화장실두개', '고층']",남향,14789146.265689079
경기도,용인시 기흥구,공세동,한보라마을9단지경남아너스빌,매매,903동,2/18,340000000,80.47,OWNER,"급매물,선호타입,기본형,주인거주상태양호,정상입주",25.07.15,"['25년이내', '급매', '필로티', '방세개']",남동향,13967527.028706351
경기도,용인시 기흥구,공세동,한보라마을9단지경남아너스빌,매매,904동,중/19,350000000,80.47,OWNER,"수리된집,로얄동,선호타입,숲조망,붙박이장,집상태완전양호,세안고",25.07.18,"['25년이내', '방세개', '화장실두개', '중층']",남향,14378336.647197716
경기도,용인시 기흥구,공세동,한보라마을9단지경남아너스빌,매매,905동,저/25,335000000,80.47,OWNER,"초급매,숲조망으로 선호동, 주인거주중집,정상입주 ",25.07.18,"['25년이내', '급매', '방세개', '화장실두개']",남동향,13762122.21946067
경기도,용인시 기흥구,공세동,한보라마을9단지경남아너스빌,매매,905동,3/25,360000000,80.47,OWNER,올 수리 깨끗한 집.조용하고 쾌적한 숲세권.로얄 동.,25.07.11,"['25년이내', '올수리', '방세개', '화장실두개']",남동향,14789146.265689079
경기도,용인시 기흥구,공세동,한보라마을9단지경남아너스빌,월세,906동,3/25,"4,000/110",80.47,OWNER,"숲조망전망좋은선호타입,화이트올수리된집,신혼부부강추.",25.07.10,"['25년이내', '올수리', '방세개', '화장실두개']",남동향,
경기도,용인시 기흥구,공세동,한보라마을9단지경남아너스빌,전세,905동,21/25,270000000,80.47,OWNER,고층 숲뷰. 거실 확장 . ,25.07.09,"['25년이내', '융자금없는', '방세개', '화장실두개']",남동향,11091859.699266808
경기도,용인시 기흥구,공세동,한보라마을9단지경남아너스빌,매매,905동,24/25,345000000,80.47,OWNER,급매  전망 좋고 베란다 있는 기본형,25.07.08,"['25년이내', '급매', '방세개', '화장실두개']",남향,14172931.837952033
경기도,용인시 기흥구,공세동,한보라마을9단지경남아너스빌,매매,903동,9/18,370000000,80.47,OWNER,정상입주. 밝은 로얄층.막힘없는 뷰.주인거주.,25.07.08,"['25년이내', '방세개', '화장실두개', '중층']",남향,15199955.884180441
경기도,용인시 기흥구,공세동,한보라마을9단지경남아너스빌,매매,904동,7/19,360000000,80.47,OWNER,"숲조망,로얄동,선호타입,기본형,주인거주,빠른입주가능",25.07.07,"['25년이내', '방세개', '화장실두개', '중층']",남향,14789146.265689079
경기도,용인시 기흥구,공세동,한보라마을9단지경남아너스빌,매매,903동,14/18,370000000,80.47,OWNER,남향으로  통풍 좋은 구조. ,25.07.05,"['25년이내', '방세개', '화장실두개', '고층']",남향,15199955.884180441
경기도,용인시 기흥구,공세동,한보라마을9단지경남아너스빌,매매,903동,17/18,360000000,80.47,OWNER,"남향기본구조,입주일협의",25.07.02,"['25년이내', '화장실두개', '방세개', '고층']",남향,14789146.265689079
경기도,용인시 기흥구,공세동,한보라마을9단지경남아너스빌,매매,906동,중/25,353000000,80.47,OWNER,"전망좋고선호타입,올리모델링,층간소음없는탑층,12월정상입주,세안고투자가능",25.07.08,"['25년이내', '방세개', '화장실두개', '중층']",남동향,14501579.532745123
경기도,용인시 기흥구,공세동,한보라마을9단지경남아너스빌,매매,901동,2/14,350000000,80.47,OWNER,"올수리깨끗한집,시스템옷장,인덕션,7월입주협의",25.07.01,"['25년이내', '올수리', '필로티', '화장실두개']",남동향,14378336.647197716
경기도,용인시 기흥구,공세동,한보라마을9단지경남아너스빌,매매,906동,1/25,340000000,80.47,OWNER,"급매물,올수리, 층간소음없는귀한1층,정상입주,세안고가능",25.07.01,"['25년이내', '올수리', '1층', '급매']",남동향,13967527.028706351
경기도,용인시 기흥구,공세동,한보라마을9단지경남아너스빌,매매,902동,17/18,350000000,80.47,OWNER,최상의 전망으로 단지 전체의 풍경을 바라볼 수 있음. 주인거주인 집,25.07.01,"['25년이내', '방세개', '화장실두개', '고층']",남동향,14378336.647197716
경기도,용인시 기흥구,공세동,한보라마을9단지경남아너스빌,매매,905동,7/25,350000000,80.47,OWNER,바로 앞 숲으로 전망 예쁨. 앞뒤 베란다 기본형.주인관리.,25.07.01,"['25년이내', '방세개', '화장실두개', '저층']",남동향,14378336.647197716
경기도,용인시 기흥구,공세동,한보라마을9단지경남아너스빌,매매,904동,저/19,335000000,80.47,OWNER,"급매,선호동,선호타입,기본형,집상태완전양호,25년11월만기정상입주",25.07.05,"['25년이내', '급매', '방세개', '화장실두개']",남향,13762122.21946067
경기도,용인시 기흥구,공세동,한보라마을9단지경남아너스빌,매매,905동,저/25,340000000,80.47,OWNER,숲뷰로 조망권 굿.쾌적한 구조.사생활 보호및 조용함. 미니화단.입주일조정,25.07.01,"['25년이내', '방세개', '화장실두개', '저층']",남동향,13967527.028706351
경기도,용인시 기흥구,공세동,한보라마을9단지경남아너스빌,매매,903동,중/18,340000000,80.47,OWNER,선호타입으로 남향으로 하루종일 밝고 탁 트인 로얄 층.주인거주.,25.07.01,"['25년이내', '방세개', '화장실두개', '중층']",남향,13967527.028706351
경기도,용인시 기흥구,공세동,한보라마을9단지경남아너스빌,매매,908동,5/13,320000000,69.92,OWNER,올수리  남향 넓은거실공간  주인세대라  관리잘된집 입주일협의가,25.07.17,"['25년이내', '올수리', '방두개', '화장실한개']",남향,15129450.800915333
경기도,용인시 기흥구,공세동,한보라마을9단지경남아너스빌,매매,908동,10/13,330000000,69.92,OWNER,"선호동,선호타입,수리된집,주인거주상태양호,정상입주가능",25.07.08,"['25년이내', '방두개', '화장실한개', '고층']",남향,15602246.138443938
경기도,용인시 기흥구,공세동,한보라마을9단지경남아너스빌,매매,908동,3/13,320000000,69.92,NDOC1,"올수리,주인거주,신혼부부 적극 추천,남향,입주 협의",25.07.01,"['25년이내', '올수리', '방두개', '화장실한개']",남향,15129450.800915333
경기도,용인시 기흥구,공세동,한보라마을9단지경남아너스빌,매매,908동,5/13,330000000,69.92,NONE,앞배란다 전망 ,25.07.12,"['25년이내', '방두개', '화장실한개', '중층']",남동향,15602246.138443938
경기도,용인시 기흥구,공세동,한보라마을9단지경남아너스빌,매매,907동,2/24,350000000,69.89,OWNER,조용하고 편안한  숲속 뷰  붙박이장. 화장실. 주방 인테리어,25.07.19,"['25년이내', '방두개', '화장실한개', '붙박이장']",남동향,16554939.905565891
경기도,용인시 기흥구,공세동,한보라마을9단지경남아너스빌,매매,907동,고/24,320000000,69.89,OWNER,"숲조망,최근올리모델링한집,주인거주,빠른입주가능,",25.07.09,"['25년이내', '방두개', '화장실한개', '고층']",남동향,15135945.056517385
경기도,용인시 기흥구,공세동,한보라마을9단지경남아너스빌,매매,907동,18/24,300000000,69.57,OWNER,"전망좋고 환한집,가운데라인,즉시입주가능",25.07.18,"['25년이내', '방두개', '화장실한개', '고층']",남서향,14255217.766278569
경기도,용인시 기흥구,공세동,한보라마을9단지경남아너스빌,매매,907동,24/24,330000000,69.57,OWNER,"월세안고,탑층으로 층간소음 해방,기흥호수 조망 멋짐,리모델링 하여 깨끗",25.07.16,"['25년이내', '탑층', '방두개', '화장실한개']",남서향,15680739.542906426
경기도,용인시 기흥구,공세동,한보라마을9단지경남아너스빌,매매,907동,21/24,300000000,69.57,OWNER,"뷰가 끝내주는집, 수리된집,상태완전양호,세안고",25.07.11,"['25년이내', '방두개', '화장실한개', '고층']",남서향,14255217.766278569
경기도,용인시 기흥구,공세동,한보라마을9단지경남아너스빌,매매,907동,17/24,310000000,69.57,OWNER,전망 좋은 집.정상이사. 주인거주 관리로 집 깨끗.,25.06.24,"['25년이내', '방두개', '화장실한개', '고층']",남서향,14730391.69182119
경기도,용인시 기흥구,공세동,한보라마을9단지경남아너스빌,매매,907동,14/24,370000000,69.57,OWNER," 로얄층으로 햇빛 밝은집, 올리모델링 되어진 집,정상입주",25.06.24,"['25년이내', '방두개', '화장실한개', '중층']",남서향,17581435.245076906
경기도,용인시 기흥구,공세동,한보라마을9단지경남아너스빌,매매,907동,중/24,325000000,69.57,OWNER,"로얄층으로 햇빛 밝은집, 올리모델링 되어진 집,빠른입주가능",25.06.28,"['25년이내', '방두개', '화장실한개', '중층']",남서향,15443152.580135118
경기도,용인시 기흥구,공세동,호수청구,매매,105동,19/19,390000000,108.4,OWNER,"특 올 화이트 인테리어, 끝내주는 기흥호수뷰, 실링팬 간접등 인덕션 중문",25.07.16,"['25년이상', '탑층', '방세개', '화장실두개']",남향,11893506.918819187
경기도,용인시 기흥구,공세동,호수청구,매매,105동,2/19,310000000,108.4,OWNER,"4년올수리,주인거주상태좋음,입주일협의",25.07.04,"['25년이상', '올수리', '화장실두개', '방세개']",남향,9453813.19188192
경기도,용인시 기흥구,공세동,호수청구,매매,106동,6/19,385000000,108.4,NDOC1,씽크대 화장실 등 올수리됨 정상입주 날짜협의가 호수조망굿,25.07.04,"['25년이상', '올수리', '방세개', '화장실두개']",남향,11741026.060885608
경기도,용인시 기흥구,공세동,호수청구,매매,106동,6/19,345000000,108.4,DOC,급 주인거주 남향 호수전망 막힘없이 보이는 주차편한 로얄동,25.07.10,"['25년이상', '방세개', '화장실두개', '세대당 1.5대이상']",남향,10521179.197416974
경기도,용인시 기흥구,공세동,호수청구,전세,106동,6/19,265000000,108.4,DOC,주인거주 남향 호수전망 막힘없이 보이는 주차편한 로얄동,25.07.10,"['25년이상', '융자금적은', '방세개', '화장실두개']",남향,8081485.470479704
경기도,용인시 기흥구,공세동,호수청구,매매,105동,16/19,370000000,108.4,NDOC1,"호수전망권, 깨끗하게 관리및 수리, 전세안고,  급행버스, 호수공원",25.06.25,"['25년이상', '방세개', '화장실두개', '고층']",남향,11283583.487084871
경기도,용인시 기흥구,공세동,호수청구,매매,105동,2/19,355000000,108.4,OWNER,"입주일협의가능,주방및화장실 수리,중문설치",25.06.25,"['25년이상', '욕실수리', '화장실두개', '방세개']",남향,10826140.913284132
경기도,용인시 기흥구,공세동,호수청구,매매,106동,10/19,380000000,108.4,NONE,호수뷰최상 호수공원산책로 초교 이마트 코스트코 엔마트 정분앞정류장 전철5,25.07.19,"['25년이상', '방세개', '화장실두개', '중층']",남향,11588545.20295203
경기도,용인시 기흥구,공세동,호수청구,매매,105동,13/19,350000000,108.4,NONE,호수뷰최상 호수공원산책로 초교 이마트코스트코 엔마트 정문앞정류장 전철5분,25.07.15,"['25년이상', '방세개', '화장실두개', '고층']",남향,10673660.055350553
경기도,용인시 기흥구,공세동,호수청구,매매,106동,13/19,370000000,108.4,NONE,호수뷰특급 통풍잘되고 볕잘드는 남향집 주인거주 초중고 도보 광역정차 상갈,25.07.15,"['25년이상', '방세개', '화장실두개', '고층']",남향,11283583.487084871
경기도,용인시 기흥구,공세동,호수청구,매매,105동,19/19,350000000,108.4,NONE,남향 호수조망굿 초중고 도보통학 단지앞광역정차 강남행 서울역행 호수공원개,25.07.05,"['25년이상', '탑층', '방세개', '화장실두개']",남향,10673660.055350553
경기도,용인시 기흥구,공세동,호수청구,매매,106동,11/19,380000000,108.4,NONE,호수뷰 호수공원산책로 초교이마트 코스트코 엔마트 정문앞 일반 광역교통다수,25.07.01,"['25년이상', '방세개', '화장실두개', '중층']",남향,11588545.20295203
경기도,용인시 기흥구,공세동,호수청구,매매,105동,16/19,370000000,108.4,NONE,남향   투자용 깨끗 앞베란다 호수뷰 통풍 채광 우수한집 광역정차 상갈역,25.06.27,"['25년이상', '방세개', '화장실두개', '고층']",남향,11283583.487084871
경기도,용인시 기흥구,공세동,호수청구,매매,101동,14/18,260000000,92.54,OWNER,"세대내부 올 수리된집.일조권 좋은 매물로 정상입주 가능,",25.07.21,"['25년이상', '올수리', '방세개', '화장실한개']",남서향,9287919.818456884
경기도,용인시 기흥구,공세동,호수청구,매매,101동,17/18,260000000,92.54,OWNER,,25.07.21,"['25년이상', '방세개', '화장실한개', '고층']",남서향,9287919.818456884
경기도,용인시 기흥구,공세동,호수청구,매매,107동,12/18,300000000,92.54,NDOC1,"호수전망 굿, 주인거주, 전체 수리5년, 깨끗 관리, 교통.마트굿",25.07.17,"['25년이상', '방세개', '화장실한개', '중층']",남서향,10716830.559757942
경기도,용인시 기흥구,공세동,호수청구,매매,101동,14/18,300000000,92.54,OWNER,"세대 내부 잘 수리된 집, 주인 거주중 입주일 협의 가능함.",25.07.17,"['25년이상', '방세개', '화장실한개', '고층']",남서향,10716830.559757942
경기도,용인시 기흥구,공세동,호수청구,매매,107동,17/18,335000000,92.54,OWNER,최상의 파노라마 호수뷰. 중문설치.화이트 톤. 코스트코.앤마트. 정상입주,25.07.11,"['25년이상', '방세개', '화장실한개', '고층']",남서향,11967127.45839637
경기도,용인시 기흥구,공세동,호수청구,매매,101동,14/18,290000000,92.54,OWNER,"전망좋은 로열층, 세안고 매매, 보일러교체, 외벽실리콘, 기본형",25.07.02,"['25년이상', '보일러교체', '방세개', '화장실한개']",남향,10359602.874432677
경기도,용인시 기흥구,공세동,호수청구,매매,107동,8/18,380000000,92.54,OWNER,"호수조망, 막힘없는뷰, 밝은집",25.06.27,"['25년이상', '방세개', '화장실한개', '중층']",서향,13574652.04236006
경기도,용인시 기흥구,공세동,호수청구,매매,101동,3/18,265000000,92.54,OWNER,"월세안고 급매5천60만원,강화마루 교체및 화장실 수리등 한샘",25.06.25,"['25년이상', '욕실수리', '급매', '방세개']",남향,9466533.661119517
경기도,용인시 기흥구,공세동,호수청구,매매,107동,7/18,290000000,92.54,NONE,올수리 호수조망굿 투자용 초중고 코스트코도보이용 광역정차 상갈역15분버스,25.07.21,"['25년이상', '올수리', '방세개', '화장실한개']",남서향,10359602.874432677
경기도,용인시 기흥구,공세동,호수청구,매매,107동,12/18,300000000,92.54,NONE,,25.07.17,"['25년이상', '방세개', '화장실한개', '중층']",남서향,10716830.559757942
경기도,용인시 기흥구,공세동,호수청구,매매,107동,중/18,270000000,92.54,NONE,"호수뷰가 나오며 서울강남,광화문 광역버스있음",25.07.17,"['25년이상', '방세개', '화장실한개', '중층']",서향,9645147.503782148
경기도,용인시 기흥구,공세동,호수청구,매매,101동,10/18,290000000,92.54,NONE,호수공원산책로 초교 이마트 코스트코 엔마트 정문앞 일반광역교통다수전철5분,25.07.17,"['25년이상', '방세개', '화장실한개', '중층']",남향,10359602.874432677
경기도,용인시 기흥구,공세동,호수청구,매매,101동,9/18,280000000,92.54,NONE,호수공원산책로 초교 이마트 코스트코 엔마트 정문앞일반광역교통다수전철5분,25.07.15,"['25년이상', '방세개', '화장실한개', '중층']",남향,10002375.189107412
경기도,용인시 기흥구,공세동,호수청구,매매,101동,14/18,290000000,92.54,NONE,호수공원산책로 초교 이마트 코스트코 엔마트 정문앞 일빈과역교통다수전철5분,25.07.01,"['25년이상', '방세개', '화장실한개', '고층']",남향,10359602.874432677
경기도,용인시 기흥구,공세동,호수청구,매매,101동,14/18,260000000,92.54,NONE, 통풍잘되고 볓잘드는 남향집 초중고 도보통학가능 단지앞광역정차 코스트코 ,25.06.23,"['25년이상', '방세개', '화장실한개', '고층']",남향,9287919.818456884
경기도,용인시 기흥구,공세동,호수청구,매매,102동,8/15,250000000,80.02,OWNER,세안고매매 올수리 내부좋음 깨끗 에어컨투인원,25.07.21,"['25년이상', '올수리', '방세개', '화장실한개']",남향,10327996.125968508
경기도,용인시 기흥구,공세동,호수청구,매매,102동,11/15,230000000,80.02,NDOC1,급매 강추 세안고  정남향에 수리되어 집도깨끗,25.07.19,"['25년이상', '급매', '방세개', '화장실한개']",남향,9501756.435891028
경기도,용인시 기흥구,공세동,호수청구,매매,102동,7/15,260000000,80.02,NDOC1,"올수리, 남향, 실거주 굿, 교통. 마트. 호수공원. 편리와 쾌적",25.07.15,"['25년이상', '올수리', '방세개', '화장실한개']",남향,10741115.97100725
경기도,용인시 기흥구,공세동,호수청구,매매,104동,3/18,250000000,80.02,NDOC1,"조용하고 아늑, 입주협의, 깨끗 관리, 호수공원, 교통. 마트 편리",25.07.15,"['25년이상', '방세개', '화장실한개', '주차가능']",동향,10327996.125968508
경기도,용인시 기흥구,공세동,호수청구,매매,103동,4/18,255000000,80.02,OWNER,"입주일협의,기흥호수앞,대형마트이용편리",25.07.02,"['25년이상', '화장실한개', '대형평수', '방세개']",서향,10534556.04848788
경기도,용인시 기흥구,공세동,호수청구,매매,103동,6/18,265000000,80.02,OWNER,"추천.올수리,중문설치.입주일협의",25.06.30,"['25년이상', '올수리', '화장실한개', '방세개']",남서향,10947675.89352662
경기도,용인시 기흥구,공세동,호수청구,매매,104동,고/18,290000000,80.02,OWNER,"인테리어 잘되어있고 강남서울버스 이용편리,엔마트 있음",25.06.25,"['25년이상', '방세개', '화장실한개', '고층']",동향,11980475.50612347
경기도,용인시 기흥구,공세동,호수청구,전세,103동,저/18,200000000,80.02,DOC,호수공원산책로 초교 이마트 코스트코 엔마트 정문앞 버스정류장 전철5분,25.07.02,"['25년이상', '융자금없는', '방세개', '화장실한개']",남서향,8262396.900774807
경기도,용인시 기흥구,공세동,호수청구,매매,102동,중/15,265000000,80.02,DOCV2,호수공원산책로 초교 이마트 코스트코  엔마트 정문앞 대중광역교통다수 전철,25.06.27,"['25년이상', '방세개', '화장실한개', '중층']",남향,10947675.89352662
경기도,용인시 기흥구,공세동,호수청구,매매,103동,고/18,255000000,80.02,DOCV2,호수공원산책로 초교 이마트 코스트코 엔마트 정문앞 광역 일반버스정류장,25.06.25,"['25년이상', '방세개', '화장실한개', '고층']",남서향,10534556.04848788
경기도,용인시 기흥구,공세동,호수청구,매매,104동,고/18,260000000,80.02,DOCV2,호수공원산책로 초교 이마트 코스트코 엔마트 전철5분 정문앞광역대중교통15,25.06.24,"['25년이상', '방세개', '화장실한개', '고층']",남동향,10741115.97100725
경기도,용인시 기흥구,공세동,호수청구,월세,103동,고/18,"2,500/100",80.02,DOC,"올수리현재공실, 거실확장,즉시입주,호수조망",25.06.28,"['25년이상', '올수리', '화장실한개', '방세개']",남서향,
경기도,용인시 기흥구,공세동,호수청구,전세,103동,3/18,200000000,80.02,NONE,깨끗 통풍잘되고 깨끗한집 초중고대형마트도보가능 단지앞광역정차 상갈역15분,25.07.18,"['25년이상', '융자금없는', '대형평수', '방세개']",남서향,8262396.900774807
경기도,용인시 기흥구,공세동,호수청구,월세,103동,고/18,"2,500/100",80.02,NONE,"올수리,즉시입주가능,서울강남,광화문 광역버스있음",25.07.10,"['25년이상', '올수리', '방세개', '화장실한개']",남향,
경기도,용인시 기흥구,공세동,호수청구,매매,102동,7/15,260000000,80.02,NONE,"세안고,화이트로 올 수리된 깨끗한 집,남향 가운데 라인으로 중간층.",25.07.10,"['25년이상', '올수리', '방세개', '화장실한개']",남향,10741115.97100725
경기도,용인시 기흥구,공세동,호수청구,매매,103동,15/18,255000000,80.02,NONE,호수공원산책로 초교 이마트 코스트코 엔맡 정문앞 버스저류장 전철5분,25.07.09,"['25년이상', '방세개', '화장실한개', '고층']",남서향,10534556.04848788
경기도,용인시 기흥구,공세동,호수청구,매매,102동,8/15,265000000,80.02,NONE,호수공원산책로 초교 이마트 코스트코 엔마트 정분앞 정류장 전철5분,25.07.09,"['25년이상', '방세개', '화장실한개', '중층']",남향,10947675.89352662
경기도,용인시 기흥구,공세동,호수청구,매매,102동,11/15,230000000,80.02,NONE,남향 초급매 투자용(월세안고) 초중고 도보통학 상갈역15분버스환승 호수,25.07.01,"['25년이상', '급매', '방세개', '화장실한개']",남향,9501756.435891028
경기도,용인시 기흥구,공세동,호수청구,매매,104동,중/18,260000000,80.02,NONE,"리모델링 되어있고 집깨끗,서울강남,광화문 광역버스 있음",25.06.28,"['25년이상', '방세개', '화장실한개', '중층']",남향,10741115.97100725
경기도,용인시 기흥구,공세동,호수청구,매매,103동,4/18,250000000,80.02,NONE,주인거주 초중고 도보가능 단지앞광역 일반버스정차 상갈역전철15분버스환승,25.06.25,"['25년이상', '방세개', '화장실한개', '관리비20만원이하']",남서향,10327996.125968508
경기도,용인시 기흥구,공세동,화성파크드림프라브,매매,801동,4/4,440000000,109.7,OWNER,,25.07.19,"['25년이내', '탑층', '방세개', '화장실두개']",남향,13259301.731996356
경기도,용인시 기흥구,공세동,화성파크드림프라브,매매,802동,3/4,410000000,109.7,OWNER,"세안고,올확장 된 화이트톤 깨끗한 집,지하주차장 바로 연결된 타운하우",25.07.18,"['25년이내', '방세개', '화장실두개', '고층']",남향,12355258.432087513
경기도,용인시 기흥구,공세동,화성파크드림프라브,매매,802동,2/4,430000000,109.7,OWNER,"남향,가운데라인,화이트,전세안고도가,만기2025년09월",25.07.18,"['25년이내', '방세개', '화장실두개', '중층']",남향,12957953.965360073
경기도,용인시 기흥구,공세동,화성파크드림프라브,매매,808동,2/4,425000000,109.7,OWNER,남향 조용하고 하루종일 밝은 집. 동간거리 넓음. 주인거주 .,25.07.18,"['25년이내', '방세개', '화장실두개', '중층']",남향,12807280.082041932
경기도,용인시 기흥구,공세동,화성파크드림프라브,매매,808동,1/4,470000000,109.7,NDOC1,"화이트올수리완전예쁜집,시스템에어컨,럭셔리타운하우스,지하주차장연결생활편리,",25.07.11,"['25년이내', '올수리', '1층', '방세개']",남향,14163345.031905198
경기도,용인시 기흥구,공세동,화성파크드림프라브,매매,805동,1/4,420000000,109.7,OWNER,"올 확장,화이트톤 멋진 력셔리 타운하우스 1층으로 지하주차장 연결 됨",25.07.05,"['25년이내', '1층', '방세개', '화장실두개']",남향,12656606.198723791
경기도,용인시 기흥구,공세동,화성파크드림프라브,매매,801동,1/4,430000000,109.7,OWNER,"남향,주인거주관리깨끗,지하주차장연결",25.07.05,"['25년이내', '1층', '방세개', '화장실두개']",남향,12957953.965360073
경기도,용인시 기흥구,공세동,화성파크드림프라브,매매,812동,4/4,410000000,109.7,DOC,"27.7월 전세임차인 있음, 앞조망좋고 지하주차장 바로연결 숲세권 아파트",25.07.15,"['25년이내', '탑층', '방세개', '화장실두개']",남향,12355258.432087513
경기도,용인시 기흥구,공세동,화성파크드림프라브,매매,813동,1/4,395000000,109.7,DOC,"입주일협의 가능, 층간소음으로 아이에게 스트레스 주지마세요.",25.07.15,"['25년이내', '1층', '방세개', '화장실두개']",남향,11903236.782133091
경기도,용인시 기흥구,공세동,화성파크드림프라브,매매,808동,2/4,480000000,109.7,DOC,"정상입주, 필로티있는 선호동, 지하주차장연결 쾌적한 타운하우스",25.07.14,"['25년이내', '방세개', '화장실두개', '중층']",남향,14464692.798541477
경기도,용인시 기흥구,공세동,화성파크드림프라브,매매,813동,3/4,470000000,109.7,DOC,"정상입주, 안쪽라인, 주인거주 관리잘된집",25.07.14,"['25년이내', '방세개', '화장실두개', '고층']",남향,14163345.031905198
경기도,용인시 기흥구,공세동,화성파크드림프라브,매매,811동,3/4,450000000,109.7,DOC,"26.7월 입주 협의, 숲세권 조망좋은 인기동, 지하주차장 바로 연결",25.07.14,"['25년이내', '방세개', '화장실두개', '고층']",남향,13560649.498632634
경기도,용인시 기흥구,공세동,화성파크드림프라브,매매,805동,4/4,420000000,109.7,OWNER,"조용한 숲세권 화이트톤 타운하우스, 입주 정상",25.07.03,"['25년이내', '탑층', '방세개', '화장실두개']",남향,12656606.198723791
경기도,용인시 기흥구,공세동,화성파크드림프라브,매매,809동,3/4,420000000,109.7,OWNER,"세안고, 탁트인 조망, 지하주차장 연결로 생활 편리,",25.07.02,"['25년이내', '방세개', '화장실두개', '고층']",남향,12656606.198723791
경기도,용인시 기흥구,공세동,화성파크드림프라브,매매,813동,4/4,430000000,109.7,OWNER,화이트톤 .조용한 숲 세권 타운하우스.세대 주차장 연결.세안고 ,25.07.01,"['25년이내', '탑층', '방세개', '화장실두개']",남향,12957953.965360073
경기도,용인시 기흥구,공세동,화성파크드림프라브,매매,802동,3/4,450000000,109.7,DOC,"입주일협의가능, 앞조망좋은3층 지하주차장 바로연결 학세권 숲세권 아파트",25.07.05,"['25년이내', '방세개', '화장실두개', '고층']",남향,13560649.498632634
경기도,용인시 기흥구,공세동,화성파크드림프라브,매매,805동,1/4,410000000,109.7,DOC,"입주일협의가능, 아이들뛰놀수있는1층, 올수리 깨끗한집, 지하주차장바로연결",25.07.02,"['25년이내', '올수리', '1층', '방세개']",남향,12355258.432087513
경기도,용인시 기흥구,공세동,화성파크드림프라브,매매,812동,1/4,420000000,109.7,DOC,"정상입주, 앞조망 굿, 지하주차장연결 쾌적한타운하우스, 주인거주 관리잘집",25.06.27,"['25년이내', '1층', '방세개', '화장실두개']",남향,12656606.198723791
경기도,용인시 기흥구,공세동,화성파크드림프라브,매매,813동,1/4,395000000,109.7,NONE,"정상 입주, 아이들뛰놀수있는 1층, 학세권 숲세권 쾌적한 아파트",25.07.11,"['25년이내', '1층', '방세개', '화장실두개']",남향,11903236.782133091
경기도,용인시 기흥구,공세동,화성파크드림프라브,매매,812동,4/4,410000000,109.7,NONE,"27.7 임차인 안고, 앞조망굿, 지하주차장연결 학세권 숲세권 아파트",25.07.11,"['25년이내', '탑층', '방세개', '화장실두개']",남향,12355258.432087513
경기도,용인시 기흥구,공세동,화성파크드림프라브,매매,808동,2/4,425000000,109.7,NONE,"남향으로 올확장 되고 햇볕 잘드는 력셔리 타운하우스,지하주차장 바로 연결",25.07.10,"['25년이내', '방세개', '화장실두개', '중층']",남향,12807280.082041932
경기도,용인시 기흥구,공세동,화성파크드림프라브,매매,805동,1/4,420000000,109.7,NONE,"남향으로 햇볕 잘드는 올확장된 력셔리 타운하우스,지하주차장 바로 연결됨",25.07.10,"['25년이내', '1층', '방세개', '화장실두개']",남향,12656606.198723791
경기도,용인시 기흥구,공세동,화성파크드림프라브,매매,802동,4/4,420000000,109.7,NONE,"25년12월 하순 입주, 지하주차장 바로연결 쾌적한 아파트",25.07.09,"['25년이내', '탑층', '방세개', '화장실두개']",남향,12656606.198723791
경기도,용인시 기흥구,공세동,화성파크드림프라브,매매,805동,3/4,385000000,109.7,NONE,"27년4월 만기 월세임차인, 지하주차장 바로 연결 숲세권 학세권 아파트",25.07.05,"['25년이내', '방세개', '화장실두개', '고층']",남향,11601889.015496809
경기도,용인시 기흥구,공세동,화성파크드림프라브,매매,805동,1/4,410000000,109.7,NONE,"입주인협의, 아이들뛰놀수있는1층, 올수리된깨끗한집, 지하주차장연결",25.07.02,"['25년이내', '올수리', '1층', '방세개']",남향,12355258.432087513
경기도,용인시 기흥구,공세동,화성파크드림프라브,매매,802동,3/4,410000000,109.7,NONE,"세안고,남향,화이트로 올확장된 깨끗한집,지하주차장 바로연결",25.06.27,"['25년이내', '방세개', '화장실두개', '고층']",남향,12355258.432087513
경기도,용인시 기흥구,구갈동,가현마을신안,매매,605동,13/18,880000000,163.75,NDOC1,초역세권  전망굿 기본집  주인거주로집깨끗,25.07.14,"['25년이내', '역세권', '대형평수', '방네개이상']",남향,17765440.000000004
경기도,용인시 기흥구,구갈동,가현마을신안,매매,605동,8/18,890000000,163.75,DOC,GTX호재  정남향 신갈역세권 입주가 완전깨끗한집,25.07.21,"['25년이내', '역세권', '대형평수', '방네개이상']",남향,17967320.0
경기도,용인시 기흥구,구갈동,가현마을신안,매매,605동,저/18,800000000,163.75,DOC,"정상입주,샷시포함전체올수리,협의가,정남향,정원뷰,조용",25.07.05,"['25년이내', '올수리', '역세권', '대형평수']",남향,16150400.0
경기도,용인시 기흥구,구갈동,가현마을신안,매매,605동,13/18,880000000,163.75,NONE,,25.07.15,"['25년이내', '역세권', '대형평수', '방네개이상']",남향,17765440.000000004
경기도,용인시 기흥구,구갈동,가현마을신안,매매,605동,8/18,880000000,163.75,NONE,,25.07.14,"['25년이내', '역세권', '대형평수', '방네개이상']",남동향,17765440.000000004
경기도,용인시 기흥구,구갈동,가현마을신안,매매,604동,14/16,700000000,141.44,OWNER,"입주협의, 집상태 굿 로열층",25.07.19,"['25년이내', '역세권', '대형평수', '방네개이상']",동향,16360644.089366518
경기도,용인시 기흥구,구갈동,가현마을신안,매매,602동,5/20,760000000,141.44,OWNER,"올수리로집상태최상,신갈역,상권이용편리,입주협의",25.07.16,"['25년이내', '올수리', '대형평수', '방네개이상']",남동향,17762985.01131222
경기도,용인시 기흥구,구갈동,가현마을신안,전세,601동,4/20,480000000,141.44,DOC,"9월중순이후 입주씽크대교체,기본시설수리 신갈역제일가까운동",25.07.21,"['25년이내', '융자금없는', '대형평수', '방네개이상']",남동향,11218727.37556561
경기도,용인시 기흥구,구갈동,가현마을신안,매매,603동,1/20,720000000,141.44,DOC,전체올수리한집신갈역바로앞로얄동입주협의가능,25.07.17,"['25년이내', '올수리', '1층', '대형평수']",남동향,16828091.063348416
경기도,용인시 기흥구,구갈동,가현마을신안,매매,601동,4/20,680000000,141.44,NDOC1,"추천급매, 입주가능, 신갈역가까운동, 아주깨끗",25.07.05,"['25년이내', '급매', '대형평수', '방네개이상']",남향,15893197.115384618
경기도,용인시 기흥구,구갈동,가현마을신안,매매,601동,18/20,740000000,141.44,DOC,"화장실2,씽크대,도배깨끗 수리한집 골프장뷰좋음. 지하철 제일 가까운동",25.07.11,"['25년이내', '대형평수', '방네개이상', '화장실두개']",남동향,17295538.03733032
경기도,용인시 기흥구,구갈동,가현마을신안,매매,603동,14/20,710000000,141.44,DOC,"로얄층,전망굿,주인거주 정상입주,깨끗,초역세권",25.07.11,"['25년이내', '대형평수', '방네개이상', '화장실두개']",남동향,16594367.576357465
경기도,용인시 기흥구,구갈동,가현마을신안,매매,602동,중/20,700000000,141.44,DOC,"로얄층,채광굿,협의가,깨끗,초품아,상권인접,주거환경굿",25.07.16,"['25년이내', '대형평수', '방네개이상', '화장실두개']",남동향,16360644.089366518
경기도,용인시 기흥구,구갈동,가현마을신안,매매,601동,고/20,710000000,141.44,DOC,지하철제일가까운동 입주가능 골프장뷰,25.07.14,"['25년이내', '대형평수', '방네개이상', '화장실두개']",남동향,16594367.576357465
경기도,용인시 기흥구,구갈동,가현마을신안,매매,603동,19/20,750000000,141.44,DOC,정상로얄동로얄층전망좋아요,25.07.07,"['25년이내', '대형평수', '방네개이상', '화장실두개']",남동향,17529261.52432127
경기도,용인시 기흥구,구갈동,가현마을신안,월세,604동,고/16,3억/90,141.44,DOC,올수리한집정상입주앞뒤전망좋아요,25.07.09,"['25년이내', '올수리', '역세권', '대형평수']",동향,
경기도,용인시 기흥구,구갈동,가현마을신안,매매,604동,고/16,690000000,141.44,DOC,"세안고,깨끗,트인전망,초역세권,중심상권인접",25.07.05,"['25년이내', '역세권', '대형평수', '방네개이상']",동향,16126920.602375567
경기도,용인시 기흥구,구갈동,가현마을신안,매매,602동,고/20,750000000,141.44,DOC,"조정가.초역세권,채광굿,전망굿,중심상권인접,주거환경최상",25.07.05,"['25년이내', '대형평수', '방네개이상', '화장실두개']",남동향,17529261.52432127
경기도,용인시 기흥구,구갈동,가현마을신안,매매,601동,고/20,750000000,141.44,DOC,"초역세권,확장,조정가,정상입주,채광,전망굿",25.06.30,"['25년이내', '대형평수', '방네개이상', '화장실두개']",남동향,17529261.52432127
경기도,용인시 기흥구,구갈동,강남마을1단지코오롱하늘채수,매매,102동,5/7,650000000,174.77,OWNER,"남저북고형의 아주좋은터에 자리잡은 전원형아파트입니다,로열층,갭투세안고매매",25.07.12,"['25년이내', '대형평수', '방네개이상', '화장실두개']",남향,12294788.86536591
경기도,용인시 기흥구,구갈동,강남마을1단지코오롱하늘채수,매매,101동,5/7,650000000,174.77,DOC,올수리되어 깨끗한집 쾌적한 숲세권 빠른입주,25.07.21,"['25년이내', '올수리', '대형평수', '방네개이상']",남향,12294788.86536591
경기도,용인시 기흥구,구갈동,강남마을1단지코오롱하늘채수,매매,103동,2/7,550000000,174.77,DOC,"살기 좋은 마을.숲세권,학세권의 전원마을 ,강남대역 도보로 이동 가능",25.07.17,"['25년이내', '화장실두개', '대형평수', '방네개이상']",남향,10403282.886078848
경기도,용인시 기흥구,구갈동,강남마을1단지코오롱하늘채수,매매,101동,5/7,700000000,174.77,DOC,집상태 깨끗하고 주위에 산으로 둘러쌓여 있어서 쾌적하고 콘도느낌의 분위기,25.07.17,"['25년이내', '화장실두개', '대형평수', '방네개이상']",남향,13240541.85500944
경기도,용인시 기흥구,구갈동,강남마을1단지코오롱하늘채수,전세,101동,2/7,440000000,174.77,DOC,즉시입주 깨끗 조용 조망굿 ,25.07.16,"['25년이내', '융자금없는', '대형평수', '방네개이상']",남향,8322626.308863077
경기도,용인시 기흥구,구갈동,강남마을1단지코오롱하늘채수,매매,102동,7/7,620000000,174.77,DOC,,25.07.14,"['25년이내', '대형평수', '탑층', '방네개이상']",남향,11727337.07157979
경기도,용인시 기흥구,구갈동,강남마을1단지코오롱하늘채수,매매,104동,4/7,550000000,174.77,DOC,"자연속의 전원마을 느낌,여유로운 분위기의 마을,강남대 경전철역 도보 가능",25.07.12,"['25년이내', '화장실두개', '대형평수', '방네개이상']",남향,10403282.886078848
경기도,용인시 기흥구,구갈동,강남마을1단지코오롱하늘채수,매매,102동,저/7,670000000,174.77,DOC, 깨끗 조용 조망굿 ,25.07.10,"['25년이내', '대형평수', '방네개이상', '화장실두개']",남향,12673090.061223323
경기도,용인시 기흥구,구갈동,강남마을1단지코오롱하늘채수,매매,104동,6/7,700000000,174.77,NONE,"좋은동,로얄층,전망 좋음, 주인거주, 깨끗함 ",25.07.10,"['25년이내', '대형평수', '방네개이상', '화장실두개']",남동향,13240541.85500944
경기도,용인시 기흥구,구갈동,강남마을1단지코오롱하늘채수,매매,104동,2/7,700000000,174.77,NONE,"좋은동,전망나옴, 월세안고,",25.07.10,"['25년이내', '대형평수', '방네개이상', '화장실두개']",남동향,13240541.85500944
경기도,용인시 기흥구,구갈동,강남마을1단지코오롱하늘채수,매매,102동,7/7,620000000,174.77,NONE,"최근 특올수리,확장,대규모 택지 또는 대단지 아파트에  공급되는 열병합",25.07.10,"['25년이내', '올수리', '대형평수', '탑층']",남향,11727337.07157979
경기도,용인시 기흥구,구갈동,강남마을1단지코오롱하늘채수,매매,102동,5/7,650000000,174.77,NONE,"올수리, 확장, 주인거주,전망좋아요",25.07.02,"['25년이내', '올수리', '대형평수', '방네개이상']",남향,12294788.86536591
경기도,용인시 기흥구,구갈동,강남마을1단지코오롱하늘채수,매매,101동,3/7,650000000,174.77,NONE,"세안고,대규모 택지 또는 대단지 아파트에  공급되는 열병합(지역난방",25.07.02,"['25년이내', '대형평수', '방네개이상', '화장실두개']",남향,12294788.86536591
경기도,용인시 기흥구,구갈동,강남마을1단지코오롱하늘채수,매매,103동,2/7,550000000,174.77,NONE,"올수리,채광,전망나옴.잘 관리 된집. 주인거주",25.07.02,"['25년이내', '올수리', '대형평수', '방네개이상']",남서향,10403282.886078848
경기도,용인시 기흥구,구갈동,강남마을2단지한라비발디아델70,매매,203동,2/7,570000000,184.41,DOCV2,"25년10월입주협의  올리모델링 전망,채광,통풍 양호",25.07.14,"['25년이내', '복층', '대형평수', '방네개이상']",남향,10217978.68879128
경기도,용인시 기흥구,구갈동,강남마을2단지한라비발디아델70,매매,202동,6/7,750000000,184.41,DOC,올 리모델링 수납공간 차고 넘쳐요 뷰 아주 끝내줍니다. 콘도에 사는 느낌,25.07.17,"['25년이내', '테라스', '화장실두개', '대형평수']",서향,13444708.80104116
경기도,용인시 기흥구,구갈동,강남마을2단지한라비발디아델70,매매,202동,6/7,750000000,184.41,NONE,"올 리모델링,인테리어 최상, 북밭이설치,정상,잘 꾸며진 집입니다.",25.07.10,"['25년이내', '대형평수', '방네개이상', '화장실두개']",남서향,13444708.80104116
경기도,용인시 기흥구,구갈동,강남마을2단지한라비발디아델70,매매,203동,7/7,700000000,184.41,NONE,"발코니 확장,바닥원목수리,방1확장",25.07.10,"['25년이내', '확장형', '대형평수', '탑층']",남동향,12548394.880971748
경기도,용인시 기흥구,구갈동,강남마을2단지한라비발디아델70,매매,203동,2/7,570000000,184.41,NONE,"입주일협의, 리모델링 잘되있슴. 깨끗함.숲속의 전원아파트",25.07.10,"['25년이내', '대형평수', '방네개이상', '화장실두개']",남동향,10217978.68879128
경기도,용인시 기흥구,구갈동,강남마을2단지한라비발디아델70,매매,201동,6/7,650000000,176.85,NONE,"급매,주인거주,깨끗함,숲속 전원아파트,콘도같은 아파트 ",25.07.02,"['25년이내', '급매', '대형평수', '방네개이상']",남향,12150185.185185185
경기도,용인시 기흥구,구갈동,강남마을2단지한라비발디아델70,매매,202동,2/7,650000000,174.57,OWNER,넓고 쾌적한 전원주택 같은 기분 좋은집.주인거주.집상태굿.입주협의,25.07.21,"['25년이내', '대형평수', '방네개이상', '화장실두개']",남동향,12308874.663458787
경기도,용인시 기흥구,구갈동,강남마을2단지한라비발디아델70,매매,201동,4/7,700000000,172.19,DOC,주인거주 입주날짜 협의 가능 남향 전망 좋은 집 콘도분위기 단지,25.07.17,"['25년이내', '화장실두개', '대형평수', '방네개이상']",남향,13438930.832220223
경기도,용인시 기흥구,구갈동,강남마을2단지한라비발디아델70,매매,201동,2/7,700000000,172.19,DOC,"전원마을,숲세권,학세권,여유로운 분위기의 마을,콘도같은 고급스런 단지,",25.07.17,"['25년이내', '화장실두개', '대형평수', '방네개이상']",남서향,13438930.832220223
경기도,용인시 기흥구,구갈동,강남마을2단지한라비발디아델70,매매,201동,1/7,750000000,172.19,DOC,"내집앞 정원,여유로운 분위기의 단지,숲세권.학세권의 마을,도심속의 여유",25.07.12,"['25년이내', '테라스', '마당', '1층']",남서향,14398854.463093096
경기도,용인시 기흥구,구갈동,강남마을2단지한라비발디아델70,매매,201동,5/7,600000000,172.19,DOC, 거실 방3확장 깨끗 조용 조망굿 입주협의,25.07.04,"['25년이내', '대형평수', '방네개이상', '화장실두개']",남서향,11519083.570474476
경기도,용인시 기흥구,구갈동,강남마을4단지자연앤,매매,402동,5/22,570000000,150.97,OWNER,"최근내부화이트톤올수리,즉시입주가능",25.07.15,"['25년이내', '올수리', '대형평수', '방세개']",남향,12481270.782274626
경기도,용인시 기흥구,구갈동,강남마을4단지자연앤,매매,401동,16/19,530000000,150.97,OWNER,채광좋은집 아주깨끗 조용한동 입주협의가능,25.07.12,"['25년이내', '대형평수', '방세개', '화장실두개']",남동향,11605392.130886931
경기도,용인시 기흥구,구갈동,강남마을4단지자연앤,매매,401동,7/19,560000000,150.97,DOC,입주협의 깨끗 전망 조용 학세권,25.07.21,"['25년이내', '대형평수', '방세개', '화장실두개']",남향,12262301.119427701
경기도,용인시 기흥구,구갈동,강남마을4단지자연앤,매매,404동,19/21,590000000,150.97,DOC,빠른입주가능.탑층.기본.화장실 수리되어 깨끗.  계단으로 연결된 다락방.,25.07.18,"['25년이내', '욕실수리', '대형평수', '방세개']",남향,12919210.107968472
경기도,용인시 기흥구,구갈동,강남마을4단지자연앤,매매,404동,9/21,570000000,150.97,DOC,급매 화장실 씽크대교체  깨끗해요.,25.07.18,"['25년이내', '급매', '대형평수', '방세개']",남동향,12481270.782274626
경기도,용인시 기흥구,구갈동,강남마을4단지자연앤,매매,401동,13/19,560000000,150.97,DOC,거실확장 방2개 확장 정남향 깨끗해요.,25.07.17,"['25년이내', '대형평수', '방두개', '화장실두개']",남향,12262301.119427701
경기도,용인시 기흥구,구갈동,강남마을4단지자연앤,매매,404동,7/21,510000000,150.97,DOC,"세안고, 초등인접, 남향",25.07.16,"['25년이내', '대형평수', '방네개이상', '화장실두개']",남동향,11167452.805193085
경기도,용인시 기흥구,구갈동,강남마을4단지자연앤,매매,404동,10/21,600000000,150.97,DOC,"올수리,깨끗함,입주일협의가능",25.07.16,"['25년이내', '올수리', '대형평수', '방세개']",남향,13138179.770815395
경기도,용인시 기흥구,구갈동,강남마을4단지자연앤,월세,403동,21/22,"8,000/180",150.97,DOC,조망굿 수리예정,25.07.15,"['25년이내', '융자금없는', '대형평수', '방세개']",남동향,
경기도,용인시 기흥구,구갈동,강남마을4단지자연앤,매매,404동,15/21,590000000,150.97,DOC,기본. 조용하고 밝은 집.초중고 인접. ,25.07.12,"['25년이내', '대형평수', '방세개', '화장실두개']",남향,12919210.107968472
경기도,용인시 기흥구,구갈동,강남마을4단지자연앤,매매,401동,저/19,530000000,150.97,DOC,기본집 깨끗해요,25.07.18,"['25년이내', '대형평수', '방세개', '화장실두개']",남향,11605392.130886931
경기도,용인시 기흥구,구갈동,강남마을4단지자연앤,매매,403동,16/22,600000000,150.97,DOC,"초등인접, 남향, 입주일 협의",25.07.10,"['25년이내', '대형평수', '방세개', '화장실두개']",남향,13138179.770815395
경기도,용인시 기흥구,구갈동,강남마을4단지자연앤,매매,403동,4/22,520000000,150.97,DOC,"주인거주 입주일 협의, 기본",25.07.09,"['25년이내', '대형평수', '방세개', '화장실두개']",남향,11386422.468040008
경기도,용인시 기흥구,구갈동,강남마을4단지자연앤,매매,403동,10/22,600000000,150.97,DOC,"남향, 초등학교 인접",25.07.08,"['25년이내', '대형평수', '방세개', '화장실두개']",남향,13138179.770815395
경기도,용인시 기흥구,구갈동,강남마을4단지자연앤,월세,404동,고/21,1억/200,150.97,DOC,"빠른입주가, 욕실특수리, 층간소음 없음, 탑층,다락방, 방4,",25.07.14,"['25년이내', '대형평수', '방네개이상', '화장실두개']",남동향,
경기도,용인시 기흥구,구갈동,강남마을4단지자연앤,매매,401동,저/19,530000000,150.97,DOC,밝고 좋은 집. 빠른입주가능,25.07.11,"['25년이내', '대형평수', '방세개', '화장실두개']",남향,11605392.130886931
경기도,용인시 기흥구,구갈동,강남마을4단지자연앤,전세,404동,19/21,450000000,150.97,DOC,빠른입주가능.탑층.기본.화장실 수리됨.깨끗. ,25.06.30,"['25년이내', '욕실수리', '대형평수', '방세개']",남향,9853634.828111546
경기도,용인시 기흥구,구갈동,강남마을4단지자연앤,매매,402동,중/22,650000000,150.97,DOC,45형 확장. 올수리. 주인거주. 입주협의가능.초중고근접. 공원근접.,25.07.01,"['25년이내', '올수리', '대형평수', '방세개']",남향,14233028.085050011
경기도,용인시 기흥구,구갈동,강남마을4단지자연앤,매매,403동,중/22,600000000,150.97,DOC,"입주 협의, 옆 초등,고등, 조용한 산 조망",25.06.24,"['25년이내', '대형평수', '방네개이상', '화장실두개']",남동향,13138179.770815395
경기도,용인시 기흥구,구갈동,강남마을4단지자연앤,매매,404동,7/21,510000000,150.97,NONE,"세안고,기본, 남향, 초등인접",25.07.16,"['25년이내', '대형평수', '방네개이상', '화장실두개']",남향,11167452.805193085
경기도,용인시 기흥구,구갈동,강남마을4단지자연앤,매매,401동,7/19,560000000,150.97,NONE,"남향, 초등학교 인접, 주인거주로 입주일 협의",25.07.16,"['25년이내', '대형평수', '방네개이상', '화장실두개']",남향,12262301.119427701
경기도,용인시 기흥구,구갈동,강남마을4단지자연앤,매매,403동,4/22,520000000,150.97,NONE,"입주일 협의 가능, 주인거주관리잘됨.",25.07.09,"['25년이내', '대형평수', '방네개이상', '화장실두개']",남향,11386422.468040008
경기도,용인시 기흥구,구갈동,강남마을4단지자연앤,매매,401동,3/19,530000000,150.97,NONE,"즉시입주가능, 초등인접",25.07.09,"['25년이내', '대형평수', '방네개이상', '화장실두개']",남향,11605392.130886931
경기도,용인시 기흥구,구갈동,강남마을4단지자연앤,매매,401동,5/19,570000000,113.73,OWNER,"거실확장,올수리,공원전망,주인거주",25.07.08,"['25년이내', '올수리', '화장실두개', '방세개']",남향,16568165.391717227
경기도,용인시 기흥구,구갈동,강남마을4단지자연앤,매매,401동,6/19,570000000,113.73,DOC,올확장 최근수리화장실2 도배 장판 등교체  입주협의 ,25.07.16,"['25년이내', '방세개', '화장실두개', '세대당1대']",남향,16568165.391717227
경기도,용인시 기흥구,구갈동,강남마을4단지자연앤,매매,401동,중/19,480000000,113.73,DOC,"입주협의, 조용한단지, 트인뷰, 부분수리, 깨끗한집",25.07.05,"['25년이내', '방세개', '화장실두개', '중층']",남향,13952139.277235558
경기도,용인시 기흥구,구갈동,강남마을4단지자연앤,매매,404동,10/21,520000000,113.36,OWNER,"확장형,아주깨끗,주인거주",25.07.08,"['25년이내', '화장실두개', '방세개', '중층']",남향,15164151.37614679
경기도,용인시 기흥구,구갈동,강남마을4단지자연앤,매매,404동,14/21,500000000,113.36,DOC,방.거실확장.주인거주로 관리잘된집,25.07.17,"['25년이내', '방세개', '화장실두개', '중층']",남향,14580914.78475653
경기도,용인시 기흥구,구갈동,강남마을4단지자연앤,매매,403동,14/22,470000000,113.36,DOC,"공실,기본,초품아,조용한동,깨끗함,빠른입주가능",25.07.16,"['25년이내', '방세개', '화장실두개', '중층']",남향,13706059.897671137
경기도,용인시 기흥구,구갈동,강남마을4단지자연앤,매매,404동,14/21,500000000,113.36,NONE,"올확장, 화단철거됨.입주일협의",25.07.05,"['25년이내', '방세개', '화장실두개', '중층']",남동향,14580914.78475653
경기도,용인시 기흥구,구갈동,강남마을4단지자연앤,매매,403동,14/22,470000000,113.36,NONE,"급매,즉시입주가능, 초등학교인접, ",25.07.05,"['25년이내', '급매', '방세개', '화장실두개']",남동향,13706059.897671137
경기도,용인시 기흥구,구갈동,강남마을5단지코오롱하늘채,매매,504동,20/20,720000000,162.71,DOC,"탑층,거실,남향방2확장,전망굿,입주일협의가능",25.07.21,"['25년이내', '역세권', '복층', '대형평수']",남서향,14628266.240550673
경기도,용인시 기흥구,구갈동,강남마을5단지코오롱하늘채,매매,504동,15/20,690000000,162.71,DOC,올마루 씽크대교체  깨끗 조용 입주협의,25.07.18,"['25년이내', '역세권', '대형평수', '방네개이상']",남서향,14018755.147194395
경기도,용인시 기흥구,구갈동,강남마을5단지코오롱하늘채,매매,505동,7/17,580000000,130.81,DOC,"입주협의, 기본집, 강남대역5분, 전망좋은집, 깨끗해요",25.07.21,"['25년이내', '역세권', '방네개이상', '화장실두개']",남서향,14657559.05511811
경기도,용인시 기흥구,구갈동,강남마을5단지코오롱하늘채,매매,505동,13/17,570000000,130.81,DOCV2,"거실,방2 확장,전망 좋은 깨끗한집, 교통편리, 상권편리",25.07.08,"['25년이내', '역세권', '방네개이상', '화장실두개']",남서향,14404842.51968504
경기도,용인시 기흥구,구갈동,강남마을5단지코오롱하늘채,매매,506동,15/17,560000000,130.81,DOC,"초중고 도보권 , 강남대역 광역버스 출퇴근 편리 , 상가인접",25.07.11,"['25년이내', '역세권', '방네개이상', '화장실두개']",남향,14152125.984251969
경기도,용인시 기흥구,구갈동,강남마을5단지코오롱하늘채,매매,506동,6/17,570000000,130.81,DOC,방4개 빠른입주가능.아트륨확장.깨끗.주차편리.초중고인접.교통편리,25.07.11,"['25년이내', '역세권', '방네개이상', '화장실두개']",남서향,14404842.51968504
경기도,용인시 기흥구,구갈동,강남마을5단지코오롱하늘채,매매,505동,중/17,630000000,130.81,DOC,"싱크교체 및 올확장, 전등교체, 공원뷰, 강남대역 가장 가깝",25.07.14,"['25년이내', '역세권', '방네개이상', '화장실두개']",남서향,15921141.732283466
경기도,용인시 기흥구,구갈동,강남마을5단지코오롱하늘채,매매,505동,중/17,580000000,130.81,DOC,조정가능,25.07.07,"['25년이내', '역세권', '방세개', '화장실두개']",남향,14657559.05511811
경기도,용인시 기흥구,구갈동,강남마을5단지코오롱하늘채,매매,506동,3/17,565000000,130.81,DOC,세안고 올확장형  깨끗 초중고인접 광역버스이용편리,25.06.30,"['25년이내', '역세권', '방네개이상', '화장실두개']",남서향,14278484.251968505
경기도,용인시 기흥구,구갈동,강남마을5단지코오롱하늘채,매매,506동,중/17,630000000,130.81,DOC,"입주협의,기본형, 방4활용가, 공원뷰좋음,  강남대역,광역버스정류장 가깝",25.06.24,"['25년이내', '역세권', '방네개이상', '화장실두개']",남서향,15921141.732283466
경기도,용인시 기흥구,구갈동,강남마을5단지코오롱하늘채,매매,501동,22/25,550000000,113.92,OWNER,"주인거주중으로 입주협의가능, 조망 및 채광좋음, 추가인테리어, 사진참고",25.07.21,"['25년이내', '역세권', '방세개', '화장실두개']",남서향,15960162.833567416
경기도,용인시 기흥구,구갈동,강남마을5단지코오롱하늘채,매매,503동,22/22,600000000,113.92,DOC,"긴 세안고매매, 전망시원 탑, 테라스활용, 강남대역가깝고 주차편한동,",25.07.21,"['25년이내', '테라스', '역세권', '탑층']",남서향,17411086.72752809
경기도,용인시 기흥구,구갈동,강남마을5단지코오롱하늘채,매매,501동,1/25,510000000,113.92,DOC,"입주협의, 거실,방1,아트리움 확장, 싱크욕실수리, 정원예쁜집, 조정",25.07.21,"['25년이내', '마당', '역세권', '1층']",남서향,14799423.718398878
경기도,용인시 기흥구,구갈동,강남마을5단지코오롱하늘채,매매,503동,17/22,530000000,113.92,DOC,"세안고,기본,전망굿,료열동호수",25.07.19,"['25년이내', '역세권', '방세개', '화장실두개']",남서향,15379793.275983147
경기도,용인시 기흥구,구갈동,강남마을5단지코오롱하늘채,매매,504동,15/20,530000000,113.92,DOC,층수좋고전망도 좋아요,25.07.16,"['25년이내', '역세권', '방세개', '화장실두개']",남향,15379793.275983147
경기도,용인시 기흥구,구갈동,강남마을5단지코오롱하늘채,매매,501동,고/25,530000000,113.92,DOC,"세안고매매,기본,전망좋음",25.07.21,"['25년이내', '역세권', '방세개', '화장실두개']",남서향,15379793.275983147
경기도,용인시 기흥구,구갈동,강남마을5단지코오롱하늘채,매매,504동,고/20,530000000,113.92,DOC,"세안고매매,료열동호수,깨끗함,교통,상권편리",25.07.21,"['25년이내', '역세권', '방세개', '화장실두개']",남서향,15379793.275983147
경기도,용인시 기흥구,구갈동,강남마을5단지코오롱하늘채,전세,501동,저/25,400000000,113.92,DOC,"입주협의, 수리된집, 트인전망, 강남대역 가까운",25.07.21,"['25년이내', '역세권', '방세개', '화장실두개']",남서향,11607391.151685394
경기도,용인시 기흥구,구갈동,강남마을5단지코오롱하늘채,매매,501동,저/25,550000000,113.92,DOC,"입주협의, 샤시일부교체, 욕실싱크 수리된 깨끗한집, 전망좋은집",25.07.21,"['25년이내', '역세권', '방세개', '화장실두개']",남향,15960162.833567416
경기도,용인시 기흥구,구갈동,강남마을5단지코오롱하늘채,매매,501동,저/25,495000000,113.92,DOC,"추천급매, 입주협의, 녹지뷰, 예쁜정원, 방1확장, 싱크교체된 밝은집",25.07.21,"['25년이내', '마당', '역세권', '급매']",남서향,14364146.550210673
경기도,용인시 기흥구,구갈동,강남마을5단지코오롱하늘채,매매,502동,고/25,550000000,113.92,DOC,기본  도배 장판 깨끗 입주협의,25.07.19,"['25년이내', '역세권', '방세개', '화장실두개']",남서향,15960162.833567416
경기도,용인시 기흥구,구갈동,강남마을5단지코오롱하늘채,매매,502동,저/25,520000000,113.92,DOC,"기본,조용한동,입주일협의가능",25.07.17,"['25년이내', '역세권', '방세개', '화장실두개']",남서향,15089608.497191012
경기도,용인시 기흥구,구갈동,강남마을5단지코오롱하늘채,매매,502동,8/25,550000000,113.92,DOC,"아트홀확장, 싱크교체, 깨끗하게 관리됨, 교통상권편리",25.07.10,"['25년이내', '역세권', '방세개', '화장실두개']",남향,15960162.833567416
경기도,용인시 기흥구,구갈동,강남마을5단지코오롱하늘채,매매,502동,중/25,580000000,113.92,DOC,"최근올인테리어,전망굿,깨끗함,입주일협의가능",25.06.30,"['25년이내', '역세권', '방세개', '화장실두개']",남서향,16830717.16994382
경기도,용인시 기흥구,구갈동,강남마을5단지코오롱하늘채,매매,501동,저/25,485000000,113.92,DOC,"급매, 긴세안고 매매, 편안한 정원뷰, 착한금액, 지금이 기회입니다",25.06.26,"['25년이내', '역세권', '급매', '방세개']",남서향,14073961.771418538
경기도,용인시 기흥구,구갈동,강남마을5단지코오롱하늘채,매매,502동,고/25,550000000,113.92,DOC,기본 세안고  초중고대학교인접 교통편리 ,25.06.25,"['25년이내', '역세권', '방세개', '화장실두개']",남서향,15960162.833567416
경기도,용인시 기흥구,구갈동,강남마을6단지자연앤,매매,603동,5/18,600000000,150.25,NDOC1,"기본형,초중고인접, 대중교통망굿,",25.07.21,"['25년이내', '역세권', '대형평수', '방네개이상']",남향,13201138.103161398
경기도,용인시 기흥구,구갈동,강남마을6단지자연앤,매매,602동,5/18,580000000,150.25,OWNER,"올수리,로얄동,방4개,채광좋은남향,10월말11월입주협의",25.07.21,"['25년이내', '올수리', '역세권', '대형평수']",남향,12761100.166389352
경기도,용인시 기흥구,구갈동,강남마을6단지자연앤,매매,603동,3/18,560000000,150.25,OWNER,"신혼거주집최상,씽크대,화장실2,LED교체,광역버스인접,입주협의",25.07.18,"['25년이내', '역세권', '대형평수', '방네개이상']",남향,12321062.229617305
경기도,용인시 기흥구,구갈동,강남마을6단지자연앤,매매,603동,5/18,580000000,150.25,OWNER,"빠른입주가능, 인테리어할시간드릴수있어요",25.07.14,"['25년이내', '역세권', '대형평수', '방네개이상']",남향,12761100.166389352
경기도,용인시 기흥구,구갈동,강남마을6단지자연앤,매매,605동,18/23,610000000,150.25,OWNER,"탁트인전망,로얄동,중간라인,주인거주,아주깨끗",25.07.14,"['25년이내', '대형평수', '방세개', '화장실두개']",남향,13421157.071547423
경기도,용인시 기흥구,구갈동,강남마을6단지자연앤,매매,605동,20/23,630000000,150.25,DOC,탑층.계단.기본.입주협의가능.,25.07.21,"['25년이내', '대형평수', '방네개이상', '화장실두개']",남향,13861195.008319467
경기도,용인시 기흥구,구갈동,강남마을6단지자연앤,월세,603동,5/18,"1억 3,000/180",150.25,DOC,"기본, 채광굿, 즉시입주가능",25.07.21,"['25년이내', '역세권', '대형평수', '방네개이상']",남향,
경기도,용인시 기흥구,구갈동,강남마을6단지자연앤,전세,605동,12/23,410000000,150.25,DOC,"남향, 화장실수리를 포함한 부분 수리예정, 도배장판교체",25.07.19,"['25년이내', '욕실수리', '대형평수', '방네개이상']",남향,9020777.703826956
경기도,용인시 기흥구,구갈동,강남마을6단지자연앤,매매,602동,2/18,570000000,150.25,DOC,"채광 좋고 깨끗한 집, 주인거주로 관리 잘 된 집,교통편리",25.07.18,"['25년이내', '역세권', '대형평수', '방네개이상']",남향,12541081.198003327
경기도,용인시 기흥구,구갈동,강남마을6단지자연앤,매매,603동,16/18,620000000,150.25,DOC,조망굿 깨끗 입주협의,25.07.18,"['25년이내', '역세권', '대형평수', '방네개이상']",남서향,13641176.039933445
경기도,용인시 기흥구,구갈동,강남마을6단지자연앤,매매,605동,10/23,600000000,150.25,DOC,거실확장 조망굿 정상입주 협의가능,25.07.18,"['25년이내', '대형평수', '방네개이상', '화장실두개']",남향,13201138.103161398
경기도,용인시 기흥구,구갈동,강남마을6단지자연앤,매매,604동,5/20,600000000,150.25,DOC,전체수리된집. 전망좋은 가운데라인.여름방학쯤 이사희망,25.07.17,"['25년이내', '대형평수', '방네개이상', '화장실두개']",남향,13201138.103161398
경기도,용인시 기흥구,구갈동,강남마을6단지자연앤,매매,602동,17/18,630000000,150.25,DOC,,25.07.16,"['25년이내', '역세권', '대형평수', '방네개이상']",남향,13861195.008319467
경기도,용인시 기흥구,구갈동,강남마을6단지자연앤,월세,604동,17/20,1억/200,150.25,DOC,"즉입,올수리, 시에4, 거실확장, 빠른입주가, 광역버스정류장, 전망정남향",25.07.14,"['25년이내', '올수리', '대형평수', '방네개이상']",남향,
경기도,용인시 기흥구,구갈동,강남마을6단지자연앤,매매,604동,17/20,680000000,150.25,DOC,"즉입,올수리, 시에4, 거실확장, 빠른입주가, 광역버스정류장, 전망정남향",25.07.12,"['25년이내', '올수리', '대형평수', '방네개이상']",남향,14961289.850249585
경기도,용인시 기흥구,구갈동,강남마을6단지자연앤,매매,603동,3/18,560000000,150.25,DOC,전세안고 조정가능,25.07.11,"['25년이내', '역세권', '대형평수', '방네개이상']",남향,12321062.229617305
경기도,용인시 기흥구,구갈동,강남마을6단지자연앤,매매,603동,7/18,600000000,150.25,DOC,"광역버스인접, 초등학교인접, 입주일 협의",25.07.10,"['25년이내', '역세권', '대형평수', '방네개이상']",남향,13201138.103161398
경기도,용인시 기흥구,구갈동,강남마을6단지자연앤,매매,603동,2/18,620000000,150.25,DOC,"광역버스정류장 초인접, 초등학교 인접, 입주일 협의",25.07.10,"['25년이내', '역세권', '대형평수', '방네개이상']",남향,13641176.039933445
경기도,용인시 기흥구,구갈동,강남마을6단지자연앤,매매,603동,1/18,590000000,150.25,DOC,기본집. 광역버스교통편리. 입주협의 가능.,25.07.08,"['25년이내', '역세권', '1층', '대형평수']",남향,12981119.134775376
경기도,용인시 기흥구,구갈동,강남마을6단지자연앤,매매,605동,중/23,590000000,150.25,DOC,"빠른입주,수리기간0, 전망좋은 잘관리된집, 정남향",25.07.12,"['25년이내', '대형평수', '방네개이상', '화장실두개']",남향,12981119.134775376
경기도,용인시 기흥구,구갈동,강남마을6단지자연앤,매매,602동,중/18,680000000,150.25,DOC,"입주협의, 조용한 선호동, 수리된 깨끗한집, 방4, 정남향, ",25.07.12,"['25년이내', '역세권', '대형평수', '방네개이상']",남향,14961289.850249585
경기도,용인시 기흥구,구갈동,강남마을6단지자연앤,매매,603동,15/18,620000000,150.25,DOC,산전망 좋은 기본집.입주일 협의,25.07.01,"['25년이내', '역세권', '대형평수', '방네개이상']",남향,13641176.039933445
경기도,용인시 기흥구,구갈동,강남마을6단지자연앤,매매,602동,저/18,600000000,150.25,DOC,"입주협의, 조용한 선호동, 수리한집, 방4, 정남향, ",25.07.05,"['25년이내', '역세권', '대형평수', '방네개이상']",남향,13201138.103161398
경기도,용인시 기흥구,구갈동,강남마을6단지자연앤,매매,605동,중/23,590000000,150.25,DOC,"입주협의, 관리잘된깨끗한집, 전망시원, 정남향",25.07.01,"['25년이내', '대형평수', '방네개이상', '화장실두개']",남향,12981119.134775376
경기도,용인시 기흥구,구갈동,강남마을6단지자연앤,매매,605동,1/23,620000000,150.25,NONE,"층간소음걱정없는 1층,초등학교인접, 광역버스 정류장 인접,",25.07.16,"['25년이내', '1층', '대형평수', '방네개이상']",남향,13641176.039933445
경기도,용인시 기흥구,구갈동,강남마을6단지자연앤,매매,603동,8/18,650000000,150.25,NONE,"남향, 초등학교인접, 광역버스 초인접",25.07.16,"['25년이내', '역세권', '대형평수', '방네개이상']",남향,14301232.945091514
경기도,용인시 기흥구,구갈동,강남마을6단지자연앤,매매,603동,7/18,630000000,150.25,NONE,"세안고,남향, 초등학교 인접, 광역버스정류장 초인접",25.07.16,"['25년이내', '역세권', '대형평수', '방네개이상']",남향,13861195.008319467
경기도,용인시 기흥구,구갈동,강남마을6단지자연앤,매매,606동,4/21,495000000,112.82,DOC,올확장형. 조용하고 초중고 통학 편리. 광역 출퇴근 편리.,25.07.21,"['25년이내', '방세개', '화장실두개', '세대당1대']",남향,14504197.61567098
경기도,용인시 기흥구,구갈동,강남마을6단지자연앤,매매,601동,16/18,490000000,112.82,DOC,욕실 씽크대수리 방2확장 관리잘된 집 광역버스교통편리,25.07.19,"['25년이내', '역세권', '방세개', '화장실두개']",남향,14357690.569048043
경기도,용인시 기흥구,구갈동,강남마을6단지자연앤,매매,606동,15/21,500000000,112.82,DOC,기본집 정상입주,25.07.17,"['25년이내', '방세개', '화장실두개', '고층']",남향,14650704.662293922
경기도,용인시 기흥구,구갈동,강남마을6단지자연앤,매매,606동,10/21,520000000,112.82,DOC,"거실폴딩도어. 화장실,씽크대,전체수리.조용한동 깨끗.전세안고",25.07.17,"['25년이내', '방세개', '화장실두개', '중층']",남향,15236732.848785678
경기도,용인시 기흥구,구갈동,강남마을6단지자연앤,매매,606동,18/21,500000000,112.82,DOC,"비확장, 초등학교 인접,입주일 협의",25.07.10,"['25년이내', '방세개', '화장실두개', '고층']",남향,14650704.662293922
경기도,용인시 기흥구,구갈동,강남마을6단지자연앤,매매,605동,5/23,510000000,112.82,DOC,"화이트톤 특올수리, 초중고 인접, 광역버스 인접,입주일협의",25.07.08,"['25년이내', '올수리', '방세개', '화장실두개']",남향,14943718.755539801
경기도,용인시 기흥구,구갈동,강남마을6단지자연앤,매매,606동,4/21,500000000,112.82,NONE,"거실확장, 기본, 초중고 인접, ",25.07.16,"['25년이내', '방세개', '화장실두개', '세대당1대']",남향,14650704.662293922
경기도,용인시 기흥구,구갈동,강남마을6단지자연앤,매매,605동,5/23,510000000,112.82,NONE,"최근 특올인테리어,전망굿",25.07.09,"['25년이내', '방세개', '화장실두개', '세대당1대']",남동향,14943718.755539801
경기도,용인시 기흥구,구갈동,강남마을6단지자연앤,매매,601동,16/18,490000000,112.82,NONE,"즉시입주가능, 초중고인접, 광역버스인접, 산책길 좋음,동간간격넓음",25.07.05,"['25년이내', '역세권', '방세개', '화장실두개']",남향,14357690.569048043
경기도,용인시 기흥구,구갈동,강남마을6단지자연앤,매매,606동,11/21,500000000,112.46,DOC,기본형. 조용하고 초중고 통학 편리. 광역 출퇴근 편리.,25.07.18,"['25년이내', '방세개', '화장실두개', '중층']",남향,14697603.592388405
경기도,용인시 기흥구,구갈동,강남마을6단지자연앤,매매,606동,12/21,550000000,112.46,DOC,"기본, 입주일협의",25.07.11,"['25년이내', '방세개', '화장실두개', '중층']",남향,16167363.951627247
경기도,용인시 기흥구,구갈동,강남마을6단지자연앤,매매,606동,13/21,510000000,112.46,DOC,"올수리,입주일 협의가능, 초중고인접, 광역버스인접",25.07.08,"['25년이내', '올수리', '방세개', '화장실두개']",남향,14991555.664236173
경기도,용인시 기흥구,구갈동,강남마을6단지자연앤,매매,606동,고/21,490000000,112.46,DOC, 기본 조정가능,25.06.24,"['25년이내', '방세개', '화장실두개', '고층']",남향,14403651.520540636
경기도,용인시 기흥구,구갈동,강남마을6단지자연앤,매매,606동,13/21,510000000,112.46,NONE,"올수리, 입주일 협의",25.07.05,"['25년이내', '올수리', '방세개', '화장실두개']",남향,14991555.664236173
경기도,용인시 기흥구,구갈동,강남마을6단지자연앤,매매,606동,12/21,550000000,112.46,NONE,"기본, 초중고인접",25.07.05,"['25년이내', '방세개', '화장실두개', '중층']",남향,16167363.951627247
경기도,용인시 기흥구,구갈동,강남마을6단지자연앤,매매,605동,3/23,500000000,112.46,NONE,"세안고매매, 올수리",25.07.05,"['25년이내', '올수리', '방세개', '화장실두개']",남향,14697603.592388405
경기도,용인시 기흥구,구갈동,강남마을7단지계룡리슈빌,매매,707동,13/25,520000000,111.52,OWNER,"샷시제외올수리, 빠른입주가능, 컨디션최상, 사진참고",25.07.21,"['25년이내', '올수리', '역세권', '방세개']",남향,15414348.995695842
경기도,용인시 기흥구,구갈동,강남마을7단지계룡리슈빌,매매,705동,9/21,480000000,111.52,DOC, 빠른입주 전망굿 거실확장 지석역 ,25.07.21,"['25년이내', '방세개', '화장실두개', '중층']",남동향,14228629.842180775
경기도,용인시 기흥구,구갈동,강남마을7단지계룡리슈빌,매매,705동,2/21,460000000,111.52,DOC,즉시입주주인거주 관리잘됨 거실.방확장.,25.07.21,"['25년이내', '방세개', '화장실두개', '세대당1대']",남동향,13635770.265423244
경기도,용인시 기흥구,구갈동,강남마을7단지계룡리슈빌,매매,706동,저/24,470000000,111.52,OWNER,"정남향으로 일조량 많고 트여 있어요, 올수리 세대, 기본형 구조",25.07.17,"['25년이내', '올수리', '역세권', '방세개']",남향,13932200.05380201
경기도,용인시 기흥구,구갈동,강남마을7단지계룡리슈빌,매매,705동,18/21,480000000,111.52,DOC,방. 거실확장됨.밝고 전망좋은집.입주일 협의,25.07.19,"['25년이내', '방세개', '화장실두개', '고층']",남동향,14228629.842180775
경기도,용인시 기흥구,구갈동,강남마을7단지계룡리슈빌,매매,706동,9/24,470000000,111.52,DOC,거실확장.부분수리됨.전망좋은집 세안고,25.07.19,"['25년이내', '역세권', '방세개', '화장실두개']",남향,13932200.05380201
경기도,용인시 기흥구,구갈동,강남마을7단지계룡리슈빌,매매,707동,2/25,450000000,111.52,DOC,기본집.빠른 입주가능.,25.07.19,"['25년이내', '역세권', '방세개', '화장실두개']",남향,13339340.477044478
경기도,용인시 기흥구,구갈동,강남마을7단지계룡리슈빌,매매,701동,22/24,500000000,111.52,DOC,거실.방확장형 밝고 조용한집 가운데라인,25.07.17,"['25년이내', '역세권', '방세개', '화장실두개']",남향,14821489.418938307
경기도,용인시 기흥구,구갈동,강남마을7단지계룡리슈빌,매매,704동,3/18,500000000,111.52,DOC,부분 수리로 깨끗. 경전철 광역버스 교통편리. ,25.07.16,"['25년이내', '역세권', '방세개', '화장실두개']",남동향,14821489.418938307
경기도,용인시 기흥구,구갈동,강남마을7단지계룡리슈빌,매매,707동,12/25,560000000,111.52,NDOC1,"트인전망,최근특올수리로집상태최상,입주협의",25.07.03,"['25년이내', '올수리', '역세권', '방세개']",남향,16600068.149210904
경기도,용인시 기흥구,구갈동,강남마을7단지계룡리슈빌,매매,707동,1/25,460000000,111.52,DOC,"층간소음걱정없는 1층, 거실확장",25.07.11,"['25년이내', '역세권', '1층', '방세개']",남향,13635770.265423244
경기도,용인시 기흥구,구갈동,강남마을7단지계룡리슈빌,매매,706동,저/24,495000000,111.52,DOC,"거실,입구방확장 화장실,도배 장판 등교체 화아트톤 깨끗해요.",25.07.17,"['25년이내', '역세권', '방세개', '화장실두개']",남향,14673274.524748927
경기도,용인시 기흥구,구갈동,강남마을7단지계룡리슈빌,매매,707동,7/25,490000000,111.52,DOC,산전망좋은 기본집,25.07.05,"['25년이내', '역세권', '방세개', '화장실두개']",남향,14525059.630559541
경기도,용인시 기흥구,구갈동,강남마을7단지계룡리슈빌,매매,701동,20/24,530000000,111.52,DOC,최근 올수리 거실폴딩도어 조용 조망굿 입주협의,25.07.04,"['25년이내', '올수리', '역세권', '방세개']",남향,15710778.784074608
경기도,용인시 기흥구,구갈동,강남마을7단지계룡리슈빌,매매,701동,24/24,560000000,111.52,DOC,"다락방 있는 탑층, 거실확장, 최근 부분 수리 되고 깨끗하게 관리됨",25.06.30,"['25년이내', '역세권', '복층', '탑층']",남향,16600068.149210904
경기도,용인시 기흥구,구갈동,강남마을7단지계룡리슈빌,매매,702동,23/23,500000000,111.52,DOC,탑층 다락방 밝고 좋은입 조금절충가 .월세안고,25.06.28,"['25년이내', '역세권', '탑층', '방세개']",남향,14821489.418938307
경기도,용인시 기흥구,구갈동,강남마을7단지계룡리슈빌,매매,701동,2/24,480000000,111.52,DOC,최근전체수리됨.주인거주로 깨끗함.조용하고 선호하는동,25.06.27,"['25년이내', '역세권', '방세개', '화장실두개']",남향,14228629.842180775
경기도,용인시 기흥구,구갈동,강남마을7단지계룡리슈빌,매매,702동,8/23,500000000,111.52,DOC,방2개확장. 주인거주로 깨끗.조용한 동.,25.06.27,"['25년이내', '역세권', '방두개', '화장실두개']",남향,14821489.418938307
경기도,용인시 기흥구,구갈동,강남마을7단지계룡리슈빌,매매,705동,7/21,530000000,111.52,DOC,최근 올수리.교통편리.초중고학군편리.지하주차장연결.전망좋음.,25.06.27,"['25년이내', '올수리', '방세개', '화장실두개']",남향,15710778.784074608
경기도,용인시 기흥구,구갈동,강남마을7단지계룡리슈빌,매매,701동,저/24,500000000,111.52,DOC,"화장실 싱크대 수리되고 깨끗하게 관리,조용한 동,주차장연결",25.06.30,"['25년이내', '역세권', '방세개', '화장실두개']",남향,14821489.418938307
경기도,용인시 기흥구,구갈동,강남마을7단지계룡리슈빌,매매,701동,23/24,530000000,111.52,NONE,"세안고매매, 올수리됨. ",25.07.16,"['25년이내', '올수리', '역세권', '방세개']",남향,15710778.784074608
경기도,용인시 기흥구,구갈동,강남마을7단지계룡리슈빌,매매,705동,2/21,460000000,111.52,NONE,"주인거주관리깨끗, 초등학교 인접,입주일협의",25.07.16,"['25년이내', '방세개', '화장실두개', '세대당1대']",남동향,13635770.265423244
경기도,용인시 기흥구,구갈동,강남마을7단지계룡리슈빌,매매,703동,13/20,450000000,98.91,DOC,거실확장.전망나오는집.주인거주로 깨끗한 기본집.입주일협의,25.07.17,"['25년이내', '역세권', '방세개', '화장실두개']",남향,15039968.152866244
경기도,용인시 기흥구,구갈동,강남마을7단지계룡리슈빌,매매,703동,17/20,480000000,98.91,DOC,"조용한동.씽크대교체,깨끗",25.07.17,"['25년이내', '역세권', '방세개', '화장실두개']",남동향,16042632.696390659
경기도,용인시 기흥구,구갈동,강남마을7단지계룡리슈빌,매매,703동,1/20,450000000,98.91,DOC,"아이키우기좋은집,초등학교바로앞,1층텃밭사용가능",25.07.14,"['25년이내', '역세권', '1층', '방세개']",남향,15039968.152866244
경기도,용인시 기흥구,구갈동,강남마을7단지계룡리슈빌,매매,703동,중/20,500000000,98.91,DOC,샷시교체 올수리 깨끗 조용 입주협의,25.07.11,"['25년이내', '올수리', '역세권', '방세개']",남향,16711075.72540694
경기도,용인시 기흥구,구갈동,강남마을힐스파크,매매,302동,3/7,360000000,79.07,OWNER,전체올수리인테리어 하시입주 날짜협의 초중고교인접 조용쾌적한환경,25.07.15,"['25년이내', '올수리', '방세개', '화장실두개']",남서향,15051000.379410652
경기도,용인시 기흥구,구갈동,강남마을힐스파크,매매,302동,2/7,330000000,79.07,DOC,기본 깨끗 초 중 고 대학교 인접 조용,25.07.21,"['25년이내', '방세개', '화장실두개', '세대당1대']",남서향,13796750.347793097
경기도,용인시 기흥구,구갈동,강남마을힐스파크,매매,302동,1/7,335000000,79.07,DOC,"층간소음걱정없는 1층, 주인거주로 관리깨끗",25.07.08,"['25년이내', '1층', '방세개', '화장실두개']",남서향,14005792.019729357
경기도,용인시 기흥구,구갈동,강남마을힐스파크,매매,302동,6/7,340000000,79.07,DOC,"강남대역,전망나옴 ,부분인테리어, 깨끗함, 초,중,고,인접,짧은 세안고",25.07.04,"['25년이내', '방세개', '화장실두개', '고층']",남서향,14214833.691665614
경기도,용인시 기흥구,구갈동,강남마을힐스파크,매매,302동,2/7,330000000,79.07,DOC,"초,중,고,상업지역,강남대역,주민센터 도보가,지역난방,체육공원,산책로 유",25.06.30,"['25년이내', '방세개', '화장실두개', '세대당1대']",남서향,13796750.347793097
경기도,용인시 기흥구,구갈동,강남마을힐스파크,매매,302동,2/7,330000000,79.07,NONE,"초,중,고,대학교,상업지역,강남대역,주민센터가 도보 가능합니다.
지역난",25.07.10,"['25년이내', '방세개', '화장실두개', '세대당1대']",남서향,13796750.347793097
경기도,용인시 기흥구,구갈동,강남마을힐스파크,매매,302동,1/7,335000000,79.07,NONE,"기본, 층간소음걱정없는 1층,초품아, ",25.07.05,"['25년이내', '1층', '방세개', '화장실두개']",남서향,14005792.019729357
경기도,용인시 기흥구,구갈동,강남마을힐스파크,전세,302동,6/7,280000000,79.07,NONE,"초,중,고,상업지역,강남대역,주민센터 도보가,지역난방,체육공원,산책로 유",25.07.02,"['25년이내', '방세개', '화장실두개', '고층']",남서향,11706333.628430506
경기도,용인시 기흥구,구갈동,강남마을힐스파크,매매,302동,3/7,360000000,79.07,NONE,전세인테리어됨 입주하시가능,25.06.29,"['25년이내', '방세개', '화장실두개', '중층']",남향,15051000.379410652
경기도,용인시 기흥구,구갈동,강남마을힐스파크,매매,303동,6/7,410000000,77.93,OWNER,"올화이트 전체한셈인테리어된집,완전깨끗 강추,입주협의가능",25.07.11,"['25년이내', '방세개', '화장실두개', '고층']",남향,17392170.537662003
경기도,용인시 기흥구,구갈동,강남마을힐스파크,매매,304동,2/7,330000000,77.93,DOCV2,"로얄동,전망나옴,채광,통풍양호,강남대역,초,중,고,상업지역 도보가능",25.07.15,"['25년이내', '방세개', '화장실두개', '세대당1대']",남서향,13998576.286410881
경기도,용인시 기흥구,구갈동,강남마을힐스파크,매매,305동,7/7,325000000,77.93,DOC,"초,중,고,대학교,상업지역,강남대역,주민센터가 도보 가능합니다. 지역난방",25.07.16,"['25년이내', '탑층', '방세개', '화장실두개']",남향,13786476.645707686
경기도,용인시 기흥구,구갈동,강남마을힐스파크,매매,305동,고/7,350000000,77.93,DOC,"날자협의, 트인전망, 주변 초,중학교 , 고등학교, 강남대역 도보가능",25.07.21,"['25년이내', '방세개', '화장실두개', '고층']",남향,14846974.849223664
경기도,용인시 기흥구,구갈동,강남마을힐스파크,매매,305동,2/7,329000000,77.93,DOC,"좋은동 ,전망나옴,채광,통풍양호,강남대역,상업지역,초,중,고 도보5분",25.07.02,"['25년이내', '필로티', '방세개', '화장실두개']",남서향,13956156.358270243
경기도,용인시 기흥구,구갈동,강남마을힐스파크,매매,304동,2/7,335000000,77.93,NONE,"로얄동,전망나옴,채광,통풍양호,초,중,고,대학교,상업지역,강남대
지역난",25.07.15,"['25년이내', '방세개', '화장실두개', '세대당1대']",남서향,14210675.927114077
경기도,용인시 기흥구,구갈동,강남마을힐스파크,매매,304동,6/7,400000000,77.93,NONE,"특수리,올확장,전망특,로얄동,로얄층, 25년12월입주",25.07.10,"['25년이내', '방세개', '화장실두개', '고층']",남향,16967971.256255616
경기도,용인시 기흥구,구갈동,강남마을힐스파크,매매,305동,5/7,380000000,77.93,NONE,"초,중,고,대학교,상업지역,강남대역,주민센터가 도보 가능합니다.
지역난",25.07.10,"['25년이내', '방세개', '화장실두개', '고층']",남서향,16119572.693442833
경기도,용인시 기흥구,구갈동,강남마을힐스파크,매매,305동,7/7,325000000,77.93,NONE,"초,중,고,대학교,상업지역,강남대역,주민센터가 도보 가능합니다.지역난방",25.07.10,"['25년이내', '탑층', '방세개', '화장실두개']",남향,13786476.645707686
경기도,용인시 기흥구,구갈동,강남마을힐스파크,매매,305동,1/7,330000000,77.93,NONE,"초,중,고,대학교,상업지역,강남대역,주민센터가 도보 가능합니다.
지역난",25.07.10,"['25년이내', '1층', '방세개', '화장실두개']",남서향,13998576.286410881
경기도,용인시 기흥구,구갈동,강남마을힐스파크,매매,305동,5/7,350000000,77.93,NONE,"날자협의,트인전망,입구동,성지초,중,고,공원,인접,",25.07.10,"['25년이내', '방세개', '화장실두개', '고층']",남향,14846974.849223664
경기도,용인시 기흥구,구갈동,강남마을힐스파크,매매,305동,2/7,329000000,77.93,NONE,"좋은동,기본,채광,통풍양호,정상입주",25.07.02,"['25년이내', '방세개', '화장실두개', '세대당1대']",남서향,13956156.358270243
경기도,용인시 기흥구,구갈동,구갈풍림(405-1),매매,1동,11/19,470000000,108.03,OWNER,"3년전 올수리,기흥역도보5분,깨끗,입주가,전망굿,교통편의시설 굿,조정",25.07.21,"['25년이상', '올수리', '역세권', '방세개']",동향,14382291.493103767
경기도,용인시 기흥구,구갈동,구갈풍림(405-1),매매,1동,8/19,500000000,108.03,OWNER,사진많으니 둘러보세요 거실베란다작은방확장 큰방리모델링등 올수리된 집,25.07.11,"['25년이상', '올수리', '역세권', '방세개']",동향,15300310.099046562
경기도,용인시 기흥구,구갈동,구갈풍림(405-1),매매,1동,5/19,430000000,108.03,DOC,"입주,기본,조정,급매가,생활편의시설 굿",25.07.21,"['25년이상', '역세권', '급매', '방세개']",동향,13158266.685180042
경기도,용인시 기흥구,구갈동,구갈풍림(405-1),매매,1동,4/19,450000000,108.03,OWNER,"예전수리됨,입주,기흥역세권,지하주차장 엘베연결,교통편의시설 굿",25.07.03,"['25년이상', '역세권', '방세개', '화장실두개']",동향,13770279.089141905
경기도,용인시 기흥구,구갈동,구갈풍림(405-1),매매,1동,중/19,510000000,108.03,OWNER,집주인 거주중으로 상태좋음 이사일정 협의 가능 또는 전세가능,25.07.07,"['25년이상', '역세권', '방세개', '화장실두개']",동향,15606316.301027494
경기도,용인시 기흥구,구갈동,구갈풍림(405-1),매매,1동,17/19,530000000,108.03,OWNER,"최근 럭셔리인테리어,세안고,완정로열층,수원,CC뷰및 기흥역 천변뷰,",25.06.23,"['25년이상', '역세권', '방세개', '화장실두개']",동향,16218328.704989355
경기도,용인시 기흥구,구갈동,구갈풍림(405-1),매매,1동,2/19,420000000,102.68,OWNER,"조정가,앞마당,일부수리,깨끗,입주협의 ,필로티2층,층간소음out,",25.07.11,"['25년이상', '마당', '역세권', '필로티']",동향,13521909.816906895
경기도,용인시 기흥구,구갈동,구갈풍림(405-1),매매,1동,6/19,430000000,102.68,OWNER,"조정가,입주협의,화장실 주방등 올수리,깨끗,교통편의시설굿",25.07.09,"['25년이상', '올수리', '역세권', '방세개']",동향,13843860.050642774
경기도,용인시 기흥구,구갈동,구갈풍림(405-1),매매,1동,10/19,420000000,102.68,MOBL,사잔많으니둘러보세요 깨끗 급매물로 금액 파격조정가,25.07.01,"['25년이상', '역세권', '급매', '방세개']",동향,13521909.816906895
경기도,용인시 기흥구,구갈동,구갈풍림(405-1),매매,1동,8/19,430000000,102.68,DOC,기흥역5분이내 주변 편의시설 다양,25.07.09,"['25년이상', '역세권', '방세개', '화장실두개']",동향,13843860.050642774
경기도,용인시 기흥구,구갈동,구갈풍림(405-1),매매,1동,저/19,430000000,102.68,OWNER,파격조정가 풀 리모델링 비용까지만큼 금액 조정 해드리니 꼭 검토해보세요,25.07.03,"['25년이상', '역세권', '방세개', '화장실두개']",동향,13843860.050642774
경기도,용인시 기흥구,구갈동,구갈풍림(405-1),매매,1동,5/19,345000000,81.48,OWNER,"올리모델링된집,갭투,기흥역세권,세안고,교통편의시설모두굿",25.07.21,"['25년이상', '역세권', '방세개', '화장실두개']",동향,13997248.711340206
경기도,용인시 기흥구,구갈동,구갈풍림(405-1),매매,1동,4/19,300000000,81.48,OWNER,"착한매매가 반전세 세안고 남향 깨끗이 수리된집, 갭투후 입주",25.07.21,"['25년이상', '역세권', '방세개', '화장실한개']",남향,12171520.6185567
경기도,용인시 기흥구,구갈동,구갈풍림(405-1),매매,1동,17/19,370000000,81.48,OWNER,"샷시 , 화장실, 씽크대 , 도배, 장판등 상태 최고, 9.30 입주가",25.07.18,"['25년이상', '역세권', '방세개', '화장실두개']",남향,15011542.09621993
경기도,용인시 기흥구,구갈동,구갈풍림(405-1),매매,1동,18/19,350000000,81.48,OWNER,"올 리모델링,확트인 수원cc뷰,세안고,기흥역세권,생활편의굿",25.07.17,"['25년이상', '역세권', '방세개', '화장실한개']",동향,14200107.388316153
경기도,용인시 기흥구,구갈동,구갈풍림(405-1),전세,1동,10/19,280000000,81.48,OWNER,"12월8일입주,올리모델링,아주깨끗, 전세대출,융자없음,기흥역세권,확트인뷰",25.07.16,"['25년이상', '역세권', '방세개', '화장실한개']",동향,11360085.91065292
경기도,용인시 기흥구,구갈동,구갈풍림(405-1),월세,1동,16/19,"3,000/100",81.48,OWNER,"기흥역세권, 수리된 깔끔한 집, 귀한 월세,9월19일입주",25.07.16,"['25년이상', '역세권', '방세개', '화장실한개']",남향,
경기도,용인시 기흥구,구갈동,구갈풍림(405-1),매매,1동,저/19,350000000,81.48,OWNER,"올리모델링 ,남향,기흥역세권,세안고갭투자",25.07.18,"['25년이상', '역세권', '방세개', '화장실두개']",남향,14200107.388316153
경기도,용인시 기흥구,구갈동,구갈풍림(405-1),매매,1동,13/19,380000000,81.48,OWNER,"럭셔리한올수리,바닥타일시공,중문,식기세척기등 가전 필요시협의",25.07.11,"['25년이상', '올수리', '역세권', '방세개']",동향,15417259.450171823
경기도,용인시 기흥구,구갈동,구갈풍림(405-1),매매,1동,18/19,310000000,81.48,DOC,"올수리,가격조정가,세안고 ",25.07.19,"['25년이상', '올수리', '역세권', '화장실한개']",동향,12577237.972508593
경기도,용인시 기흥구,구갈동,구갈풍림(405-1),매매,1동,2/19,460000000,81.48,DOC,"베란다 넓음,기흥구청,초중고 도보 이용가능, 기흥역 초역세권",25.07.14,"['25년이상', '역세권', '필로티', '방세개']",남향,18662998.281786945
경기도,용인시 기흥구,구갈동,구갈풍림(405-1),매매,1동,6/19,350000000,81.48,NDOC1,샷시포함 올수리 전세안고,25.06.30,"['25년이상', '올수리', '역세권', '방세개']",동향,14200107.388316153
경기도,용인시 기흥구,구갈동,구갈풍림(405-1),매매,1동,저/19,350000000,81.48,DOC,전체상태 양호 금액조정가 월세안고,25.07.11,"['25년이상', '역세권', '방세개', '화장실두개']",동향,14200107.388316153
경기도,용인시 기흥구,구갈동,구갈풍림(405-1),매매,1동,9/19,350000000,81.48,DOC,깨끗,25.06.23,"['25년이상', '역세권', '방세개', '화장실한개']",동향,14200107.388316153
경기도,용인시 기흥구,구갈동,기흥글로리(영광),매매,1동,10/10,250000000,73.79,OWNER,"화장실 및 주방 수리된 깔끔한 매물, 1인가구 및 신혼부부 강추",25.07.21,"['25년이상', '주방교체', '탑층', '방세개']",남향,11199976.284049328
경기도,용인시 기흥구,구갈동,기흥글로리(영광),매매,1동,저/10,280000000,73.79,DOC,세안고 상태좋음 조정가 신혼부부 디딤돌 보금자리특례대출 가능,25.07.17,"['25년이상', '방세개', '화장실한개', '세대당1대']",북향,12543973.438135248
경기도,용인시 기흥구,구갈동,기흥글로리(영광),매매,1동,8/10,240000000,73.79,DOC,"기흥역 인근 아파트 매매, 이사협의 가능, 집 깨끗",25.06.30,"['25년이상', '방세개', '화장실한개', '고층']",서향,10751977.232687356
경기도,용인시 기흥구,구갈동,기흥글로리(영광),매매,1동,8/10,205000000,73.79,DOC,기흥역5분 거리 교통편리,25.06.23,"['25년이상', '방세개', '화장실한개', '고층']",동향,9183980.55292045
경기도,용인시 기흥구,구갈동,기흥글로리(영광),매매,1동,10/10,220000000,60.83,NDOC1,기본형급매매물  1인가구추천 소형아파트  기흥역 도보10분,25.07.14,"['25년이상', '급매', '소형평수', '탑층']",남향,11955822.784810128
경기도,용인시 기흥구,구갈동,기흥글로리(영광),매매,1동,4/10,240000000,60.83,OWNER,"짧은세안고,화장실 싱크대 등 내부 수리",25.07.10,"['25년이상', '소형평수', '방두개', '화장실한개']",남향,13042715.765247412
경기도,용인시 기흥구,구갈동,기흥글로리(영광),매매,1동,중/10,250000000,60.83,DOC,입주협의가 올수리상태좋음 신혼부부 디딤돌 보금자리대출 가능,25.07.11,"['25년이상', '올수리', '소형평수', '방두개']",남향,13586162.255466053
경기도,용인시 기흥구,구갈동,기흥글로리(영광),매매,1동,10/10,220000000,60.83,NONE,기흥역세권  앞틔인남향  화장실 씽크대교체  ,25.07.05,"['25년이상', '소형평수', '탑층', '방두개']",남향,11955822.784810128
경기도,용인시 기흥구,구갈동,기흥역더샵(주상복합),전세,101동,20/46,720000000,132.19,OWNER,빠른입주 확트인 뷰 채광은 덤 관리 잘된 집 시스템 에어컨4대 옵션다양,25.07.18,"['10년이내', '대단지', '대형평수', '방세개']",남동향,18005637.34019215
경기도,용인시 기흥구,구갈동,기흥역더샵(주상복합),매매,106동,23/46,1150000000,132.19,OWNER,"40, 더 샵 완전확트인전망 굿, 관리굿, 시에4, 쿡탑, 추천올림,",25.07.16,"['10년이내', '대단지', '대형평수', '방세개']",남동향,28759004.08502913
경기도,용인시 기흥구,구갈동,기흥역더샵(주상복합),매매,101동,저/46,1000000000,132.19,OWNER,"햇살 가득한 안정적인 조망, 시스템에어컨 4대, 식세기, 입주협의",25.07.21,"['10년이내', '대단지', '대형평수', '방세개']",남동향,25007829.63915576
경기도,용인시 기흥구,구갈동,기흥역더샵(주상복합),매매,105동,37/46,1050000000,132.19,OWNER,"40, 더샵 최고뷰, 로얄동 로얄층, 햇살가득, 최상급관리굿, 추천올림",25.07.14,"['10년이내', '대단지', '대형평수', '방세개']",남동향,26258221.12111355
경기도,용인시 기흥구,구갈동,기흥역더샵(주상복합),전세,105동,고/46,650000000,132.19,OWNER,초역세.초품.완벽한뷰.입주협의가능.전면동.사우나시설.커뮤니티시설,25.07.19,"['10년이내', '대단지', '대형평수', '방세개']",남동향,16255089.265451247
경기도,용인시 기흥구,구갈동,기흥역더샵(주상복합),매매,105동,중/46,1000000000,132.19,OWNER,"전망최고,시스템에어컨4대,주인거주로 관리잘된집,입주언제든지협의가능",25.07.19,"['10년이내', '대단지', '대형평수', '방세개']",남동향,25007829.63915576
경기도,용인시 기흥구,구갈동,기흥역더샵(주상복합),매매,101동,고/46,1080000000,132.19,OWNER,"40, 더샵 강추, 금액협의가,완전 영구조망굿, 시에4, 햇살가득,",25.07.18,"['10년이내', '대단지', '대형평수', '방세개']",남동향,27008456.010288224
경기도,용인시 기흥구,구갈동,기흥역더샵(주상복합),매매,101동,중/46,1050000000,132.19,OWNER,시스템4대 햇살좋고 뷰가 멋진집  전철역가까운 로얄동,25.07.14,"['10년이내', '대단지', '대형평수', '방세개']",남동향,26258221.12111355
경기도,용인시 기흥구,구갈동,기흥역더샵(주상복합),매매,106동,고/46,1100000000,132.19,OWNER,로얄동 로얄층 입주협의가능 시에4 최고전망,25.07.07,"['10년이내', '대단지', '대형평수', '방세개']",남동향,27508612.603071336
경기도,용인시 기흥구,구갈동,기흥역더샵(주상복합),전세,105동,고/46,650000000,132.19,OWNER,,25.07.05,"['10년이내', '대단지', '대형평수', '방세개']",남동향,16255089.265451247
경기도,용인시 기흥구,구갈동,기흥역더샵(주상복합),매매,106동,중/46,1200000000,132.19,OWNER,초역세.초품.귀한큰타입.입주가능.조건맞을시 협의가능.사우나시설.어린이집,25.07.04,"['10년이내', '대단지', '대형평수', '방세개']",남동향,30009395.566986915
경기도,용인시 기흥구,구갈동,기흥역더샵(주상복합),매매,105동,고/46,1200000000,132.19,OWNER,"입주일협의또는주인전세갭투자도가능,시스템에어컨4대,중문,인덕션옵션",25.06.28,"['10년이내', '대단지', '대형평수', '방세개']",남동향,30009395.566986915
경기도,용인시 기흥구,구갈동,기흥역더샵(주상복합),매매,102동,5/47,850000000,118.48,OWNER,"급매, 입구동, 시에 2대, 주인거주, 입주협의",25.07.21,"['10년이내', '역세권', '대단지', '급매']",남서향,23716384.62187711
경기도,용인시 기흥구,구갈동,기흥역더샵(주상복합),월세,102동,47/47,1억/200,118.48,OWNER,"탁트인뷰,시스템에어컨4대,입주협의가능,빠른입주도가능,기흥역가까운동",25.07.21,"['10년이내', '역세권', '대단지', '탑층']",남서향,
경기도,용인시 기흥구,구갈동,기흥역더샵(주상복합),매매,101동,33/46,880000000,118.48,OWNER,"35A, 더샵 최고전망굿, 로얄, 금액협의가, 시에4, 채광굿, 관리굿,",25.07.21,"['10년이내', '대단지', '방세개', '화장실두개']",남동향,24553433.49088454
경기도,용인시 기흥구,구갈동,기흥역더샵(주상복합),매매,104동,47/47,920000000,118.48,OWNER,2in1 인테리어 층간소음 해방 전망좋고 채광 훌륭 입주협의 됩니다,25.07.21,"['10년이내', '대단지', '탑층', '방세개']",남서향,25669498.649561107
경기도,용인시 기흥구,구갈동,기흥역더샵(주상복합),매매,102동,47/47,900000000,118.48,OWNER,"탁트인뷰,위층소음걱정없는탑층,시스템에어컨4대,입주협의",25.07.20,"['10년이내', '역세권', '대단지', '탑층']",남서향,25111466.070222825
경기도,용인시 기흥구,구갈동,기흥역더샵(주상복합),전세,106동,42/46,600000000,118.48,OWNER,시원하게 트인조망 채광굿 한얼초등하교 편리 주인세대 입주협의,25.07.19,"['10년이내', '융자금적은', '대단지', '방세개']",남동향,16740977.380148547
경기도,용인시 기흥구,구갈동,기흥역더샵(주상복합),매매,106동,40/46,900000000,118.48,OWNER,"35A, 더샵 로얄동로얄층, 시에4, 완전전망 굿, 채광굿, 추천올림",25.07.19,"['10년이내', '대단지', '방세개', '화장실두개']",남동향,25111466.070222825
경기도,용인시 기흥구,구갈동,기흥역더샵(주상복합),매매,106동,7/46,880000000,118.48,OWNER,"35A, 더샵 멋진 산뷰 굿, 로얄동, 화이트톤 인테리어, 채광굿,추천",25.07.19,"['10년이내', '대단지', '방세개', '화장실두개']",남동향,24553433.49088454
경기도,용인시 기흥구,구갈동,기흥역더샵(주상복합),매매,103동,3/47,870000000,118.48,OWNER,"아이들키우기좋은 필로티,알파룸,시에4,식세기,조명,정원뷰",25.07.19,"['10년이내', '대단지', '필로티', '방세개']",남서향,24274417.201215398
경기도,용인시 기흥구,구갈동,기흥역더샵(주상복합),매매,102동,9/47,850000000,118.48,OWNER,에어컨4.초역세.초품.투자강추.완벽한뷰,25.07.15,"['10년이내', '역세권', '대단지', '방세개']",남서향,23716384.62187711
경기도,용인시 기흥구,구갈동,기흥역더샵(주상복합),월세,103동,25/47,"5,000/250",118.48,OWNER,"TOP. 단기 임대, 풀 옵션.",25.07.15,"['10년이내', '대단지', '방세개', '화장실두개']",남서향,
경기도,용인시 기흥구,구갈동,기흥역더샵(주상복합),매매,102동,저/47,870000000,118.48,OWNER,"생활 편한 입구동, 시에 4대, 조명공사, 주인거주  관리 최상,입주협의",25.07.21,"['10년이내', '역세권', '대단지', '방세개']",남서향,24274417.201215398
경기도,용인시 기흥구,구갈동,기흥역더샵(주상복합),매매,102동,고/47,930000000,118.48,OWNER,"기흥역 커뮤니티 이용편리, 세안고, 전망채광 굿",25.07.21,"['10년이내', '역세권', '대단지', '방세개']",남서향,25948514.939230252
경기도,용인시 기흥구,구갈동,기흥역더샵(주상복합),월세,106동,중/46,"5,000/200",118.48,OWNER,"밝고 환한집, 시스템에어컨 4대, 보증금 조정가, 9월협의",25.07.21,"['10년이내', '융자금적은', '대단지', '방세개']",남동향,
경기도,용인시 기흥구,구갈동,기흥역더샵(주상복합),매매,102동,고/47,930000000,118.48,OWNER,"35A, 더샵 전망굿, 조정가, 내부관리 굿, 햇살 가득, 추천올림",25.07.21,"['10년이내', '역세권', '대단지', '방세개']",남서향,25948514.939230252
경기도,용인시 기흥구,구갈동,기흥역더샵(주상복합),매매,106동,고/46,900000000,118.48,OWNER,탁트인조망 시에4대 식세기 오븐 하이브리드쿡탑,25.07.21,"['10년이내', '대단지', '방세개', '화장실두개']",남동향,25111466.070222825
경기도,용인시 기흥구,구갈동,기흥역더샵(주상복합),매매,103동,중/47,900000000,118.48,OWNER,투자강추.에어컨.초품.초역세.국공립어린이집.사우나시설,25.07.21,"['10년이내', '대단지', '방세개', '화장실두개']",남서향,25111466.070222825
경기도,용인시 기흥구,구갈동,기흥역더샵(주상복합),전세,106동,고/46,550000000,118.48,OWNER,"9월중 협의, 특급 조망, 채광 좋아요 최고 로얄 추천추천",25.07.21,"['10년이내', '융자금없는', '대단지', '방세개']",남동향,15345895.931802835
경기도,용인시 기흥구,구갈동,기흥역더샵(주상복합),매매,104동,고/47,950000000,118.48,OWNER,시에4 각종 인테리어 전망굿 상가지하철 이용편리  채광굿,25.07.21,"['10년이내', '대단지', '방세개', '화장실두개']",남서향,26506547.518568534
경기도,용인시 기흥구,구갈동,기흥역더샵(주상복합),매매,103동,47/47,980000000,118.48,OWNER,"탑층,탁트인뷰,주인거주중,입주협의,중문옵션",25.07.14,"['10년이내', '대단지', '탑층', '방세개']",남서향,27343596.387575965
경기도,용인시 기흥구,구갈동,기흥역더샵(주상복합),매매,103동,고/47,900000000,118.48,OWNER,"입주일협의가능,탁트인뷰,시스템에어컨4대,중문,인덕션,식세기",25.07.20,"['10년이내', '대단지', '방세개', '화장실두개']",남서향,25111466.070222825
경기도,용인시 기흥구,구갈동,기흥역더샵(주상복합),매매,106동,중/46,900000000,118.48,OWNER,"입주협의,시스템에어컨2대,중문,하이라이트,확트인뷰,집상태깔끔,판상구조",25.07.20,"['10년이내', '대단지', '방세개', '화장실두개']",남동향,25111466.070222825
경기도,용인시 기흥구,구갈동,기흥역더샵(주상복합),매매,106동,고/46,920000000,118.48,OWNER,"입주협의,인테리어된집,시스템에어컨4대,중문,가스레인지,탁트인뷰",25.07.20,"['10년이내', '대단지', '방세개', '화장실두개']",남동향,25669498.649561107
경기도,용인시 기흥구,구갈동,기흥역더샵(주상복합),매매,102동,고/47,890000000,118.48,OWNER,"입주협의,탁트인뷰,시스템에어컨4대,중문,탄성코팅,줄눈,오븐",25.07.20,"['10년이내', '역세권', '대단지', '방세개']",남서향,24832449.78055368
경기도,용인시 기흥구,구갈동,기흥역더샵(주상복합),전세,102동,중/47,570000000,118.48,OWNER,즉시입주. 뷰좋고 역가까운 로얄동.,25.07.19,"['10년이내', '융자금없는', '역세권', '대단지']",남서향,15903928.511141123
경기도,용인시 기흥구,구갈동,기흥역더샵(주상복합),매매,103동,중/47,900000000,118.48,OWNER,"올인테리어,입주협의,시에4대,안방중문붙박이장,인덕션,식세기",25.07.19,"['10년이내', '대단지', '방세개', '화장실두개']",남서향,25111466.070222825
경기도,용인시 기흥구,구갈동,기흥역더샵(주상복합),매매,105동,고/46,900000000,118.48,OWNER,"탁트인뷰,입주협의,시스템에어컨4대,중문,탄성코팅,줄눈",25.07.19,"['10년이내', '대단지', '방세개', '화장실두개']",남동향,25111466.070222825
경기도,용인시 기흥구,구갈동,기흥역더샵(주상복합),매매,104동,고/47,900000000,118.48,OWNER,"세안고매매,영구조망,시스템에어컨4대,알파룸구조,채광좋고 전망좋음",25.07.19,"['10년이내', '대단지', '방세개', '화장실두개']",남서향,25111466.070222825
경기도,용인시 기흥구,구갈동,기흥역더샵(주상복합),매매,102동,저/47,860000000,118.48,OWNER,"펜트리구조,판상형의 구조좋은집, 어린이공원전망,주인거주로 관리잘된집",25.07.19,"['10년이내', '역세권', '대단지', '방세개']",남서향,23995400.911546253
경기도,용인시 기흥구,구갈동,기흥역더샵(주상복합),전세,102동,고/47,600000000,118.48,OWNER,확트인조망 채광굿 커뮤니티시설가깝고 지하철가까운동 주인세대 입주협의,25.07.18,"['10년이내', '융자금없는', '역세권', '대단지']",남동향,16740977.380148547
경기도,용인시 기흥구,구갈동,기흥역더샵(주상복합),매매,106동,저/46,900000000,118.48,OWNER,깔끔인테리어 상태좋음 이사협의 남동향 에4,25.07.18,"['10년이내', '대단지', '방세개', '화장실두개']",남동향,25111466.070222825
경기도,용인시 기흥구,구갈동,기흥역더샵(주상복합),매매,102동,중/47,890000000,118.48,OWNER,주인거주 관리잘된집 전철역가까운동 대형커뮤니티 이용편리,25.07.18,"['10년이내', '역세권', '대단지', '대형평수']",남서향,24832449.78055368
경기도,용인시 기흥구,구갈동,기흥역더샵(주상복합),매매,105동,저/46,950000000,118.48,OWNER,주인거주중  입주일협의가능,25.07.18,"['10년이내', '대단지', '방세개', '화장실두개']",남동향,26506547.518568534
경기도,용인시 기흥구,구갈동,기흥역더샵(주상복합),매매,106동,고/46,920000000,118.48,OWNER,"탁트인뷰,입주협의가능,중문,알파룸있는구조",25.07.18,"['10년이내', '대단지', '방세개', '화장실두개']",남동향,25669498.649561107
경기도,용인시 기흥구,구갈동,기흥역더샵(주상복합),매매,104동,고/47,900000000,118.48,OWNER,"시에4대,고층트인뷰,주인거주,중문,식세기등 옵션있음,늦은잔금",25.07.17,"['10년이내', '대단지', '방세개', '화장실두개']",남서향,25111466.070222825
경기도,용인시 기흥구,구갈동,기흥역더샵(주상복합),전세,106동,중/46,600000000,118.48,OWNER,버정 학교 가까워 진출입 편함 아주 깨끗 전망굿,25.07.17,"['10년이내', '대단지', '방세개', '화장실두개']",남동향,16740977.380148547
경기도,용인시 기흥구,구갈동,기흥역더샵(주상복합),매매,105동,고/46,930000000,118.48,OWNER,환상조 망 각방시스템에어컨설치 초등학교인접 주인거주로상태좋음,25.07.17,"['10년이내', '대단지', '방세개', '화장실두개']",남동향,25948514.939230252
경기도,용인시 기흥구,구갈동,기흥역더샵(주상복합),매매,106동,중/46,930000000,118.48,OWNER,환상조망 각방시스템에어컨설치 주인거주로 상태좋음,25.07.17,"['10년이내', '대단지', '방세개', '화장실두개']",남동향,25948514.939230252
경기도,용인시 기흥구,구갈동,기흥역더샵(주상복합),매매,106동,저/46,900000000,118.48,OWNER,깔끔인테리어  주인거주로상태좋음 이사협의 남동향  에어컨설치,25.07.17,"['10년이내', '대단지', '방세개', '화장실두개']",남동향,25111466.070222825
경기도,용인시 기흥구,구갈동,기흥역더샵(주상복합),매매,105동,저/46,900000000,118.48,OWNER,탁트인뷰  로얄동  햇살가득,25.07.17,"['10년이내', '대단지', '방세개', '화장실두개']",남동향,25111466.070222825
경기도,용인시 기흥구,구갈동,기흥역더샵(주상복합),매매,102동,고/47,910000000,118.48,OWNER,전체인테리어보면 반할집 확트인조망 주인거주로 상태최상,25.07.17,"['10년이내', '역세권', '대단지', '방세개']",남서향,25390482.359891966
경기도,용인시 기흥구,구갈동,기흥역더샵(주상복합),매매,102동,37/47,900000000,118.48,OWNER,"입주일협의가능,시스템에어컨2대,식세기,중문,탁트인고층뷰",25.07.10,"['10년이내', '역세권', '대단지', '방세개']",남서향,25111466.070222825
경기도,용인시 기흥구,구갈동,기흥역더샵(주상복합),매매,105동,20/46,890000000,118.48,OWNER,"입주일협의가능,탁트인뷰,판상형구조,중문,초등학교가까운동",25.07.10,"['10년이내', '대단지', '방세개', '화장실두개']",남동향,24832449.78055368
경기도,용인시 기흥구,구갈동,기흥역더샵(주상복합),매매,101동,저/46,880000000,118.48,OWNER,"필로티층 채광굿,시스템에어컨4대,식세,인덕션 설치, 집주인 거주중",25.07.16,"['10년이내', '대단지', '방세개', '화장실두개']",남동향,24553433.49088454
경기도,용인시 기흥구,구갈동,기흥역더샵(주상복합),매매,102동,고/47,900000000,118.48,OWNER,"세안고매매,시스템에어컨4대,전망최고,아이들키우기좋은단지",25.07.15,"['10년이내', '역세권', '대단지', '방세개']",남서향,25111466.070222825
경기도,용인시 기흥구,구갈동,기흥역더샵(주상복합),매매,104동,고/47,900000000,118.48,OWNER,"TOP.시스템 4대, 최근 도배,  주인 거주 깔끔합니다.",25.07.15,"['10년이내', '대단지', '방세개', '화장실두개']",남서향,25111466.070222825
경기도,용인시 기흥구,구갈동,기흥역더샵(주상복합),매매,101동,고/46,950000000,118.48,OWNER,"TOP. 시스템 에어컨 4대, 주인거주로 깔끔함, 시원한 뷰.",25.07.15,"['10년이내', '대단지', '방세개', '화장실두개']",남동향,26506547.518568534
경기도,용인시 기흥구,구갈동,기흥역더샵(주상복합),전세,101동,중/46,550000000,118.48,OWNER,"해 잘들고 조망 좋은집, 기흥역이용편리, 한얼초 근접",25.07.14,"['10년이내', '대단지', '방세개', '화장실두개']",남동향,15345895.931802835
경기도,용인시 기흥구,구갈동,기흥역더샵(주상복합),매매,105동,중/46,900000000,118.48,OWNER,시에4 로얄동 로얄층 입주협의가능 학교 버정 가까움,25.07.14,"['10년이내', '대단지', '방세개', '화장실두개']",남동향,25111466.070222825
경기도,용인시 기흥구,구갈동,기흥역더샵(주상복합),매매,105동,저/46,880000000,118.48,OWNER,"입주협의, 초록한 예쁜풍경, 일부 일부인테리어, 조용하고 초품아에 살기함",25.07.12,"['10년이내', '대단지', '방세개', '화장실두개']",남동향,24553433.49088454
경기도,용인시 기흥구,구갈동,기흥역더샵(주상복합),매매,102동,고/47,890000000,118.48,OWNER,"top.   에어컨 2대, 주인 거주로 관리 잘 된 집.",25.07.09,"['10년이내', '역세권', '대단지', '방세개']",남서향,24832449.78055368
경기도,용인시 기흥구,구갈동,기흥역더샵(주상복합),매매,102동,저/47,920000000,118.48,OWNER,"넓은 현관 팬트리, 2in1, 바닥 매트시공, 부분 인테리어, 입주협의",25.07.07,"['10년이내', '역세권', '대단지', '방세개']",남서향,25669498.649561107
경기도,용인시 기흥구,구갈동,기흥역더샵(주상복합),매매,106동,저/46,900000000,118.48,OWNER,정원같은 전망 입주협의 햇살좋고 따뜻한집 로얄동,25.07.07,"['10년이내', '마당', '대단지', '방세개']",남향,25111466.070222825
경기도,용인시 기흥구,구갈동,기흥역더샵(주상복합),매매,101동,고/46,900000000,118.48,OWNER,"조망, 체광굿, 기흥역이용편리, 시스템4, 식세기",25.07.05,"['10년이내', '대단지', '방세개', '화장실두개']",남동향,25111466.070222825
경기도,용인시 기흥구,구갈동,기흥역더샵(주상복합),매매,103동,저/47,900000000,118.48,OWNER,2in1 주전세가능 채광좋고 전망좋은 동 지하철 편의시설 최단거리,25.07.05,"['10년이내', '대단지', '방세개', '화장실두개']",남서향,25111466.070222825
경기도,용인시 기흥구,구갈동,기흥역더샵(주상복합),매매,102동,중/47,1500000000,118.48,OWNER,기흥역세권 판상형 입주 협의 알파룸,25.07.04,"['10년이내', '역세권', '대단지', '방세개']",남서향,41852443.45037138
경기도,용인시 기흥구,구갈동,기흥역더샵(주상복합),매매,103동,고/47,890000000,118.48,OWNER,"세안고매매,시스템에어컨4대,중문,오븐,고층뷰",25.07.02,"['10년이내', '대단지', '방세개', '화장실두개']",남서향,24832449.78055368
경기도,용인시 기흥구,구갈동,기흥역더샵(주상복합),전세,102동,중/47,540000000,118.48,OWNER,"기흥역역세권, ak가까워 편리, 알파룸, 채광좋음, 시에4대 새로설치예정",25.07.01,"['10년이내', '역세권', '대단지', '방세개']",남서향,15066879.642133694
경기도,용인시 기흥구,구갈동,기흥역더샵(주상복합),매매,105동,중/46,900000000,118.48,OWNER,"뻥뚫린조망,시스템에어컨4,붙박이장,팬트리,바로앞초등학교,주인거주깨끗",25.06.25,"['10년이내', '대단지', '방세개', '화장실두개']",남동향,25111466.070222825
경기도,용인시 기흥구,구갈동,기흥역더샵(주상복합),매매,106동,중/46,900000000,118.48,OWNER,로얄동 세안고 투자원하시는 분에게 강력 추천드립니다,25.06.23,"['10년이내', '대단지', '방세개', '화장실두개']",남동향,25111466.070222825
경기도,용인시 기흥구,구갈동,기흥역더샵(주상복합),매매,105동,저/46,950000000,118.48,NONE,"쥔거주,남동향 판상형굿~열린전망 추천",25.06.27,"['10년이내', '대단지', '방세개', '화장실두개']",남동향,26506547.518568534
경기도,용인시 기흥구,구갈동,기흥역더샵(주상복합),매매,101동,19/46,880000000,118.28,OWNER,"35B, 더샵 로얄, 시에4, 확트인 전망굿, 내부관리굿, 햇살굿,추천",25.07.21,"['10년이내', '대단지', '방세개', '화장실두개']",남서향,24594950.96381468
경기도,용인시 기흥구,구갈동,기흥역더샵(주상복합),매매,105동,고/46,900000000,118.28,OWNER,"35B,더샵 로얄, 확트인 전망굿, 갭투, 세안고, 채광굿, 추천올림",25.07.21,"['10년이내', '대단지', '방세개', '화장실두개']",남서향,25153927.122083195
경기도,용인시 기흥구,구갈동,기흥역더샵(주상복합),매매,106동,중/46,890000000,118.28,OWNER,"탁트인 녹지뷰, 햇살가득, 시스템에어컨 5대, 알파룸, 빠른입주 가능",25.07.21,"['10년이내', '대단지', '방세개', '화장실두개']",남서향,24874439.042948935
경기도,용인시 기흥구,구갈동,기흥역더샵(주상복합),매매,101동,저/46,880000000,118.28,OWNER,"35B, 더샵 추천 ,조정가,시에4,식세기,관리굿, 햇살굿,",25.07.21,"['10년이내', '대단지', '방세개', '화장실두개']",남서향,24594950.96381468
경기도,용인시 기흥구,구갈동,기흥역더샵(주상복합),매매,105동,고/46,865000000,118.28,OWNER,전망좋은 최고의 로얄동 초품아 편리한주차 역세권,25.07.21,"['10년이내', '대단지', '방세개', '화장실두개']",남향,24175718.845113292
경기도,용인시 기흥구,구갈동,기흥역더샵(주상복합),전세,101동,44/46,555000000,118.28,OWNER,해 잘들고 전망환상적임 편의시설이용편리 입주조절가,25.07.14,"['10년이내', '대단지', '방세개', '화장실두개']",남서향,15511588.391951302
경기도,용인시 기흥구,구갈동,기흥역더샵(주상복합),매매,105동,고/46,930000000,118.28,OWNER,"기흥역세권, 시원하게 트인뷰, 시에4, 간접조명,  초품아아파트",25.07.17,"['10년이내', '대단지', '방세개', '화장실두개']",남동향,25992391.35948597
경기도,용인시 기흥구,구갈동,기흥역더샵(주상복합),매매,106동,고/46,900000000,118.28,OWNER,뻥 뚫린 시원한 전망 각방에어컨설치 주인거주로 상태좋은집  이사협의,25.07.17,"['10년이내', '대단지', '방세개', '화장실두개']",남서향,25153927.122083195
경기도,용인시 기흥구,구갈동,기흥역더샵(주상복합),매매,105동,중/46,950000000,118.28,OWNER,전면동.초역세.초품.완벽한뷰.선호타입.시스템에어컨,25.07.16,"['10년이내', '대단지', '방세개', '화장실두개']",남서향,26551367.51775448
경기도,용인시 기흥구,구갈동,기흥역더샵(주상복합),매매,105동,고/46,930000000,118.28,OWNER,"탁트인 거실 전망,화이트톤 인테리어, 현관 펜트리,입주일자 협의가능해요",25.07.15,"['10년이내', '대단지', '방세개', '화장실두개']",남서향,25992391.35948597
경기도,용인시 기흥구,구갈동,기흥역더샵(주상복합),매매,101동,44/46,920000000,118.28,OWNER,"동탄까지 보이는 탁트인뷰, 기흥역 도보5분, 한얼초, 입주협의",25.07.07,"['10년이내', '대단지', '방세개', '화장실두개']",남서향,25712903.28035171
경기도,용인시 기흥구,구갈동,기흥역더샵(주상복합),전세,106동,고/46,590000000,118.28,OWNER,"입주협의,탁트인뷰,시스템에어컨4대,중문,하이브리드쿡탑,빌트인냉장고,붙박이",25.07.12,"['10년이내', '대단지', '방세개', '화장실두개']",남서향,16489796.668921202
경기도,용인시 기흥구,구갈동,기흥역더샵(주상복합),매매,106동,저/46,860000000,118.28,OWNER,"에어컨2,쿡탑,아이키우기좋음,귀한B타입판상형,방4,세안고매매,금액조정가",25.07.12,"['10년이내', '대단지', '방세개', '화장실두개']",남서향,24035974.80554616
경기도,용인시 기흥구,구갈동,기흥역더샵(주상복합),매매,106동,중/46,880000000,118.28,OWNER,"입주,투자가능,햇살짱,전면동 뷰, 관리잘됨",25.07.03,"['10년이내', '대단지', '방세개', '화장실두개']",남서향,24594950.96381468
경기도,용인시 기흥구,구갈동,기흥역더샵(주상복합),매매,101동,고/46,850000000,102.01,OWNER,"전망굿, 일조굿, 식세기, 2in1에어컨, 집주인거주깨끗",25.07.19,"['10년이내', '대단지', '방세개', '화장실두개']",남동향,27545507.79335359
경기도,용인시 기흥구,구갈동,기흥역더샵(주상복합),전세,101동,고/46,550000000,102.01,OWNER,"신혼부부강추,기흥역가까운동 로얄층 뷰가 예쁜집시스템에어컨4대",25.07.18,"['10년이내', '대단지', '방세개', '화장실두개']",남동향,17823563.86628762
경기도,용인시 기흥구,구갈동,기흥역더샵(주상복합),매매,101동,중/46,820000000,102.01,OWNER,탁트인전망 로얄동호 채광 전망좋음 세안고매매,25.07.18,"['10년이내', '대단지', '방세개', '화장실두개']",남동향,26573313.400646996
경기도,용인시 기흥구,구갈동,기흥역더샵(주상복합),매매,101동,고/46,820000000,102.01,OWNER,남부cc 최고의 뷰 전철역가까운 로얄동 입주가능,25.07.09,"['10년이내', '대단지', '방세개', '화장실두개']",남동향,26573313.400646996
경기도,용인시 기흥구,구갈동,기흥역더샵(주상복합),매매,101동,저/46,800000000,102.01,OWNER,"예쁜 놀이터 정원뷰, 화이트인테리어, 주전세, 집주인거주로 깨끗",25.07.07,"['10년이내', '대단지', '방세개', '화장실두개']",남동향,25925183.80550926
경기도,용인시 기흥구,구갈동,기흥역더샵(주상복합),매매,104동,44/47,790000000,102,OWNER,"30C, 더샵 스카이뷰 굿, 채광굿, 인기타입, 넓은 펜트리 굿, 추천",25.07.21,"['10년이내', '대단지', '방세개', '화장실두개']",남동향,25603628.921568632
경기도,용인시 기흥구,구갈동,기흥역더샵(주상복합),전세,103동,12/47,530000000,102,OWNER,"추천,미리잡아두세요,씨스템에어컨",25.07.19,"['10년이내', '융자금없는', '대단지', '방세개']",남동향,17177118.137254905
경기도,용인시 기흥구,구갈동,기흥역더샵(주상복합),매매,104동,1/47,780000000,102,OWNER,층간소음해방구 앞전망좋음 1층이지만 지나다니는 사람이 적어 조용함,25.07.15,"['10년이내', '대단지', '1층', '방세개']",남동향,25279532.352941178
경기도,용인시 기흥구,구갈동,기흥역더샵(주상복합),매매,103동,저/47,780000000,102,OWNER,"세안고,투자하기 좋은 매물 입니다,채광,아파트안 조망이 좋은집,한얼초",25.07.19,"['10년이내', '대단지', '방세개', '화장실두개']",남동향,25279532.352941178
경기도,용인시 기흥구,구갈동,기흥역더샵(주상복합),매매,103동,저/47,800000000,102,OWNER,"기흥역 ak몰 초역세권으로 생활편리,최고의 커뮤니티시설,분수뷰,관리잘된집",25.07.18,"['10년이내', '대단지', '방세개', '화장실두개']",남동향,25927725.49019608
경기도,용인시 기흥구,구갈동,기흥역더샵(주상복합),매매,103동,중/47,800000000,102,OWNER,시에 4 붙박이장 아주 깨끗 상가 편의시설 지하철 가기 편한동 전망 나옴,25.07.18,"['10년이내', '대단지', '방세개', '화장실두개']",남동향,25927725.49019608
경기도,용인시 기흥구,구갈동,기흥역더샵(주상복합),월세,102동,저/47,"5,000/190",102,OWNER,기흥역 인접   교통 생활 편리  집 상태 깨끗해요.,25.07.18,"['10년이내', '역세권', '대단지', '방세개']",남동향,
경기도,용인시 기흥구,구갈동,기흥역더샵(주상복합),매매,104동,중/47,800000000,102,OWNER,"세안고매매, 기흥역, 한얼초,야외수영장등 커뮤니티 시설 가까워 편리",25.07.17,"['10년이내', '대단지', '방세개', '화장실두개']",남동향,25927725.49019608
경기도,용인시 기흥구,구갈동,기흥역더샵(주상복합),매매,104동,14/47,800000000,102,OWNER,시에4 잔잔한정원전망 입주여유 학교 버정 가까운동,25.07.10,"['10년이내', '마당', '대단지', '방세개']",남동향,25927725.49019608
경기도,용인시 기흥구,구갈동,기흥역더샵(주상복합),매매,103동,중/47,830000000,102,OWNER,72C. 전망좋은집. 깨끗.  동간거리넓어요. 공원및역근접. 최고의생활권,25.07.12,"['10년이내', '대단지', '방세개', '화장실두개']",남동향,26900015.196078435
경기도,용인시 기흥구,구갈동,기흥역더샵(주상복합),매매,104동,중/47,800000000,102,OWNER,,25.07.09,"['10년이내', '대단지', '방세개', '화장실두개']",남동향,25927725.49019608
경기도,용인시 기흥구,구갈동,기흥역더샵(주상복합),매매,102동,중/47,820000000,102,OWNER,"넓은 현관 팬트리, 2in1, 바닥 매트시공, 부분 인테리어, 입주협의",25.07.07,"['10년이내', '역세권', '대단지', '방세개']",남동향,26575918.627450984
경기도,용인시 기흥구,구갈동,기흥역더샵(주상복합),매매,104동,13/47,800000000,102,NDOC1,"세안고 매매, 내년 1월만기,한얼초 통학편리, 투인원에어컨, 기흥역세권",25.06.23,"['10년이내', '대단지', '방세개', '화장실두개']",남동향,25927725.49019608
경기도,용인시 기흥구,구갈동,기흥역더샵(주상복합),매매,102동,중/47,790000000,102,DOC,"기흥역 역세권, 상가단지 인접동, 세안고",25.06.26,"['10년이내', '역세권', '대단지', '방세개']",남향,25603628.921568632
경기도,용인시 기흥구,구갈동,기흥역더샵(주상복합),매매,104동,10/47,820000000,101.87,OWNER,"짧은 세안고, 선호타입, 밝고 환한집, 시스템에어컨 4대, 줄눈, 탄성",25.07.21,"['10년이내', '대단지', '방세개', '화장실두개']",남서향,26609833.12064396
경기도,용인시 기흥구,구갈동,기흥역더샵(주상복합),매매,102동,저/47,850000000,101.87,OWNER,"기흥역 가까운 동, 커뮤니티 이용편리, 안정적인 정원뷰, 입주협의",25.07.21,"['10년이내', '역세권', '대단지', '방세개']",남서향,27583363.600667518
경기도,용인시 기흥구,구갈동,기흥역더샵(주상복합),매매,103동,저/47,780000000,101.87,OWNER,"정원조망,아이키우기 좋은단지, 세안고매매",25.07.19,"['10년이내', '마당', '대단지', '방세개']",남서향,25311792.480612546
경기도,용인시 기흥구,구갈동,기흥역더샵(주상복합),매매,103동,고/47,940000000,101.87,OWNER,"입주협의,탁트인뷰,시스템에어컨4대,중문",25.07.18,"['10년이내', '대단지', '방세개', '화장실두개']",남서향,30503955.040738195
경기도,용인시 기흥구,구갈동,기흥역더샵(주상복합),전세,103동,고/47,550000000,101.87,OWNER,"10월부터12월까지입주협의,탁트인뷰,시스템에어컨4대,중문",25.07.18,"['10년이내', '대단지', '방세개', '화장실두개']",남서향,17848058.800431926
경기도,용인시 기흥구,구갈동,기흥역더샵(주상복합),매매,102동,저/47,800000000,101.87,OWNER,기흥역가까운인기동 트인조망 생활편리 주인거주관리굿 입주협의,25.07.18,"['10년이내', '역세권', '대단지', '방세개']",남서향,25960812.800628252
경기도,용인시 기흥구,구갈동,기흥역더샵(주상복합),매매,104동,중/47,850000000,101.87,OWNER,"시스템에어컨 4대, 주인거주 관리잘된집, 입주협의",25.07.07,"['10년이내', '대단지', '방세개', '화장실두개']",남서향,27583363.600667518
경기도,용인시 기흥구,구갈동,기흥역더샵(주상복합),매매,104동,저/47,800000000,101.87,OWNER,확트인뷰 정원같은 조망  초품아 역세권 도보이용가능,25.06.27,"['10년이내', '마당', '대단지', '방세개']",남서향,25960812.800628252
경기도,용인시 기흥구,구갈동,기흥역더샵(주상복합),매매,102동,중/47,800000000,101.87,OWNER,기흥역최단거리 인덕션 식세기,25.06.27,"['10년이내', '역세권', '대단지', '방세개']",남서향,25960812.800628252
경기도,용인시 기흥구,구갈동,기흥역더퍼스트푸르지오(주상복합),매매,102동,저/37,800000000,120.39,OWNER,탄천 시원한 조망 입주조정가 판상형타입 기흥역도보3분,25.07.19,"['10년이내', '역세권', '방세개', '화장실두개']",남서향,21967173.353268545
경기도,용인시 기흥구,구갈동,기흥역더퍼스트푸르지오(주상복합),매매,102동,중/37,810000000,120.39,OWNER,기흥역2분.에어컨3.투자강추.세안고.해잘들고 뷰좋은집,25.07.17,"['10년이내', '역세권', '방세개', '화장실두개']",남서향,22241763.0201844
경기도,용인시 기흥구,구갈동,기흥역더퍼스트푸르지오(주상복합),매매,105동,중/38,840000000,120.39,OWNER,입주협의  판상형 선호타입  조망시원,25.07.12,"['10년이내', '역세권', '방세개', '화장실두개']",남향,23065532.02093197
경기도,용인시 기흥구,구갈동,기흥역더퍼스트푸르지오(주상복합),매매,104동,고/37,870000000,120.39,OWNER,"깔끔한 화이트 인테리어, 수납좋은 판상형, 날짜협의",25.07.12,"['10년이내', '역세권', '방세개', '화장실두개']",남서향,23889301.021679543
경기도,용인시 기흥구,구갈동,기흥역더퍼스트푸르지오(주상복합),전세,101동,저/37,530000000,120.39,OWNER,기흥역초역세권 에어컨풀 9월 해잘드는 판상형,25.07.11,"['10년이내', '역세권', '방세개', '화장실두개']",남서향,14553252.34654041
경기도,용인시 기흥구,구갈동,기흥역더퍼스트푸르지오(주상복합),매매,105동,중/38,850000000,120.39,OWNER,"남향,로얄동,구조좋은 c타입,기흥역초역세권",25.07.07,"['10년이내', '역세권', '방세개', '화장실두개']",남향,23340121.687847827
경기도,용인시 기흥구,구갈동,기흥역더퍼스트푸르지오(주상복합),매매,102동,고/37,900000000,120.39,OWNER,"탁트인뷰,  35C, 날짜협의가능, 주전세,입주 모두 가능",25.07.04,"['10년이내', '역세권', '방세개', '화장실두개']",남서향,24713070.022427112
경기도,용인시 기흥구,구갈동,기흥역더퍼스트푸르지오(주상복합),매매,102동,고/37,910000000,120.39,OWNER,,25.07.04,"['10년이내', '역세권', '방세개', '화장실두개']",남서향,24987659.68934297
경기도,용인시 기흥구,구갈동,기흥역더퍼스트푸르지오(주상복합),매매,105동,고/38,990000000,120.39,OWNER,"정남향, 에컨5대, 인테리어,LED 간접등 설치, 손댈곳없는 로얄",25.07.04,"['10년이내', '역세권', '방세개', '화장실두개']",남향,27184377.024669826
경기도,용인시 기흥구,구갈동,기흥역더퍼스트푸르지오(주상복합),매매,105동,중/38,850000000,120.39,OWNER,,25.07.03,"['10년이내', '역세권', '방세개', '화장실두개']",남향,23340121.687847827
경기도,용인시 기흥구,구갈동,기흥역더퍼스트푸르지오(주상복합),매매,105동,저/38,850000000,120.39,DOC,시원한조망    정남향 잘나온구조  기흥역초역세권 입주협의 세안고,25.07.12,"['10년이내', '역세권', '방세개', '화장실두개']",남향,23340121.687847827
경기도,용인시 기흥구,구갈동,기흥역더퍼스트푸르지오(주상복합),매매,101동,저/37,850000000,120.39,OWNER,기흥역초역세권   교통 인프라 컨디션 최고 에어컨4,25.06.30,"['10년이내', '역세권', '방세개', '화장실두개']",남서향,23340121.687847827
경기도,용인시 기흥구,구갈동,기흥역더퍼스트푸르지오(주상복합),매매,102동,34/37,850000000,118.2,OWNER,세안고 기흥역 역세권 시스템에어컨4 전망좋음 채광풍부,25.07.19,"['10년이내', '역세권', '방세개', '화장실두개']",남서향,23772565.566835873
경기도,용인시 기흥구,구갈동,기흥역더퍼스트푸르지오(주상복합),매매,105동,4/38,790000000,118.2,OWNER,시스템에어컨5대     판상형 구조 최고  3베이  남향 조망 입주협의,25.07.19,"['10년이내', '역세권', '방세개', '화장실두개']",남향,22094502.115059223
경기도,용인시 기흥구,구갈동,기흥역더퍼스트푸르지오(주상복합),매매,101동,고/37,850000000,118.2,OWNER,"주인거주관리된집,중문,인덕션,기흥역세권,입주협의",25.07.21,"['10년이내', '역세권', '방세개', '화장실두개']",남동향,23772565.566835873
경기도,용인시 기흥구,구갈동,기흥역더퍼스트푸르지오(주상복합),매매,101동,중/37,810000000,118.2,OWNER,기흥역초역세권 전망 채광좋은 판상형 선호타입  조용한동 입주협의,25.07.21,"['10년이내', '역세권', '방세개', '화장실두개']",남서향,22653856.59898477
경기도,용인시 기흥구,구갈동,기흥역더퍼스트푸르지오(주상복합),매매,101동,고/37,820000000,118.2,OWNER,"35B, 지웰푸르지오 판상형, 인기타입, 중문, 수납굿, 채광굿,추천올림",25.07.21,"['10년이내', '역세권', '방세개', '화장실두개']",남서향,22933533.840947546
경기도,용인시 기흥구,구갈동,기흥역더퍼스트푸르지오(주상복합),매매,101동,고/37,880000000,118.2,OWNER,"주인거주,입주협의, 탁트인뷰,집상태깔끔,기흥역세권",25.07.20,"['10년이내', '역세권', '방세개', '화장실두개']",남서향,24611597.292724196
경기도,용인시 기흥구,구갈동,기흥역더퍼스트푸르지오(주상복합),매매,102동,고/37,840000000,118.2,OWNER,"탁트인 뷰, 깨끗하고 밝은집, 중문, 탄성,날짜협의",25.07.19,"['10년이내', '역세권', '방세개', '화장실두개']",남서향,23492888.324873097
경기도,용인시 기흥구,구갈동,기흥역더퍼스트푸르지오(주상복합),매매,105동,저/38,820000000,118.2,OWNER,조망시원  채광최고   기흥역도보3분,25.07.19,"['10년이내', '역세권', '방세개', '화장실두개']",남향,22933533.840947546
경기도,용인시 기흥구,구갈동,기흥역더퍼스트푸르지오(주상복합),매매,101동,고/37,820000000,118.2,OWNER,"중문,드레스룸넓은타입,주차편하고 막힘없는전망,주인거주로 관리상태좋음",25.07.19,"['10년이내', '역세권', '방세개', '화장실두개']",남향,22933533.840947546
경기도,용인시 기흥구,구갈동,기흥역더퍼스트푸르지오(주상복합),매매,105동,고/38,900000000,118.2,OWNER,"정남향의 최고전망,빠른입주가능,인테리어기간확보가능",25.07.17,"['10년이내', '역세권', '방세개', '화장실두개']",남향,25170951.776649747
경기도,용인시 기흥구,구갈동,기흥역더퍼스트푸르지오(주상복합),매매,105동,고/38,900000000,118.2,OWNER,"기흥역초역세권 로열동 남향 전망 채광 넘좋아요, 시에2 세안고",25.07.17,"['10년이내', '역세권', '방세개', '화장실두개']",남향,25170951.776649747
경기도,용인시 기흥구,구갈동,기흥역더퍼스트푸르지오(주상복합),매매,102동,고/37,860000000,118.2,OWNER,기흥역 도보 3분  신갈천뷰  판상형 조망시원 협의가능,25.07.16,"['10년이내', '역세권', '방세개', '화장실두개']",남서향,24052242.80879865
경기도,용인시 기흥구,구갈동,기흥역더퍼스트푸르지오(주상복합),매매,104동,저/37,850000000,118.2,OWNER,"특올수리, 시스템에어컨3, 주인거주로 깨끗, 집이너무예뻐요",25.07.16,"['10년이내', '올수리', '역세권', '방세개']",남동향,23772565.566835873
경기도,용인시 기흥구,구갈동,기흥역더퍼스트푸르지오(주상복합),매매,102동,중/37,850000000,118.2,OWNER,,25.07.12,"['10년이내', '역세권', '방세개', '화장실두개']",남동향,23772565.566835873
경기도,용인시 기흥구,구갈동,기흥역더퍼스트푸르지오(주상복합),매매,105동,중/38,850000000,118.2,OWNER,남향  선호타입 뷰굿,25.07.09,"['10년이내', '역세권', '방세개', '화장실두개']",남향,23772565.566835873
경기도,용인시 기흥구,구갈동,기흥역더퍼스트푸르지오(주상복합),매매,105동,저/38,850000000,118.2,DOC,"정남향, 주인거주로 깨끗, 날짜협의",25.07.19,"['10년이내', '역세권', '방세개', '화장실두개']",남향,23772565.566835873
경기도,용인시 기흥구,구갈동,기흥역더퍼스트푸르지오(주상복합),매매,101동,저/37,800000000,118.2,OWNER,"갭투자매물,전세안고,수납공간많음,전망트임,기흥역세권",25.06.25,"['10년이내', '역세권', '방세개', '화장실두개']",남서향,22374179.357022
경기도,용인시 기흥구,구갈동,기흥역더퍼스트푸르지오(주상복합),매매,101동,중/37,860000000,118.2,OWNER,"세안고 매매 시에2대,중문,수납좋은 판상형,",25.06.23,"['10년이내', '역세권', '방세개', '화장실두개']",남서향,24052242.80879865
경기도,용인시 기흥구,구갈동,기흥역더퍼스트푸르지오(주상복합),매매,102동,31/37,780000000,117.93,OWNER,"36A ,지웰푸르지오 최저가,인기선호타입,전세안고,관리상태굿,수납굿,추천",25.07.21,"['10년이내', '역세권', '방세개', '화장실두개']",남동향,21864769.77868227
경기도,용인시 기흥구,구갈동,기흥역더퍼스트푸르지오(주상복합),매매,102동,14/37,800000000,117.93,OWNER,35A 소음 없는 동  깔끔한 기본  수납많은 판상형,25.07.21,"['10년이내', '역세권', '방세개', '화장실두개']",남동향,22425404.901212584
경기도,용인시 기흥구,구갈동,기흥역더퍼스트푸르지오(주상복합),매매,105동,21/38,880000000,117.93,OWNER,,25.07.16,"['10년이내', '역세권', '방세개', '화장실두개']",남서향,24667945.39133384
경기도,용인시 기흥구,구갈동,기흥역더퍼스트푸르지오(주상복합),매매,101동,중/37,790000000,117.93,OWNER,시스템에어컨3대. 판상형.  수납좋은 구조. 주인거주 입주협의,25.07.21,"['10년이내', '역세권', '방세개', '화장실두개']",남동향,22145087.339947425
경기도,용인시 기흥구,구갈동,기흥역더퍼스트푸르지오(주상복합),매매,104동,중/37,910000000,117.93,MOBL,"상태깨끗한집,시에3대,세낀매매,트인뷰,입주일자.금액협의가",25.07.19,"['10년이내', '역세권', '방세개', '화장실두개']",남서향,25508898.075129315
경기도,용인시 기흥구,구갈동,기흥역더퍼스트푸르지오(주상복합),매매,104동,고/37,830000000,117.93,OWNER,조망최고  기흥역도보3분   정상입주가능  선호타입 판상형,25.07.19,"['10년이내', '역세권', '방세개', '화장실두개']",남서향,23266357.585008055
경기도,용인시 기흥구,구갈동,기흥역더퍼스트푸르지오(주상복합),매매,101동,고/37,820000000,117.93,OWNER,주인거주  중문 아트월   집상태 최상      기흥역 ak프라자,25.07.19,"['10년이내', '역세권', '방세개', '화장실두개']",남동향,22986040.023742896
경기도,용인시 기흥구,구갈동,기흥역더퍼스트푸르지오(주상복합),매매,105동,중/38,820000000,117.93,OWNER,트인전망 기흥역 도보5분이내 초역세권 입주협의,25.07.19,"['10년이내', '역세권', '방세개', '화장실두개']",동향,22986040.023742896
경기도,용인시 기흥구,구갈동,기흥역더퍼스트푸르지오(주상복합),전세,104동,5/37,530000000,117.93,OWNER,기흥역초역세권 AK＆슬세권 교통인프라 좋아요. 입주협의,25.07.11,"['10년이내', '역세권', '방세개', '화장실두개']",남서향,14856830.747053338
경기도,용인시 기흥구,구갈동,기흥역더퍼스트푸르지오(주상복합),매매,102동,고/37,850000000,117.93,OWNER,"집상태완전좋음,주차편리한동,세안고매매",25.07.17,"['10년이내', '역세권', '방세개', '화장실두개']",남동향,23826992.70753837
경기도,용인시 기흥구,구갈동,기흥역더퍼스트푸르지오(주상복합),매매,105동,7/38,870000000,117.93,OWNER,"기흥역도보3분,시에4대,예쁜 공원뷰주인세안고도 가능",25.07.11,"['10년이내', '역세권', '방세개', '화장실두개']",동향,24387627.830068685
경기도,용인시 기흥구,구갈동,기흥역더퍼스트푸르지오(주상복합),전세,105동,저/38,530000000,117.93,OWNER,"밝고 환한집, 트인뷰, 에어컨 협의, 금액 날짜 조정가능",25.07.16,"['10년이내', '융자금없는', '역세권', '방세개']",동향,14856830.747053338
경기도,용인시 기흥구,구갈동,기흥역더퍼스트푸르지오(주상복합),매매,102동,저/37,780000000,117.93,OWNER,시스템 에어컨 3대  단지 조망  입주 조정가,25.07.16,"['10년이내', '역세권', '방세개', '화장실두개']",남동향,21864769.77868227
경기도,용인시 기흥구,구갈동,기흥역더퍼스트푸르지오(주상복합),매매,101동,저/37,800000000,117.93,OWNER,조망시원  판상형   입주 협의가능,25.07.12,"['10년이내', '역세권', '방세개', '화장실두개']",남동향,22425404.901212584
경기도,용인시 기흥구,구갈동,기흥역더퍼스트푸르지오(주상복합),전세,105동,저/38,530000000,117.93,OWNER,"시스템에어컨4대 새것으로 설치, 4베이, 즉시입주가능",25.07.12,"['10년이내', '융자금없는', '역세권', '방세개']",동향,14856830.747053338
경기도,용인시 기흥구,구갈동,기흥역더퍼스트푸르지오(주상복합),매매,104동,저/37,850000000,117.93,OWNER,"공원뷰 예정, 입주날짜협의, 시스템에어컨2, 긴 잔금도 가능",25.07.09,"['10년이내', '역세권', '방세개', '화장실두개']",남서향,23826992.70753837
경기도,용인시 기흥구,구갈동,기흥역더퍼스트푸르지오(주상복합),매매,104동,5/37,800000000,117.93,OWNER,협의입주 기흥역세권 교통좋고 상업시설이용편리 트인뷰라 답답하지않음,25.07.02,"['10년이내', '역세권', '방세개', '화장실두개']",남서향,22425404.901212584
경기도,용인시 기흥구,구갈동,기흥역더퍼스트푸르지오(주상복합),매매,104동,중/37,810000000,117.93,OWNER,"기흥역 도보3분, 밝고 환한집, 수납좋은 판상형, 입주협의",25.07.07,"['10년이내', '역세권', '방세개', '화장실두개']",남동향,22705722.46247774
경기도,용인시 기흥구,구갈동,기흥역더퍼스트푸르지오(주상복합),전세,101동,고/37,530000000,117.93,OWNER,"9월말부터, 시스템2대,  구조좋은 A타입 집상태 깔끔 추천",25.07.07,"['10년이내', '융자금없는', '역세권', '방세개']",남동향,14856830.747053338
경기도,용인시 기흥구,구갈동,기흥역더퍼스트푸르지오(주상복합),매매,105동,중/38,810000000,117.93,OWNER,"조망굿,식세기,인덕션",25.07.05,"['10년이내', '역세권', '방세개', '화장실두개']",동향,22705722.46247774
경기도,용인시 기흥구,구갈동,기흥역더퍼스트푸르지오(주상복합),매매,101동,고/37,800000000,117.93,OWNER,기흥역초역세권  교통 및 생활 인프라 아주좋아요 수납많은 구조 판상형,25.07.04,"['10년이내', '역세권', '방세개', '화장실두개']",남동향,22425404.901212584
경기도,용인시 기흥구,구갈동,기흥역더퍼스트푸르지오(주상복합),월세,101동,저/37,1억/180,117.93,OWNER,하시입주가능 아주 깨끗 상권이용편리 지하철 이용용이 전망굿,25.07.04,"['10년이내', '역세권', '방세개', '화장실두개']",남동향,
경기도,용인시 기흥구,구갈동,기흥역더퍼스트푸르지오(주상복합),매매,102동,중/37,800000000,117.93,OWNER,기흥역세권 수납좋은 판상형  입주  금액  협의가,25.07.03,"['10년이내', '역세권', '방세개', '화장실두개']",남동향,22425404.901212584
경기도,용인시 기흥구,구갈동,기흥역더퍼스트푸르지오(주상복합),매매,105동,중/38,880000000,117.93,OWNER,"35A, 지웰 푸르지오 확 트인 공원뷰 굿,  기흥역 초역세권, 선호구조",25.07.02,"['10년이내', '역세권', '방세개', '화장실두개']",동향,24667945.39133384
경기도,용인시 기흥구,구갈동,기흥역더퍼스트푸르지오(주상복합),매매,101동,중/37,820000000,117.93,OWNER,기흥역초역세권 AK몰슬세권 교통 인프라 최고 컨디션최상 판상형,25.07.01,"['10년이내', '역세권', '방세개', '화장실두개']",남동향,22986040.023742896
경기도,용인시 기흥구,구갈동,기흥역더퍼스트푸르지오(주상복합),매매,102동,저/37,780000000,117.93,OWNER,기흥역초역세권 상업시설다양 산책로 우수함 예쁜정원뷰 에어컨풀,25.07.01,"['10년이내', '역세권', '방세개', '화장실두개']",남동향,21864769.77868227
경기도,용인시 기흥구,구갈동,기흥역더퍼스트푸르지오(주상복합),매매,102동,고/37,830000000,117.93,OWNER,기흥역 도보3분  조망시원  입주조정가,25.06.27,"['10년이내', '역세권', '방세개', '화장실두개']",남동향,23266357.585008055
경기도,용인시 기흥구,구갈동,기흥역더퍼스트푸르지오(주상복합),매매,105동,21/38,880000000,117.93,NONE,"시에4대,상태최상",25.07.01,"['10년이내', '역세권', '방세개', '화장실두개']",동향,24667945.39133384
경기도,용인시 기흥구,구갈동,기흥역롯데캐슬레이시티(주상복합),매매,레이A동,35/38,800000000,115.2,OWNER,"세안고, 기흥역 도보1분, 전망채광 굿, 드레스룸, 시스템에어컨",25.07.17,"['10년이내', '역세권', '방세개', '화장실두개']",남서향,22956840.277777776
경기도,용인시 기흥구,구갈동,기흥역롯데캐슬레이시티(주상복합),매매,레이A동,13/38,760000000,115.2,OWNER,"신축,초역세권,세안고,조망굿,채광굿",25.07.16,"['10년이내', '역세권', '복층', '화장실두개']",남향,21808998.263888888
경기도,용인시 기흥구,구갈동,기흥역롯데캐슬레이시티(주상복합),매매,레이A동,중/38,780000000,115.2,DOC,세안고매매 기흥역세권 교통인프라굿,25.07.07,"['10년이내', '역세권', '방세개', '화장실두개']",남동향,22382919.270833332
경기도,용인시 기흥구,구갈동,기흥역롯데캐슬레이시티(주상복합),매매,레이A동,4/38,870000000,115.17,OWNER,"층간소음걱정끝,필로티층,풍부한일조량,초역세권",25.07.14,"['10년이내', '역세권', '필로티', '방세개']",남향,24972066.944516804
경기도,용인시 기흥구,구갈동,기흥역롯데캐슬레이시티(주상복합),전세,레이A동,중/38,540000000,115.17,OWNER,신혼부부환영 붙박이장  인덕션  에어컨 11월입주협의,25.07.19,"['10년이내', '역세권', '방세개', '화장실두개']",남서향,15499903.620734567
경기도,용인시 기흥구,구갈동,기흥역롯데캐슬레이시티(주상복합),매매,레이A동,중/38,800000000,115.17,OWNER,기흥역1분  교통편리 AK몰슬세권  컨디션최상,25.07.17,"['10년이내', '역세권', '방세개', '화장실두개']",남서향,22962820.178866025
경기도,용인시 기흥구,구갈동,기흥역롯데캐슬레이시티(주상복합),매매,레이B동,중/38,800000000,115.17,OWNER,갭투 가능  기흥역 초 역세권역 투자 실거주 추천 시스템에어컨4,25.07.12,"['10년이내', '역세권', '방세개', '화장실두개']",남서향,22962820.178866025
경기도,용인시 기흥구,구갈동,기흥역롯데캐슬레이시티(주상복합),전세,레이B동,35/38,550000000,115.17,DOC,,25.07.16,"['10년이내', '융자금없는', '역세권', '방세개']",남향,15786938.872970393
경기도,용인시 기흥구,구갈동,기흥역롯데캐슬레이시티(주상복합),매매,레이A동,저/38,800000000,115.17,OWNER,기흥역초역세권   교통 인프라 최고 AK몰 슬세권,25.07.09,"['10년이내', '역세권', '방세개', '화장실두개']",남서향,22962820.178866025
경기도,용인시 기흥구,구갈동,기흥역롯데캐슬레이시티(주상복합),매매,레이A동,고/38,780000000,115.17,OWNER,기흥역초역세권  개별난방 입주조정가 조망시원 세안고,25.07.07,"['10년이내', '역세권', '방세개', '화장실두개']",남서향,22388749.674394373
경기도,용인시 기흥구,구갈동,기흥역롯데캐슬레이시티(주상복합),매매,레이A동,고/38,800000000,115.17,OWNER,초역세권  투자,25.06.30,"['10년이내', '역세권', '방세개', '화장실두개']",남서향,22962820.178866025
경기도,용인시 기흥구,구갈동,기흥역롯데캐슬레이시티(주상복합),매매,레이A동,고/38,850000000,115.17,OWNER,"입주협의가능,투인원에어컨,기흥역초역세권,탁트인뷰",25.06.28,"['10년이내', '역세권', '방세개', '화장실두개']",남서향,24397996.44004515
경기도,용인시 기흥구,구갈동,기흥역롯데캐슬레이시티(주상복합),매매,레이B동,중/38,830000000,115.17,OWNER,"필로티층, 기흥역 가장 가까운 단지, AC 2in1. 해 잘들어요",25.06.26,"['10년이내', '역세권', '방세개', '화장실두개']",남서향,23823925.935573503
경기도,용인시 기흥구,구갈동,기흥역롯데캐슬레이시티(주상복합),매매,레이A동,고/38,1150000000,114.87,MOBL,기흥역초역세권.도보1분거리.전망탁월,25.06.30,"['10년이내', '역세권', '방네개이상', '화장실두개']",남서향,33095262.035344303
경기도,용인시 기흥구,구갈동,기흥역롯데캐슬레이시티(주상복합),매매,레이B동,저/38,810000000,114.51,OWNER,"관리상태 최상, 시스템에어컨2대, 빌트인 냉장고,김치냉장고,식기세척기 등",25.07.17,"['10년이내', '역세권', '방세개', '화장실두개']",남동향,23383860.361540478
경기도,용인시 기흥구,구갈동,기흥역롯데캐슬레이시티(주상복합),월세,레이B동,고/38,1억/200,114.51,OWNER,뻥뷰 시스템에어컨 10월입주 중문,25.07.17,"['10년이내', '역세권', '방세개', '화장실두개']",남동향,
경기도,용인시 기흥구,구갈동,기흥역롯데캐슬레이시티(주상복합),매매,레이A동,중/38,880000000,114.51,OWNER,,25.07.15,"['10년이내', '역세권', '방세개', '화장실두개']",남서향,25404687.80019212
경기도,용인시 기흥구,구갈동,기흥역롯데캐슬레이시티(주상복합),매매,레이B동,고/38,790000000,114.51,OWNER,중문 인덕션 선호타입,25.07.14,"['10년이내', '역세권', '방세개', '화장실두개']",남동향,22806481.093354292
경기도,용인시 기흥구,구갈동,기흥역롯데캐슬레이시티(주상복합),전세,레이B동,중/38,520000000,114.51,NDOC1,"신혼부부 추천,빠른입주도 가능,에어컨2대,일부 산전망",25.07.12,"['10년이내', '역세권', '방세개', '화장실두개']",남동향,15011860.972840799
경기도,용인시 기흥구,구갈동,기흥역롯데캐슬레이시티(주상복합),매매,레이A동,고/38,800000000,114.51,OWNER,가장 조망좋은 집,25.07.05,"['10년이내', '역세권', '방세개', '화장실두개']",남서향,23095170.727447383
경기도,용인시 기흥구,구갈동,기흥역롯데캐슬레이시티(주상복합),매매,레이A동,저/38,900000000,114.51,OWNER,시스템에어컨 붙박이장 뷰굿,25.06.30,"['10년이내', '역세권', '방세개', '화장실두개']",남서향,25982067.068378307
경기도,용인시 기흥구,구갈동,기흥역센트럴푸르지오(주상복합),매매,203동,41/47,850000000,118.52,OWNER,"스카이뷰, 밝고 환한집, 커뮤니티 이용편리, 주인거주, 입주협의",25.07.21,"['10년이내', '대단지', '방세개', '화장실두개']",남서향,23708380.442119475
경기도,용인시 기흥구,구갈동,기흥역센트럴푸르지오(주상복합),매매,201동,19/44,820000000,118.52,OWNER,입주협의 시에4대  기흥역가까운동  상가이용편리 작은침실골프장뷰,25.07.21,"['10년이내', '역세권', '대단지', '소형평수']",남서향,22871614.07357408
경기도,용인시 기흥구,구갈동,기흥역센트럴푸르지오(주상복합),전세,205동,16/38,530000000,118.52,OWNER,시에4신규설치 빠른입주 입주협의 광장연결 기흥역가까운동,25.07.21,"['10년이내', '역세권', '대단지', '방세개']",남향,14782872.510968614
경기도,용인시 기흥구,구갈동,기흥역센트럴푸르지오(주상복합),매매,201동,44/44,850000000,118.52,OWNER,"35B1, 센트럴 푸르지오 탑층, 인테리어굿, 시에4, 옵션다양, 추천",25.07.21,"['10년이내', '역세권', '대단지', '탑층']",남서향,23708380.442119475
경기도,용인시 기흥구,구갈동,기흥역센트럴푸르지오(주상복합),전세,201동,19/44,560000000,118.52,OWNER,"8월말입주,기흥역인접동,상가이용편리,시에4대,시원한양창형",25.07.21,"['10년이내', '역세권', '대단지', '방세개']",남향,15619638.879514009
경기도,용인시 기흥구,구갈동,기흥역센트럴푸르지오(주상복합),월세,205동,16/38,5억/20,118.52,OWNER,시에4신규설치 빠른입주가능 광장연결동  입주협의가능,25.07.16,"['10년이내', '역세권', '대단지', '방세개']",남향,
경기도,용인시 기흥구,구갈동,기흥역센트럴푸르지오(주상복합),매매,203동,중/47,830000000,118.52,OWNER,급매.지하철가까운동.전면동.국공립어린이집.중문.입주협의,25.07.21,"['10년이내', '대단지', '급매', '방세개']",남향,23150536.196422547
경기도,용인시 기흥구,구갈동,기흥역센트럴푸르지오(주상복합),전세,201동,중/44,540000000,118.52,OWNER,입구동.시스템에어컨4대.도배.탄성.입주청소한 새집 컨디션.바로입주도가능,25.07.21,"['10년이내', '융자금없는', '역세권', '대단지']",남서향,15061794.63381708
경기도,용인시 기흥구,구갈동,기흥역센트럴푸르지오(주상복합),매매,206동,30/40,780000000,118.52,OWNER,급매.갭투추천2.8억. 긴전세만기.주차편리하고 조용,25.07.14,"['10년이내', '대단지', '급매', '방세개']",남동향,21755925.582180224
경기도,용인시 기흥구,구갈동,기흥역센트럴푸르지오(주상복합),매매,202동,저/46,800000000,118.52,OWNER,기흥역세권  도보3분 상가이용편리 세안고 가능,25.07.19,"['10년이내', '역세권', '대단지', '방세개']",남서향,22313769.827877153
경기도,용인시 기흥구,구갈동,기흥역센트럴푸르지오(주상복합),매매,202동,고/46,835000000,118.52,OWNER,"전세안고매매,갭투추천,중문,식세기,필름,로얄동",25.07.19,"['10년이내', '역세권', '대단지', '방세개']",남서향,23289997.25784678
경기도,용인시 기흥구,구갈동,기흥역센트럴푸르지오(주상복합),월세,206동,저/40,4억/60,118.52,OWNER,TOP.  깨끗이 관리 된 집. 예쁘고 차분한 단지 뷰.,25.07.19,"['10년이내', '대단지', '방세개', '화장실두개']",남동향,
경기도,용인시 기흥구,구갈동,기흥역센트럴푸르지오(주상복합),전세,206동,저/40,550000000,118.52,OWNER,TOP.  깨끗합니다.,25.07.19,"['10년이내', '대단지', '방세개', '화장실두개']",남동향,15340716.756665543
경기도,용인시 기흥구,구갈동,기흥역센트럴푸르지오(주상복합),매매,205동,저/38,850000000,118.52,OWNER,"입구광장연결동으로 기흥역가깝고 ak몰 생활편리해요 , 에4,  긴세안고",25.07.18,"['10년이내', '역세권', '대단지', '방세개']",남향,23708380.442119475
경기도,용인시 기흥구,구갈동,기흥역센트럴푸르지오(주상복합),매매,203동,저/47,850000000,118.52,OWNER,"층간소음걱정없이 아이키우기 좋은매물 실입주가능 중문, 입주협의",25.07.18,"['10년이내', '대단지', '방세개', '화장실두개']",남서향,23708380.442119475
경기도,용인시 기흥구,구갈동,기흥역센트럴푸르지오(주상복합),매매,203동,중/47,890000000,118.52,OWNER,골프장뷰 중문 간접조명 드레스룸 커뮤니티가까운동 입주협의,25.07.17,"['10년이내', '대단지', '방세개', '화장실두개']",남동향,24824068.933513336
경기도,용인시 기흥구,구갈동,기흥역센트럴푸르지오(주상복합),매매,201동,중/44,900000000,118.52,OWNER,지하철상가인접동으로 편리 골프장전망,25.07.17,"['10년이내', '역세권', '대단지', '방세개']",남동향,25102991.0563618
경기도,용인시 기흥구,구갈동,기흥역센트럴푸르지오(주상복합),매매,202동,중/46,900000000,118.52,OWNER,주인거주로상태좋음 각방마다 시스템에어컨설치  지하철상가이용편리,25.07.17,"['10년이내', '역세권', '대단지', '방세개']",남서향,25102991.0563618
경기도,용인시 기흥구,구갈동,기흥역센트럴푸르지오(주상복합),매매,202동,고/46,870000000,118.52,OWNER,남향 일조량 전망우수 주인거주로 상태좋음 옵션다양 로얄동,25.07.17,"['10년이내', '역세권', '대단지', '방세개']",남서향,24266224.687816404
경기도,용인시 기흥구,구갈동,기흥역센트럴푸르지오(주상복합),매매,202동,고/46,870000000,118.52,OWNER,"전망굿,시스템에어컨3대,햇살가득,입구동,옵션많아요",25.07.16,"['10년이내', '역세권', '대단지', '방세개']",남서향,24266224.687816404
경기도,용인시 기흥구,구갈동,기흥역센트럴푸르지오(주상복합),매매,203동,중/47,820000000,118.52,OWNER,"갭투가능, 26년초 , 늦은 잔금가능, 시스템4, 햇살가득 남서향",25.07.15,"['10년이내', '대단지', '방세개', '화장실두개']",남서향,22871614.07357408
경기도,용인시 기흥구,구갈동,기흥역센트럴푸르지오(주상복합),매매,205동,중/38,850000000,118.52,OWNER,"입주협의,늦은입주도가능,시스템에어컨4대,중문,줄눈,단열,led등,붙박이장",25.07.15,"['10년이내', '역세권', '대단지', '방세개']",남향,23708380.442119475
경기도,용인시 기흥구,구갈동,기흥역센트럴푸르지오(주상복합),매매,206동,중/40,820000000,118.52,OWNER,"전세안고매매또는1월입주가능,갭3.4억,식세기,중문,붙박이장,펜트리",25.07.15,"['10년이내', '대단지', '방세개', '화장실두개']",남동향,22871614.07357408
경기도,용인시 기흥구,구갈동,기흥역센트럴푸르지오(주상복합),매매,202동,저/46,880000000,118.52,OWNER,2in1 입주협의 아주 깨끗 상권이용편리 지하철슬리퍼역세권 정원뷰,25.07.14,"['10년이내', '역세권', '대단지', '방세개']",남서향,24545146.81066487
경기도,용인시 기흥구,구갈동,기흥역센트럴푸르지오(주상복합),매매,203동,고/47,950000000,118.52,OWNER,"입주협의,고층뷰,시에2대,중문,거실바닥대리석",25.07.13,"['10년이내', '대단지', '방세개', '화장실두개']",남서향,26497601.67060412
경기도,용인시 기흥구,구갈동,기흥역센트럴푸르지오(주상복합),월세,201동,고/44,"1억 5,000/190",118.52,OWNER,"무융자,골프장뷰,입주일협의,시스템에어컨3대,중문,미세안전방충망",25.07.12,"['10년이내', '융자금없는', '역세권', '대단지']",남동향,
경기도,용인시 기흥구,구갈동,기흥역센트럴푸르지오(주상복합),매매,203동,중/47,900000000,118.52,OWNER,"입주협의, 거실양창 트인전망,수원CC골프장뷰, 고층의 채광좋은집",25.07.12,"['10년이내', '대단지', '방세개', '화장실두개']",남동향,25102991.0563618
경기도,용인시 기흥구,구갈동,기흥역센트럴푸르지오(주상복합),매매,203동,고/47,840000000,118.52,OWNER,"입주협의가능,시스템에어컨4대,중문,줄눈탄성,쿡탑,빌트인냉장고,고층뷰",25.07.12,"['10년이내', '대단지', '방세개', '화장실두개']",남서향,23429458.319271013
경기도,용인시 기흥구,구갈동,기흥역센트럴푸르지오(주상복합),월세,201동,저/44,"5,000/220",118.52,OWNER,시에2 드레스룸 옵션다양  출입구동 상가이용편리 추천해요,25.07.11,"['10년이내', '역세권', '대단지', '방세개']",남서향,
경기도,용인시 기흥구,구갈동,기흥역센트럴푸르지오(주상복합),매매,202동,중/46,880000000,118.52,OWNER,"환상적인골프장뷰 전망굿,입구동 로얄층 채광굿 기흥역세권,몰인접생활교통편리",25.07.10,"['10년이내', '역세권', '대단지', '방세개']",남동향,24545146.81066487
경기도,용인시 기흥구,구갈동,기흥역센트럴푸르지오(주상복합),전세,205동,고/38,550000000,118.52,OWNER,"빠른입주 가능,기흥역 가까운 동,주차하기 편리한 동,AC2대 설치",25.07.09,"['10년이내', '역세권', '대단지', '방세개']",남동향,15340716.756665543
경기도,용인시 기흥구,구갈동,기흥역센트럴푸르지오(주상복합),매매,202동,중/46,870000000,118.52,OWNER,"긴전세안고매매,로얄동,정문연결동,해잘들어요",25.07.08,"['10년이내', '역세권', '대단지', '방세개']",남서향,24266224.687816404
경기도,용인시 기흥구,구갈동,기흥역센트럴푸르지오(주상복합),매매,205동,고/38,830000000,118.52,OWNER,긴전세갭투.햇살좋은 입구동.2in1에어컨.아주 깨끗한 집.주차편리동,25.07.08,"['10년이내', '역세권', '대단지', '방세개']",남동향,23150536.196422547
경기도,용인시 기흥구,구갈동,기흥역센트럴푸르지오(주상복합),매매,206동,중/40,840000000,118.52,OWNER,"조용한동,시스템에어컨4대,LED등,주인거주로 깔끔,입주협의",25.07.02,"['10년이내', '대단지', '방세개', '화장실두개']",남동향,23429458.319271013
경기도,용인시 기흥구,구갈동,기흥역센트럴푸르지오(주상복합),매매,205동,고/38,810000000,118.52,OWNER,"빠른입주 가능,기흥역 가까운 동,주차하기 편리한 동,AC2대 설치",25.07.01,"['10년이내', '역세권', '대단지', '방세개']",남동향,22592691.95072562
경기도,용인시 기흥구,구갈동,기흥역센트럴푸르지오(주상복합),매매,205동,고/38,830000000,118.52,OWNER,"갭3.3억27년 3월,이후 깨끗하게 관리된 집, 기흥역과 근거리,",25.06.30,"['10년이내', '역세권', '대단지', '방세개']",남서향,23150536.196422547
경기도,용인시 기흥구,구갈동,기흥역센트럴푸르지오(주상복합),매매,202동,저/46,850000000,118.52,OWNER,시스템4 식세기 인덕션 로얄동,25.06.26,"['10년이내', '역세권', '대단지', '방세개']",남서향,23708380.442119475
경기도,용인시 기흥구,구갈동,기흥역센트럴푸르지오(주상복합),월세,205동,고/38,"3,000/240",118.52,OWNER,"입주일협의가능,투인원에어컨,중문,뷰좋아요,광장연결동,기흥역가까운동",25.06.25,"['10년이내', '역세권', '대단지', '방세개']",남동향,
경기도,용인시 기흥구,구갈동,기흥역센트럴푸르지오(주상복합),매매,202동,저/46,860000000,118.52,OWNER,"로얄동,입주협의,늦은입주도가능,중문,하이브리드쿡탑,집상태깔끔",25.06.25,"['10년이내', '역세권', '대단지', '방세개']",남서향,23987302.56496794
경기도,용인시 기흥구,구갈동,기흥역센트럴푸르지오(주상복합),매매,203동,중/47,850000000,118.52,OWNER,세안고급매  갭투자3.1억  환상적인 조망 로얄동로얄층 강력추천매물,25.06.25,"['10년이내', '대단지', '급매', '방세개']",남동향,23708380.442119475
경기도,용인시 기흥구,구갈동,기흥역센트럴푸르지오(주상복합),매매,205동,고/38,820000000,118.52,OWNER,입주가능  주전세도가능 갭2억 광장연결동이라 생활권편리,25.06.25,"['10년이내', '역세권', '대단지', '방세개']",남동향,22871614.07357408
경기도,용인시 기흥구,구갈동,기흥역센트럴푸르지오(주상복합),매매,202동,중/46,880000000,118.52,OWNER,"골프장뷰,조정가,여유있는입주,로얄동로얄라인",25.06.23,"['10년이내', '역세권', '대단지', '방세개']",남동향,24545146.81066487
경기도,용인시 기흥구,구갈동,기흥역센트럴푸르지오(주상복합),매매,204동,중/49,840000000,118.44,OWNER,"TOP.  수납 좋음, 주인 거주로 관리 잘 된 집.",25.07.19,"['10년이내', '대단지', '방세개', '화장실두개']",남동향,23445283.687943265
경기도,용인시 기흥구,구갈동,기흥역센트럴푸르지오(주상복합),매매,204동,고/49,855000000,118.44,OWNER,"35B2, 센트럴푸르지오 골프장 최고뷰 굿, 채광 굿, 내부관리굿, 추천",25.07.18,"['10년이내', '대단지', '방세개', '화장실두개']",남서향,23863949.468085106
경기도,용인시 기흥구,구갈동,기흥역센트럴푸르지오(주상복합),전세,204동,고/49,580000000,118.44,OWNER,에어컨4.귀한타입.국공립어린이집.입주협의가능,25.07.15,"['10년이내', '대단지', '방세개', '화장실두개']",남향,16188410.165484635
경기도,용인시 기흥구,구갈동,기흥역센트럴푸르지오(주상복합),월세,204동,고/49,3억/120,118.44,OWNER,에어컨4.관리잘된집.하시임장가능.협의조정가능,25.07.14,"['10년이내', '대단지', '방세개', '화장실두개']",남향,
경기도,용인시 기흥구,구갈동,기흥역센트럴푸르지오(주상복합),매매,204동,저/49,820000000,118.44,OWNER,"시스템에어컨 4대 최근설치,  입주협의, 세안고도 가능",25.07.04,"['10년이내', '대단지', '방세개', '화장실두개']",남서향,22887062.64775414
경기도,용인시 기흥구,구갈동,기흥역센트럴푸르지오(주상복합),매매,204동,저/49,850000000,118.44,OWNER,"입주협의,시스템에어컨4대,중문,인덕션,펜트리2개구조",25.06.28,"['10년이내', '대단지', '방세개', '화장실두개']",남향,23724394.208037827
경기도,용인시 기흥구,구갈동,기흥역센트럴푸르지오(주상복합),매매,205동,고/38,850000000,117.73,OWNER,"C2,판상형 넓은안방 알파룸 광장동 실입주,주전세갭투가능 에3, 채광굿",25.07.18,"['10년이내', '역세권', '대단지', '방세개']",남동향,23867470.05860868
경기도,용인시 기흥구,구갈동,기흥역센트럴푸르지오(주상복합),매매,205동,고/38,900000000,117.73,OWNER,"광장연결입구동 안방알파룸넓은 판상형귀한타입 주인거주 깔끔 환기,채광전망굿",25.07.14,"['10년이내', '역세권', '대단지', '방세개']",남동향,25271438.885585666
경기도,용인시 기흥구,구갈동,기흥역센트럴푸르지오(주상복합),매매,205동,고/38,840000000,117.73,OWNER,입구동.상가이용편리.협의가능.선호구조.국공립어린이집,25.07.08,"['10년이내', '역세권', '대단지', '방세개']",남동향,23586676.293213286
경기도,용인시 기흥구,구갈동,기흥역센트럴푸르지오(주상복합),매매,204동,10/49,850000000,117.5,OWNER,"골프장뷰, 화이트인테리어, 중문, 주인거주, 입주협의",25.07.21,"['10년이내', '대단지', '방세개', '화장실두개']",남동향,23914189.36170213
경기도,용인시 기흥구,구갈동,기흥역센트럴푸르지오(주상복합),매매,201동,고/44,895000000,117.5,OWNER,"35C1, 센트럴 푸르지오 로얄, 골프장뷰굿, 내부상태굿, 이미지사진",25.07.21,"['10년이내', '역세권', '대단지', '방세개']",남동향,25180234.680851065
경기도,용인시 기흥구,구갈동,기흥역센트럴푸르지오(주상복합),매매,202동,고/46,870000000,117.5,OWNER,"초역세.국공립어린이집.관리잘된집.추천매물
삼면창에 개방감",25.07.21,"['10년이내', '역세권', '대단지', '방세개']",남동향,24476876.170212768
경기도,용인시 기흥구,구갈동,기흥역센트럴푸르지오(주상복합),월세,204동,고/49,1억/180,117.5,OWNER,보증금.차임협의가능.시스템에어컨4.중문.삼면장골프장뷰,25.07.21,"['10년이내', '대단지', '방세개', '화장실두개']",남동향,
경기도,용인시 기흥구,구갈동,기흥역센트럴푸르지오(주상복합),매매,202동,중/46,900000000,117.5,OWNER,"골프뷰.시스템2,식세기,줄눈,인덕션,",25.07.20,"['10년이내', '역세권', '대단지', '방세개']",남동향,25320906.382978726
경기도,용인시 기흥구,구갈동,기흥역센트럴푸르지오(주상복합),매매,203동,중/47,850000000,117.5,OWNER,"추천물건,로얄동 ,골프뷰조망굿,인덕션,",25.07.20,"['10년이내', '대단지', '방세개', '화장실두개']",남동향,23914189.36170213
경기도,용인시 기흥구,구갈동,기흥역센트럴푸르지오(주상복합),매매,204동,고/49,840000000,117.5,OWNER,"골프장뷰,입주협의또는갭투가능,시스템에어컨4대,붙박이장,식세기,쿡탑,매립등",25.07.19,"['10년이내', '대단지', '방세개', '화장실두개']",남동향,23632845.95744681
경기도,용인시 기흥구,구갈동,기흥역센트럴푸르지오(주상복합),월세,204동,고/49,"5,000/240",117.5,OWNER,10월 입주 탁트인 골프장뷰,25.07.19,"['10년이내', '대단지', '방세개', '화장실두개']",남동향,
경기도,용인시 기흥구,구갈동,기흥역센트럴푸르지오(주상복합),매매,202동,고/46,880000000,117.5,OWNER,"로얄동,골프장뷰,거실삼면창 채광좋은 고층뷰,입주협의,기흥역세권",25.07.17,"['10년이내', '역세권', '대단지', '방세개']",남동향,24758219.574468087
경기도,용인시 기흥구,구갈동,기흥역센트럴푸르지오(주상복합),매매,201동,중/44,900000000,117.5,OWNER,지하철상가인접동으로 편리 구조좋음 모든방시스템에어컨설치,25.07.17,"['10년이내', '역세권', '대단지', '방세개']",남동향,25320906.382978726
경기도,용인시 기흥구,구갈동,기흥역센트럴푸르지오(주상복합),매매,201동,저/44,840000000,117.5,OWNER,빠른입주  가격 협의  골프뷰 시선 층수좋은  편의시설 인접동,25.07.15,"['10년이내', '역세권', '대단지', '방세개']",남동향,23632845.95744681
경기도,용인시 기흥구,구갈동,기흥역센트럴푸르지오(주상복합),매매,204동,고/49,900000000,117.5,OWNER,"골프장뷰,입주협의,늦은입주도가능,시스템에어컨2대,인덕션",25.07.14,"['10년이내', '대단지', '방세개', '화장실두개']",남동향,25320906.382978726
경기도,용인시 기흥구,구갈동,기흥역센트럴푸르지오(주상복합),전세,204동,고/49,580000000,117.5,OWNER,"골프장뷰,입주협의,늦은입주도가능,시스템에어컨2대,인덕션",25.07.14,"['10년이내', '대단지', '방세개', '화장실두개']",남동향,16317917.446808511
경기도,용인시 기흥구,구갈동,기흥역센트럴푸르지오(주상복합),매매,204동,고/49,900000000,117.5,OWNER,"골프장뷰,입주협의,시스템에어컨4대,중문,가스레인지,거실3면창",25.07.13,"['10년이내', '대단지', '방세개', '화장실두개']",남동향,25320906.382978726
경기도,용인시 기흥구,구갈동,기흥역센트럴푸르지오(주상복합),전세,202동,저/46,530000000,117.5,MOBL,8월말이후입주가 시스템에어컨4대 거실뷰굿 보안방충망,25.07.09,"['10년이내', '대단지', '역세권', '화장실두개']",남서향,14911200.425531914
경기도,용인시 기흥구,구갈동,기흥역센트럴푸르지오(주상복합),매매,204동,중/49,850000000,117.5,OWNER,골프뷰 주인거주로 관리잘된집,25.07.09,"['10년이내', '대단지', '방세개', '화장실두개']",남서향,23914189.36170213
경기도,용인시 기흥구,구갈동,기흥역센트럴푸르지오(주상복합),매매,204동,중/49,850000000,117.5,OWNER,"인기좋은 c타입,골프장뷰,관리잘된집",25.07.08,"['10년이내', '대단지', '방세개', '화장실두개']",남동향,23914189.36170213
경기도,용인시 기흥구,구갈동,기흥역센트럴푸르지오(주상복합),매매,203동,중/47,870000000,117.5,OWNER,"골프장뷰,입주일협의,중문,줄눈탄성,가스레인지,거실3면창",25.07.04,"['10년이내', '대단지', '방세개', '화장실두개']",남동향,24476876.170212768
경기도,용인시 기흥구,구갈동,기흥역센트럴푸르지오(주상복합),매매,204동,중/49,900000000,117.5,OWNER,골프장뷰 거실3면창 LED교체 채광굿 인덕션 중문 탄성코트,25.06.26,"['10년이내', '대단지', '방세개', '화장실두개']",남동향,25320906.382978726
경기도,용인시 기흥구,구갈동,기흥역센트럴푸르지오(주상복합),매매,202동,중/46,900000000,117.5,OWNER,"시에4대,골프장뷰,채광좋은 거실 삼면창,세안고매매,드레스룸설치,금액조정가",25.06.26,"['10년이내', '역세권', '대단지', '방세개']",남동향,25320906.382978726
경기도,용인시 기흥구,구갈동,기흥역센트럴푸르지오(주상복합),매매,206동,중/40,840000000,117.25,OWNER,"주인거주 관리된집,거실넓은 판상형타입,귀한타입,입주협의",25.07.10,"['10년이내', '대단지', '방세개', '화장실두개']",남동향,23683235.820895527
경기도,용인시 기흥구,구갈동,기흥역센트럴푸르지오(주상복합),매매,203동,31/47,915000000,116.65,OWNER,"35A, 센트럴푸르지오 조정가,로얄동층최상급관리, 최신에어컨4대, 옵션굿",25.07.21,"['10년이내', '대단지', '방세개', '화장실두개']",남서향,25930503.85769396
경기도,용인시 기흥구,구갈동,기흥역센트럴푸르지오(주상복합),전세,203동,중/47,550000000,116.65,OWNER,"채광 좋고 안정감있는뷰, 시스템에어컨3대,중문,펜트리,인덕션,관리최상",25.07.21,"['10년이내', '융자금없는', '대단지', '방세개']",남서향,15586641.66309473
경기도,용인시 기흥구,구갈동,기흥역센트럴푸르지오(주상복합),매매,202동,중/46,900000000,116.65,OWNER,"추천,골프장 고층뷰, 채광좋음, 시에4, 식세기, 팬트리확장,큰 알파룸,",25.07.21,"['10년이내', '역세권', '대단지', '방세개']",남동향,25505413.630518645
경기도,용인시 기흥구,구갈동,기흥역센트럴푸르지오(주상복합),매매,201동,23/44,900000000,116.65,OWNER,"처음상태 그대로의 새집, 언제든지 입주가능, 채광좋고 교통편한 제일 앞동",25.07.14,"['10년이내', '역세권', '대단지', '방세개']",남서향,25505413.630518645
경기도,용인시 기흥구,구갈동,기흥역센트럴푸르지오(주상복합),매매,203동,고/47,890000000,116.65,OWNER,골프장뷰.완벽한뷰.선호판상형.스몰인테리어.투자.입주협의가능.,25.07.19,"['10년이내', '대단지', '방세개', '화장실두개']",동향,25222020.145735104
경기도,용인시 기흥구,구갈동,기흥역센트럴푸르지오(주상복합),매매,203동,저/47,840000000,116.65,OWNER,"골프장뷰,갭3.6억,시스템에어컨4대,중문,판상형",25.07.19,"['10년이내', '대단지', '방세개', '화장실두개']",남동향,23805052.7218174
경기도,용인시 기흥구,구갈동,기흥역센트럴푸르지오(주상복합),매매,201동,저/44,870000000,116.65,OWNER,시스템에어컨4 인테리어 및 옵션 다양함 입주협의,25.07.18,"['10년이내', '역세권', '대단지', '방세개']",남서향,24655233.176168025
경기도,용인시 기흥구,구갈동,기흥역센트럴푸르지오(주상복합),매매,206동,고/40,850000000,116.65,OWNER,"입주협의가능 시스템2대 ,식기세척기,냉장고자리,",25.07.18,"['10년이내', '대단지', '방세개', '화장실두개']",남동향,24088446.20660094
경기도,용인시 기흥구,구갈동,기흥역센트럴푸르지오(주상복합),매매,203동,고/47,870000000,116.65,OWNER,"에어컨4대,중문,식기세척기,인덕션,집주인 거주로 관리가 잘된집",25.07.17,"['10년이내', '대단지', '방세개', '화장실두개']",남서향,24655233.176168025
경기도,용인시 기흥구,구갈동,기흥역센트럴푸르지오(주상복합),매매,201동,고/44,900000000,116.65,OWNER,올인테리어된 예쁜집.골프장뷰의 귀한 판상형.전세안고 갭투가능.아주 깨끗,25.07.17,"['10년이내', '역세권', '대단지', '방세개']",남동향,25505413.630518645
경기도,용인시 기흥구,구갈동,기흥역센트럴푸르지오(주상복합),매매,206동,저/40,820000000,116.65,OWNER,시에4대.중문.식세기등 인테리어 한집.판상형.전세안고,25.07.17,"['10년이내', '대단지', '방세개', '화장실두개']",남동향,23238265.75225032
경기도,용인시 기흥구,구갈동,기흥역센트럴푸르지오(주상복합),매매,201동,고/44,890000000,116.65,OWNER,세안고매매  갭투자가능 골프장조망 4베이구조  지하철인접동  강력추천매,25.07.17,"['10년이내', '역세권', '대단지', '방세개']",남동향,25222020.145735104
경기도,용인시 기흥구,구갈동,기흥역센트럴푸르지오(주상복합),매매,201동,2/44,790000000,116.65,OWNER,"입주 또는 세안고 , 시스템4, 5층높이 필로티 구조로 전망 트여 굿",25.07.10,"['10년이내', '역세권', '대단지', '필로티']",남동향,22388085.2978997
경기도,용인시 기흥구,구갈동,기흥역센트럴푸르지오(주상복합),매매,202동,중/46,900000000,116.65,OWNER,"주인거주로 입주협의,단지뷰좋은라인,판상형",25.07.16,"['10년이내', '역세권', '대단지', '방세개']",남서향,25505413.630518645
경기도,용인시 기흥구,구갈동,기흥역센트럴푸르지오(주상복합),매매,204동,중/49,870000000,116.65,OWNER,"입주협의,긴잔금가능,시스템에어컨4대,중문,2년전도배,매립등,판상형",25.07.16,"['10년이내', '대단지', '방세개', '화장실두개']",남서향,24655233.176168025
경기도,용인시 기흥구,구갈동,기흥역센트럴푸르지오(주상복합),매매,203동,중/47,855000000,116.65,OWNER,"35A1, 센트럴푸르지오, 7월 중순, 조건부 금액협의가,중문, 인덕션",25.07.15,"['10년이내', '대단지', '방세개', '화장실두개']",남서향,24230142.948992714
경기도,용인시 기흥구,구갈동,기흥역센트럴푸르지오(주상복합),매매,201동,저/44,860000000,116.65,OWNER,"시스템4, 판상형, 세안고, 기흥역이용 편리동",25.07.15,"['10년이내', '역세권', '대단지', '방세개']",남서향,24371839.691384483
경기도,용인시 기흥구,구갈동,기흥역센트럴푸르지오(주상복합),매매,203동,고/47,890000000,116.65,OWNER,수원CC골프장뷰  시스템에어컨  식세기  샷시단열  중문,25.07.15,"['10년이내', '대단지', '방세개', '화장실두개']",남동향,25222020.145735104
경기도,용인시 기흥구,구갈동,기흥역센트럴푸르지오(주상복합),매매,201동,고/44,1050000000,116.65,OWNER,기흥역  골프장뷰 광장연결동  판상형  주인세대거주 깨끗,25.07.15,"['10년이내', '역세권', '대단지', '방세개']",남동향,29756315.902271755
경기도,용인시 기흥구,구갈동,기흥역센트럴푸르지오(주상복합),매매,202동,고/46,870000000,116.65,OWNER,주인거주 펜트리확장 식기세척기 인덕션 상가이용편리,25.07.14,"['10년이내', '역세권', '대단지', '방세개']",남서향,24655233.176168025
경기도,용인시 기흥구,구갈동,기흥역센트럴푸르지오(주상복합),매매,204동,고/49,870000000,116.65,OWNER,"귀한판상형 넓은알파룸 주인거주로 깔끔하게 관리잘된집,시에4, 중문",25.07.10,"['10년이내', '대단지', '방세개', '화장실두개']",남서향,24655233.176168025
경기도,용인시 기흥구,구갈동,기흥역센트럴푸르지오(주상복합),매매,203동,중/47,900000000,116.65,OWNER,"입주협의,판상구조,해잘들어요,식세기,중문,알파룸큰구조",25.07.10,"['10년이내', '대단지', '방세개', '화장실두개']",남서향,25505413.630518645
경기도,용인시 기흥구,구갈동,기흥역센트럴푸르지오(주상복합),매매,202동,저/46,870000000,116.65,OWNER,"입주협의,선호하는판상구조,로얄동,정문연결동,식세기,중문,드레스룸",25.07.10,"['10년이내', '역세권', '대단지', '방세개']",남서향,24655233.176168025
경기도,용인시 기흥구,구갈동,기흥역센트럴푸르지오(주상복합),매매,201동,중/44,870000000,116.65,OWNER,"입주협의가능,시스템에어컨3대,시스템장,중문,줄눈,탄성,로얄동,판상구조",25.07.10,"['10년이내', '역세권', '대단지', '방세개']",남서향,24655233.176168025
경기도,용인시 기흥구,구갈동,기흥역센트럴푸르지오(주상복합),매매,203동,고/47,870000000,116.65,OWNER,"입주협의가능,고층뷰,판상구조,인덕션,투인원에어컨,중문",25.07.10,"['10년이내', '대단지', '방네개이상', '화장실두개']",남서향,24655233.176168025
경기도,용인시 기흥구,구갈동,기흥역센트럴푸르지오(주상복합),매매,204동,고/49,900000000,116.65,OWNER,"10월입주또는세안고매매,투인원에어컨,식세기,중문,인덕션,판상형",25.07.08,"['10년이내', '대단지', '방세개', '화장실두개']",남서향,25505413.630518645
경기도,용인시 기흥구,구갈동,기흥역센트럴푸르지오(주상복합),월세,202동,고/46,3억/100,116.65,OWNER,"골프장뷰,판상형,월세저렴",25.07.08,"['10년이내', '역세권', '대단지', '방세개']",남동향,
경기도,용인시 기흥구,구갈동,기흥역센트럴푸르지오(주상복합),매매,203동,고/47,890000000,116.65,OWNER,"급조정가,골프장뷰 ,판상형,9월초이후,하시임장",25.07.07,"['10년이내', '대단지', '방세개', '화장실두개']",남동향,25222020.145735104
경기도,용인시 기흥구,구갈동,기흥역센트럴푸르지오(주상복합),전세,203동,39/47,520000000,116.65,OWNER,"시스템3,협의,판상형,입주일 협의가능",25.06.30,"['10년이내', '대단지', '방세개', '화장실두개']",남서향,14736461.208744107
경기도,용인시 기흥구,구갈동,기흥역센트럴푸르지오(주상복합),매매,203동,저/47,830000000,116.65,OWNER,"4베이,판상형, 조망 예뻐요",25.07.05,"['10년이내', '대단지', '방세개', '화장실두개']",남서향,23521659.237033863
경기도,용인시 기흥구,구갈동,기흥역센트럴푸르지오(주상복합),전세,201동,중/44,550000000,116.65,OWNER,"시스템4, 중문, 기흥역이용 편리동",25.06.30,"['10년이내', '역세권', '대단지', '방세개']",남서향,15586641.66309473
경기도,용인시 기흥구,구갈동,기흥역센트럴푸르지오(주상복합),매매,203동,고/47,920000000,116.65,OWNER,"골프장뷰,판상구조,입주협의,고층확트인뷰,기흥역세권",25.06.28,"['10년이내', '대단지', '방세개', '화장실두개']",남동향,26072200.600085724
경기도,용인시 기흥구,구갈동,기흥역센트럴푸르지오(주상복합),매매,201동,고/44,920000000,116.65,OWNER,중문 에어컨2 빌트인장 식세기 인덕션,25.06.27,"['10년이내', '역세권', '대단지', '방세개']",남서향,26072200.600085724
경기도,용인시 기흥구,구갈동,기흥역센트럴푸르지오(주상복합),매매,203동,저/47,850000000,116.65,OWNER,귀한판상형.2in1에어컨.안방 붙박이장.식세기. 긴전세안고,25.06.24,"['10년이내', '대단지', '방세개', '화장실두개']",남서향,24088446.20660094
경기도,용인시 기흥구,구갈동,기흥역센트럴푸르지오(주상복합),전세,203동,고/47,600000000,116.65,OWNER,"골프장뷰,판상구조,입주협의,고층확트인뷰,기흥역세권",25.06.24,"['10년이내', '대단지', '방세개', '화장실두개']",남동향,17003609.087012433
경기도,용인시 기흥구,구갈동,기흥역센트럴푸르지오(주상복합),매매,201동,저/44,820000000,116.65,OWNER,"판상형, 에어컨4대, 화이트 인테리어,중문, 조명 세안고 매매",25.06.23,"['10년이내', '역세권', '대단지', '방세개']",남서향,23238265.75225032
경기도,용인시 기흥구,구갈동,기흥역센트럴푸르지오(주상복합),매매,203동,중/47,900000000,116.65,OWNER,"골프장뷰,판상형,시스템에어컨2대,로얄동로얄층",25.06.23,"['10년이내', '대단지', '방세개', '화장실두개']",남동향,25505413.630518645
경기도,용인시 기흥구,구갈동,기흥역센트럴푸르지오(주상복합),매매,201동,고/44,870000000,116.65,OWNER,세안고가능.입구동 판상형.일조 조망 굿.시에4대.중문.추천,25.06.23,"['10년이내', '역세권', '대단지', '방세개']",남서향,24655233.176168025
경기도,용인시 기흥구,구갈동,기흥역센트럴푸르지오(주상복합),매매,204동,저/49,895000000,116.18,OWNER,환상적인 골프장뷰.막힘없는뷰.귀한타임.투자.실거주모두 강추.하시임장가능,25.07.21,"['10년이내', '대단지', '방세개', '화장실두개']",북동향,25466324.453434326
경기도,용인시 기흥구,구갈동,기흥역센트럴푸르지오(주상복합),매매,204동,고/49,930000000,116.18,OWNER,최고의 골프장뷰.시스템에어컨4대.중문.수납빵빵,25.07.17,"['10년이내', '대단지', '방세개', '화장실두개']",북동향,26462214.23652952
경기도,용인시 기흥구,구갈동,기흥역센트럴푸르지오(주상복합),매매,204동,중/49,910000000,116.18,OWNER,완벽한 골프장뷰.관리잘되어있는집.귀한타입.하시임장가능,25.07.16,"['10년이내', '대단지', '방세개', '화장실두개']",남동향,25893134.360475127
경기도,용인시 기흥구,구갈동,기흥역센트럴푸르지오(주상복합),매매,204동,중/49,890000000,116.18,OWNER,완벽한골프장뷰.양창구조.알파룸.입주협의가능,25.07.16,"['10년이내', '대단지', '방세개', '화장실두개']",동향,25324054.484420724
경기도,용인시 기흥구,구갈동,기흥역파크푸르지오(주상복합),매매,303동,21/38,1200000000,156.76,OWNER,골프장 파노라마뷰.시스템에어컨.주인거주.폴리싱타일.냉장고,25.07.21,"['10년이내', '대형평수', '방세개', '화장실두개']",남동향,25305830.56902271
경기도,용인시 기흥구,구갈동,기흥역파크푸르지오(주상복합),매매,303동,7/38,1050000000,156.76,OWNER,"골프장파노라마뷰,에어컨5,조명인테리어,아트웰대리석,주전세가능",25.07.21,"['10년이내', '대형평수', '방세개', '화장실두개']",남동향,22142601.747894872
경기도,용인시 기흥구,구갈동,기흥역파크푸르지오(주상복합),매매,304동,7/38,1000000000,156.76,OWNER,협의가능.환성적인 파노라마뷰.초역세.초품아.분리형구조.에어컨5,25.07.21,"['10년이내', '세대분리', '대형평수', '방세개']",남동향,21088192.14085226
경기도,용인시 기흥구,구갈동,기흥역파크푸르지오(주상복합),매매,304동,고/38,1100000000,156.76,OWNER,투자강추.파노라마뷰.에어컨4.초품.보조주방,25.07.21,"['10년이내', '대형평수', '방세개', '화장실두개']",남동향,23197011.354937486
경기도,용인시 기흥구,구갈동,기흥역파크푸르지오(주상복합),매매,304동,18/38,1200000000,156.76,OWNER,"최고의 골프장파노라마특급뷰, 주인거주 종일 채광좋고 집이 밝아요,시에4",25.07.14,"['10년이내', '대형평수', '방세개', '화장실두개']",남동향,25305830.56902271
경기도,용인시 기흥구,구갈동,기흥역파크푸르지오(주상복합),매매,304동,저/38,1100000000,156.76,OWNER,"수원CC뷰,시에5,채광굿,기흥역세권",25.07.19,"['10년이내', '대형평수', '방세개', '화장실두개']",남동향,23197011.354937486
경기도,용인시 기흥구,구갈동,기흥역파크푸르지오(주상복합),매매,304동,중/38,1100000000,156.76,OWNER,"전세안고매매,골프장뷰,시스템에어컨4대,파노라마뷰",25.07.14,"['10년이내', '대형평수', '방세개', '화장실두개']",남동향,23197011.354937486
경기도,용인시 기흥구,구갈동,기흥역파크푸르지오(주상복합),매매,304동,저/38,1200000000,156.76,OWNER,"시에5대,수원CC뷰,주전세가능,초품아,기흥역세권",25.07.09,"['10년이내', '대형평수', '방세개', '화장실두개']",남동향,25305830.56902271
경기도,용인시 기흥구,구갈동,기흥역파크푸르지오(주상복합),매매,303동,저/38,1030000000,156.76,OWNER,"47, 파크 푸르지오  최고 전망, 골프장 뷰 굿 시에5 , 식세기",25.06.28,"['10년이내', '대형평수', '방세개', '화장실두개']",남동향,21720837.905077826
경기도,용인시 기흥구,구갈동,기흥역파크푸르지오(주상복합),매매,303동,저/38,1150000000,156.76,OWNER,라운드형으로 골프장뷰 시스템4 입주협의해요.,25.06.26,"['10년이내', '대형평수', '방세개', '화장실두개']",남동향,24251420.9619801
경기도,용인시 기흥구,구갈동,기흥역파크푸르지오(주상복합),매매,303동,33/38,820000000,117.62,OWNER,시원한뷰 시스템4 중문 한얼초코앞 기흥역세권,25.07.19,"['10년이내', '방세개', '화장실두개', '고층']",남서향,23046622.173099816
경기도,용인시 기흥구,구갈동,기흥역파크푸르지오(주상복합),매매,302동,26/39,820000000,117.62,OWNER,,25.07.19,"['10년이내', '방세개', '화장실두개', '중층']",남서향,23046622.173099816
경기도,용인시 기흥구,구갈동,기흥역파크푸르지오(주상복합),월세,304동,32/38,1억/270,117.62,MOBL,"35.주인직접.주인실거주.로얄동,로얄층",25.07.14,"['10년이내', '융자금없는', '방세개', '화장실두개']",남서향,
경기도,용인시 기흥구,구갈동,기흥역파크푸르지오(주상복합),매매,304동,중/38,820000000,117.62,OWNER,기흥역세권 초품아 올인테리어 시에3 인덕션 식세기등 주인관리된 컨디션굿,25.07.21,"['10년이내', '방세개', '화장실두개', '중층']",남서향,23046622.173099816
경기도,용인시 기흥구,구갈동,기흥역파크푸르지오(주상복합),매매,303동,중/38,800000000,117.62,OWNER,탁트인뷰  로얄동  햇살가득  초품아 집주인거주 관리 잘된집,25.07.20,"['10년이내', '방세개', '화장실두개', '중층']",남서향,22484509.43717055
경기도,용인시 기흥구,구갈동,기흥역파크푸르지오(주상복합),매매,301동,저/40,800000000,117.62,OWNER,"35선호A타입, 시에4대, 밝고 환한 집, 큰 드레스룸",25.07.19,"['10년이내', '방세개', '화장실두개', '세대당1대']",남서향,22484509.43717055
경기도,용인시 기흥구,구갈동,기흥역파크푸르지오(주상복합),매매,304동,중/38,760000000,117.62,OWNER,"시에4,식세기.채광굿,초품아,기흥역세권",25.07.19,"['10년이내', '방세개', '화장실두개', '중층']",남서향,21360283.965312023
경기도,용인시 기흥구,구갈동,기흥역파크푸르지오(주상복합),매매,303동,중/38,850000000,117.62,OWNER,"시에4대외 옵션다수,전망채광굿,기흥역세권",25.07.14,"['10년이내', '방세개', '화장실두개', '중층']",남서향,23889791.27699371
경기도,용인시 기흥구,구갈동,기흥역파크푸르지오(주상복합),매매,302동,저/39,770000000,117.62,OWNER,"세안고,조망굿,초품아,수납공간풍부,공부방자리굿,관리상태 깨끗",25.07.10,"['10년이내', '방세개', '화장실두개', '세대당1대']",남서향,21641340.333276656
경기도,용인시 기흥구,구갈동,기흥역파크푸르지오(주상복합),매매,301동,저/40,770000000,117.62,OWNER,"추천,시스템에어컨2,중문,식세기,오븐,내년2월입주협의,한얼초앞",25.07.10,"['10년이내', '방세개', '화장실두개', '세대당1대']",남서향,21641340.333276656
경기도,용인시 기흥구,구갈동,기흥역파크푸르지오(주상복합),매매,303동,고/38,850000000,117.62,OWNER,"탁트인뷰,입주협의,시에4대,인덕션,줄눈탄성,아트월시공,광폭드레스룸",25.07.10,"['10년이내', '방세개', '화장실두개', '고층']",남서향,23889791.27699371
경기도,용인시 기흥구,구갈동,기흥역파크푸르지오(주상복합),매매,301동,27/40,820000000,117.62,OWNER,"알파룸,전망채광굿,초품아,기흥역세권",25.07.01,"['10년이내', '방세개', '화장실두개', '고층']",남서향,23046622.173099816
경기도,용인시 기흥구,구갈동,기흥역파크푸르지오(주상복합),매매,304동,중/38,760000000,117.62,OWNER,"입주협의,시에4대,중문,식세기,줄눈,LED,광폭드레스룸",25.07.01,"['10년이내', '방세개', '화장실두개', '중층']",남서향,21360283.965312023
경기도,용인시 기흥구,구갈동,기흥역파크푸르지오(주상복합),매매,302동,고/39,800000000,117.62,OWNER,"세안고,전망채광굿,초품아,기흥역세권",25.06.26,"['10년이내', '방세개', '화장실두개', '고층']",남서향,22484509.43717055
경기도,용인시 기흥구,구갈동,기흥역파크푸르지오(주상복합),매매,301동,중/40,810000000,117.62,NONE,"시스템에어컨,붙박이장,관리잘된집,한얼초앞",25.07.15,"['10년이내', '방세개', '화장실두개', '중층']",남서향,22765565.805135183
경기도,용인시 기흥구,구갈동,기흥역파크푸르지오(주상복합),전세,304동,고/38,630000000,117.19,OWNER,"주인거주,화이트고급인테리어,풀옵션,실링펜,집상태최상,입주협의",25.07.21,"['10년이내', '방세개', '화장실두개', '고층']",남향,17771521.03421794
경기도,용인시 기흥구,구갈동,기흥역파크푸르지오(주상복합),매매,301동,고/40,850000000,117.19,OWNER,"주인거주,입주협의,시에2대,인덕션,식세기,탁트인고층뷰",25.07.10,"['10년이내', '방세개', '화장실두개', '고층']",남동향,23977449.014421027
경기도,용인시 기흥구,구갈동,기흥역파크푸르지오(주상복합),매매,302동,고/39,800000000,117.19,OWNER,"전망채광 아주좋음,초품아,기흥역세권",25.07.08,"['10년이내', '방세개', '화장실두개', '고층']",남동향,22567010.837102145
경기도,용인시 기흥구,구갈동,기흥역파크푸르지오(주상복합),매매,303동,30/38,770000000,117.11,OWNER,"시에4대,채광좋고 트인전망,화이트인테리어,전세안고,초품아",25.07.21,"['10년이내', '방세개', '화장실두개', '고층']",남동향,21735585.774058577
경기도,용인시 기흥구,구갈동,기흥역파크푸르지오(주상복합),매매,303동,2/38,780000000,117.11,OWNER,"35B, 파크푸르지오 필로티층, 확트인 전망굿,안전방충망, 줄눈, 햇살굿",25.07.19,"['10년이내', '필로티', '방세개', '화장실두개']",남동향,22017866.108786613
경기도,용인시 기흥구,구갈동,기흥역파크푸르지오(주상복합),전세,304동,6/38,620000000,117.11,OWNER,"TOP. 시스템 에어컨 4대 , 주인 거주로 관리 잘 된 집.",25.07.15,"['10년이내', '방세개', '화장실두개', '세대당1대']",남동향,17501380.753138077
경기도,용인시 기흥구,구갈동,기흥역파크푸르지오(주상복합),매매,301동,고/40,780000000,117.11,OWNER,긴세안고 시스템에어컨3 시원하게트인조망 채광굿 집관리굿 한얼초코앞임,25.07.21,"['10년이내', '방세개', '화장실두개', '고층']",남동향,22017866.108786613
경기도,용인시 기흥구,구갈동,기흥역파크푸르지오(주상복합),매매,303동,고/38,790000000,117.11,OWNER,"세안고 매매, 인테리어 굿, 확트인 전망, 로얄동, 초품아 아파트",25.07.21,"['10년이내', '방세개', '화장실두개', '고층']",남동향,22300146.443514645
경기도,용인시 기흥구,구갈동,기흥역파크푸르지오(주상복합),매매,301동,고/40,810000000,117.11,OWNER,"주인거주로 입주협의, 막힘없는 전망 채광완전좋음, 중문,수납장",25.07.19,"['10년이내', '방세개', '화장실두개', '고층']",남동향,22864707.112970714
경기도,용인시 기흥구,구갈동,기흥역파크푸르지오(주상복합),매매,302동,고/39,810000000,117.11,OWNER,"추천매물,시에4대외 풀옵션,전망채광굿,기흥역세권",25.07.19,"['10년이내', '방세개', '화장실두개', '고층']",남동향,22864707.112970714
경기도,용인시 기흥구,구갈동,기흥역파크푸르지오(주상복합),매매,302동,저/39,810000000,117.11,OWNER,"주인거주중,트인뷰,입주협의,시에2대,빌트인냉장고와김냉,중문,가스레인지",25.07.16,"['10년이내', '방세개', '화장실두개', '세대당1대']",남동향,22864707.112970714
경기도,용인시 기흥구,구갈동,기흥역파크푸르지오(주상복합),매매,302동,중/39,810000000,117.11,OWNER,"추천매물,시에4,중문, 전망채광굿,기흥역세권",25.07.15,"['10년이내', '방세개', '화장실두개', '중층']",남동향,22864707.112970714
경기도,용인시 기흥구,구갈동,기흥역파크푸르지오(주상복합),매매,301동,30/40,780000000,117.11,OWNER,"세안고,조정가,풀옵션,전망채광굿,기흥역세권",25.07.08,"['10년이내', '방세개', '화장실두개', '고층']",남서향,22017866.108786613
경기도,용인시 기흥구,구갈동,기흥역파크푸르지오(주상복합),매매,303동,중/38,790000000,117.11,OWNER,"세안고,전망채광굿,초품아,기흥역세권",25.07.09,"['10년이내', '방세개', '화장실두개', '중층']",남동향,22300146.443514645
경기도,용인시 기흥구,구갈동,기흥역파크푸르지오(주상복합),매매,301동,22/40,780000000,116.91,OWNER,초역세.초품.옵션다수.협의가능,25.07.21,"['10년이내', '방세개', '화장실두개', '중층']",남동향,22055532.460867334
경기도,용인시 기흥구,구갈동,기흥역파크푸르지오(주상복합),매매,301동,고/40,790000000,116.91,OWNER,"35D, 파크 푸르지오 확트인전망굿, 시에2, 중문, 햇살굿,추천올림",25.07.19,"['10년이내', '방세개', '화장실두개', '고층']",남동향,22338295.697545122
경기도,용인시 기흥구,구갈동,기흥역파크푸르지오(주상복합),매매,302동,저/39,760000000,116.91,OWNER,"추천매물,단지뷰,채광굿,초품아,기흥역세권",25.07.19,"['10년이내', '방세개', '화장실두개', '세대당1대']",남동향,21490005.98751176
경기도,용인시 기흥구,구갈동,기흥역파크푸르지오(주상복합),매매,301동,중/40,770000000,116.91,OWNER,"시에3대,쿡탑,긴세안고매매,채광좋음, 한얼초교인접",25.07.17,"['10년이내', '방세개', '화장실두개', '중층']",남동향,21772769.22418955
경기도,용인시 기흥구,구갈동,기흥역파크푸르지오(주상복합),매매,302동,저/39,800000000,116.91,OWNER,"시에4대외 풀옵션,전망채광굿,초품아,기흥역세권",25.07.01,"['10년이내', '방세개', '화장실두개', '세대당1대']",남동향,22621058.934222907
경기도,용인시 기흥구,구갈동,기흥역파크푸르지오(주상복합),매매,301동,고/40,770000000,116.91,OWNER,급매.전세안고 갭투.풀에어컨포함인테리어 다시한집.주방가장큰타입.뷰굿,25.06.23,"['10년이내', '급매', '방세개', '화장실두개']",남동향,21772769.22418955
경기도,용인시 기흥구,구갈동,기흥역파크푸르지오(주상복합),매매,301동,38/40,820000000,116.71,OWNER,세안고매매 한얼초등학교 등하교용의 채광풍부 시스템에어컨4,25.07.19,"['10년이내', '방네개이상', '화장실두개', '고층']",남동향,23226319.081484023
경기도,용인시 기흥구,구갈동,기흥역파크푸르지오(주상복합),매매,301동,저/40,820000000,116.71,OWNER,초품.초역세.전면동.선호타입.안정적뷰,25.07.19,"['10년이내', '방세개', '화장실두개', '세대당1대']",남향,23226319.081484023
경기도,용인시 기흥구,구갈동,기흥역파크푸르지오(주상복합),매매,301동,중/40,800000000,116.71,NDOC1,"전세안고,2in1에어컨,방4,채광전망좋음,기흥역세권",25.07.19,"['10년이내', '방네개이상', '화장실두개', '중층']",남동향,22659823.494130757
경기도,용인시 기흥구,구갈동,기흥역파크푸르지오(주상복합),매매,302동,저/39,820000000,116.71,OWNER,"귀한타입,즉시입주가능,주방인테리어,인덕션식세기 주인거주로 관리잘된집",25.07.18,"['10년이내', '방네개이상', '화장실두개', '세대당1대']",남동향,23226319.081484023
경기도,용인시 기흥구,구갈동,기흥역파크푸르지오(주상복합),매매,301동,고/40,820000000,116.71,OWNER,"탁트인뷰로 일조량 많고및 조망 좋음, AC2,중문,붙박이장,LED",25.07.16,"['10년이내', '방네개이상', '화장실두개', '고층']",남동향,23226319.081484023
경기도,용인시 기흥구,구갈동,기흥역파크푸르지오(주상복합),매매,303동,고/38,850000000,116.71,OWNER,"방4개,햇살가득,뷰가득,최고의매물",25.07.16,"['10년이내', '방네개이상', '화장실두개', '고층']",남동향,24076062.462513927
경기도,용인시 기흥구,구갈동,기흥역파크푸르지오(주상복합),매매,303동,중/38,800000000,116.71,OWNER,"추천매물,인테리어굿,전망채광굿,기흥역세권",25.07.15,"['10년이내', '방세개', '화장실두개', '중층']",남동향,22659823.494130757
경기도,용인시 기흥구,구갈동,기흥역파크푸르지오(주상복합),매매,302동,중/39,790000000,116.71,OWNER,"급매,뻥뚫린 조망,갭2.7,초품아,시에어컨4신설,간접조명,인기평면,추천",25.07.14,"['10년이내', '급매', '방네개이상', '화장실두개']",남동향,22376575.70045412
경기도,용인시 기흥구,구갈동,기흥역파크푸르지오(주상복합),매매,302동,중/39,850000000,116.71,OWNER,"탁트인뷰,주인거주,입주협의,에어컨2대,중문,하이브리드쿡탑,식세기",25.07.12,"['10년이내', '방세개', '화장실두개', '중층']",남동향,24076062.462513927
경기도,용인시 기흥구,구갈동,기흥역파크푸르지오(주상복합),매매,304동,고/38,850000000,116.71,OWNER,"채광 전망 좋음,주인거주,벽지교체,깔끔,한얼초앞,기흥역세권",25.07.11,"['10년이내', '방네개이상', '화장실두개', '고층']",남동향,24076062.462513927
경기도,용인시 기흥구,구갈동,기흥역파크푸르지오(주상복합),매매,305동,저/39,750000000,101.98,OWNER,"안정적인뷰, 잘빠진 평형, 밝고환한집",25.07.19,"['10년이내', '방세개', '화장실두개', '세대당1대']",남동향,24312009.70778584
경기도,용인시 기흥구,구갈동,기흥역파크푸르지오(주상복합),매매,305동,중/39,720000000,101.98,OWNER,"세안고,시에3,김냉,골프장전망,채광굿,기흥역세권",25.07.19,"['10년이내', '방세개', '화장실두개', '중층']",남동향,23339529.319474407
경기도,용인시 기흥구,구갈동,기흥역파크푸르지오(주상복합),매매,305동,고/39,715000000,101.98,OWNER,"긴전세안고,전망채광굿,초품아,기흥역세권",25.07.19,"['10년이내', '방세개', '화장실두개', '고층']",남동향,23177449.254755832
경기도,용인시 기흥구,구갈동,기흥역파크푸르지오(주상복합),매매,305동,중/39,750000000,101.98,OWNER,"전망채광굿,기흥역세권,초품아,아이키우기좋아요",25.07.19,"['10년이내', '방세개', '화장실두개', '중층']",남동향,24312009.70778584
경기도,용인시 기흥구,구갈동,기흥역파크푸르지오(주상복합),매매,305동,중/39,830000000,101.98,OWNER,"에2,중문,귀한C타입,전망채광굿,기흥역세권",25.06.27,"['10년이내', '방세개', '화장실두개', '중층']",남동향,26905290.743282996
경기도,용인시 기흥구,구갈동,기흥역파크푸르지오(주상복합),매매,305동,24/39,730000000,101.92,OWNER,입주협의가능.하시임장.초품.초역세.신혼부부강추,25.07.21,"['10년이내', '방세개', '화장실두개', '중층']",남향,23677620.192307696
경기도,용인시 기흥구,구갈동,기흥역파크푸르지오(주상복합),매매,305동,37/39,720000000,101.92,OWNER,에어컨.선호타입.관리잘된집.초품.신혼부부.투자강추,25.07.21,"['10년이내', '방세개', '화장실두개', '고층']",남서향,23353269.230769232
경기도,용인시 기흥구,구갈동,기흥역파크푸르지오(주상복합),매매,305동,31/39,730000000,101.92,OWNER,세안고 매매 전망좋음 채광풍부,25.07.21,"['10년이내', '방세개', '화장실두개', '고층']",남서향,23677620.192307696
경기도,용인시 기흥구,구갈동,기흥역파크푸르지오(주상복합),매매,305동,39/39,790000000,101.92,OWNER,"31B,파크푸르지오 탑층 ,금액협의,전망굿, 화사함 가득,이미지사진",25.07.19,"['10년이내', '탑층', '방세개', '화장실두개']",남서향,25623725.96153846
경기도,용인시 기흥구,구갈동,기흥역파크푸르지오(주상복합),매매,305동,저/39,730000000,101.92,OWNER,"추천매물,식세기,하이라이트.,화이트톤,초품아,기흥역세권",25.07.19,"['10년이내', '방세개', '화장실두개', '세대당1대']",남서향,23677620.192307696
경기도,용인시 기흥구,구갈동,기흥역파크푸르지오(주상복합),월세,305동,중/39,"1억 5,000/160",101.92,OWNER,초품.초역세.최신규시스템에어컨4설치.탄성코드.입주협의.하시임장가능,25.07.16,"['10년이내', '방세개', '화장실두개', '중층']",남서향,
경기도,용인시 기흥구,구갈동,기흥역파크푸르지오(주상복합),매매,305동,18/39,750000000,101.92,NDOC1,"세안고 투자매물, 조망 및 채광좋음, AK,기흥역, 신갈천 생활편리",25.07.05,"['10년이내', '방세개', '화장실두개', '중층']",남서향,24326322.11538462
경기도,용인시 기흥구,구갈동,기흥역파크푸르지오(주상복합),매매,305동,중/39,750000000,101.92,OWNER,"4베이, 에어컨4대,  큰드레스룸, 선호타입,긴세안고",25.07.10,"['10년이내', '방세개', '화장실두개', '중층']",남향,24326322.11538462
경기도,용인시 기흥구,구갈동,기흥역파크푸르지오(주상복합),매매,305동,28/39,730000000,101.92,OWNER,"추천매물,에어컨2,쿡탑,초품아,기흥역세권",25.07.01,"['10년이내', '방세개', '화장실두개', '고층']",남서향,23677620.192307696
경기도,용인시 기흥구,구갈동,기흥역파크푸르지오(주상복합),매매,305동,31/39,730000000,101.55,NDOC1,"주인거주, 내부관리잘됨,로얄층전망굿, 전체확장, 붙박이장설치",25.07.21,"['10년이내', '방세개', '화장실두개', '고층']",남동향,23763890.201871004
경기도,용인시 기흥구,구갈동,기흥역파크푸르지오(주상복합),매매,305동,중/39,730000000,101.55,OWNER,"31A, 파크푸르지오 확트인전망,굿, 내부관리굿, 인덕션, 식세기, 추천",25.07.21,"['10년이내', '방세개', '화장실두개', '중층']",남동향,23763890.201871004
경기도,용인시 기흥구,구갈동,기흥역파크푸르지오(주상복합),매매,305동,중/39,730000000,101.55,OWNER,30.초품.초역세.신혼부부.투자강추.옵션다수.하시임장가능,25.07.20,"['10년이내', '방세개', '화장실두개', '중층']",남동향,23763890.201871004
경기도,용인시 기흥구,구갈동,기흥역파크푸르지오(주상복합),매매,305동,저/39,750000000,101.55,OWNER,"공실,시에4,식세기.오븐,초품아,기흥역세권",25.07.19,"['10년이내', '방세개', '화장실두개', '세대당1대']",남서향,24414955.686853766
경기도,용인시 기흥구,구갈동,기흥역파크푸르지오(주상복합),매매,305동,고/39,730000000,101.55,OWNER,"주인거주,전망채광굿,초품아,기흥역세권",25.07.19,"['10년이내', '방세개', '화장실두개', '고층']",남동향,23763890.201871004
경기도,용인시 기흥구,구갈동,기흥역파크푸르지오(주상복합),매매,305동,저/39,710000000,101.55,OWNER,"주전세가능,채광굿,초품아,기흥역세권",25.07.19,"['10년이내', '방세개', '화장실두개', '세대당1대']",남동향,23112824.716888234
경기도,용인시 기흥구,구갈동,기흥역파크푸르지오(주상복합),전세,305동,고/39,500000000,101.55,OWNER,"중문,LED,집상태최고,초품아,기흥역세권",25.07.19,"['10년이내', '방세개', '화장실두개', '고층']",남동향,16276637.124569178
경기도,용인시 기흥구,구갈동,기흥역파크푸르지오(주상복합),매매,305동,고/39,750000000,101.55,OWNER,"채광통풍 좋은 판상형,  기흥역세권, 한얼초앞 아이키우기좋아요",25.07.18,"['10년이내', '방세개', '화장실두개', '고층']",남서향,24414955.686853766
경기도,용인시 기흥구,구갈동,기흥역파크푸르지오(주상복합),매매,305동,고/39,730000000,101.55,OWNER,"전세안고,중문,하늘이 보여서 확트인 느낌,한얼초앞,기흥역세권",25.07.18,"['10년이내', '방세개', '화장실두개', '고층']",남서향,23763890.201871004
경기도,용인시 기흥구,구갈동,기흥역파크푸르지오(주상복합),매매,305동,고/39,730000000,101.55,OWNER,"세안고,중문,미세먼지방충망,맞통풍되고 하늘이 보이는 좋은 구조,한얼초앞",25.07.18,"['10년이내', '방세개', '화장실두개', '고층']",남동향,23763890.201871004
경기도,용인시 기흥구,구갈동,기흥역파크푸르지오(주상복합),매매,305동,저/39,750000000,101.55,OWNER,초품아 정원전망굿 입주협의가능,25.07.17,"['10년이내', '마당', '방세개', '화장실두개']",남서향,24414955.686853766
경기도,용인시 기흥구,구갈동,기흥역파크푸르지오(주상복합),매매,305동,저/39,740000000,101.55,OWNER,"주인거주,입주협의,중문,탄성,줄눈,잔잔한단지뷰",25.07.12,"['10년이내', '방세개', '화장실두개', '세대당1대']",남서향,24089422.944362387
경기도,용인시 기흥구,구갈동,기흥역파크푸르지오(주상복합),매매,305동,고/39,750000000,101.55,OWNER,"한얼초 앞, 기흥역세권, 채광통풍 좋은 판상형",25.07.03,"['10년이내', '방세개', '화장실두개', '고층']",남동향,24414955.686853766
경기도,용인시 기흥구,구갈동,두원,매매,103동,고/12,510000000,81.76,NDOC1,"기흥역 3분, 기흥구청인프라, 리모델링비용 지원",25.07.16,"['25년이상', '역세권', '방세개', '화장실한개']",남향,20620723.45890411
경기도,용인시 기흥구,구갈동,두원,전세,103동,2/12,300000000,81.76,OWNER,"내부샷시 올수리, 11월19 입주가",25.06.25,"['25년이상', '올수리', '역세권', '방세개']",남향,12129837.328767123
경기도,용인시 기흥구,구갈동,두원,매매,103동,11/12,490000000,81.76,NDOC1,"실내올수리되어깨끗한집,기흥역도보3분.광역버스이용편리.입주협의가능",25.06.23,"['25년이상', '올수리', '역세권', '방세개']",남향,19812067.6369863
경기도,용인시 기흥구,구갈동,세종그랑시아1단지,매매,108동,2/4,700000000,109.8,OWNER,"고급전원형아파트,까페같은느낌의최상의 럭셔리인테리어,4억 세안고",25.07.09,"['25년이상', '방세개', '화장실두개', '중층']",동향,21075132.0582878
경기도,용인시 기흥구,구갈동,세종그랑시아1단지,매매,101동,고/4,620000000,109.8,OWNER,조용한기흥역세권 남향 수리되어깔끔,25.07.12,"['25년이상', '역세권', '방세개', '화장실두개']",남향,18666545.53734062
경기도,용인시 기흥구,구갈동,세종그랑시아1단지,매매,103동,고/4,700000000,109.8,OWNER,기흥역 빌라형아파트 투자가치많아요 살기 좋아요,25.07.12,"['25년이상', '역세권', '방세개', '화장실두개']",남향,21075132.0582878
경기도,용인시 기흥구,구갈동,세종그랑시아1단지,매매,102동,고/4,690000000,109.8,OWNER,"집상태너무좋음,주인거주중,입주 언제든지 협의가능",25.07.10,"['25년이상', '역세권', '방세개', '화장실두개']",남향,20774058.7431694
경기도,용인시 기흥구,구갈동,세종그랑시아1단지,매매,106동,고/4,670000000,109.8,OWNER,"기흥역도보5분, 관리잘되어깨끗 조용한단지",25.07.09,"['25년이상', '방세개', '화장실두개', '고층']",남향,20171912.112932604
경기도,용인시 기흥구,구갈동,세종그랑시아1단지,매매,103동,중/4,700000000,109.8,OWNER,"기흥역도보7분,조용하고 쾌적한 저층단지,지분많음 ",25.07.08,"['25년이상', '역세권', '방세개', '화장실두개']",남향,21075132.0582878
경기도,용인시 기흥구,구갈동,세종그랑시아1단지,매매,104동,고/4,680000000,109.8,OWNER,고급빌라형아파트 남향 기흥역도보7분 깨끗,25.06.27,"['25년이상', '역세권', '방세개', '화장실두개']",남향,20472985.428051002
경기도,용인시 기흥구,구갈동,세종그랑시아1단지,매매,101동,4/4,620000000,109.8,NONE,정상입주도가능,25.07.21,"['25년이상', '역세권', '탑층', '방세개']",남향,18666545.53734062
경기도,용인시 기흥구,구갈동,세종그랑시아2단지,매매,203동,4/4,640000000,112.26,NDOC1,"협의입주가능, 샷시 최근 교체 조망 및 채광 좋음",25.07.18,"['25년이상', '역세권', '탑층', '방세개']",남향,18846449.314092286
경기도,용인시 기흥구,구갈동,세종그랑시아2단지,매매,209동,2/4,650000000,112.26,OWNER,"기흥역도보2분 ,조용한단지임,하시",25.07.16,"['25년이상', '역세권', '방세개', '화장실두개']",남향,19140925.08462498
경기도,용인시 기흥구,구갈동,세종그랑시아2단지,월세,209동,4/4,2억/80,112.26,OWNER,"기흥역도보5분,깨끗,정남향, 탁트인뷰,조용한단지",25.07.11,"['25년이상', '융자금없는', '역세권', '탑층']",남향,
경기도,용인시 기흥구,구갈동,세종그랑시아2단지,전세,203동,4/4,370000000,112.26,OWNER,0.0 주인  거주로 관리 잘 된 집 뷰 좋음,25.07.09,"['25년이상', '역세권', '탑층', '방세개']",남향,10895603.509709602
경기도,용인시 기흥구,구갈동,세종그랑시아2단지,매매,203동,2/4,700000000,112.26,DOC,"기흥역도보2분,전체올수리한집",25.07.10,"['25년이상', '올수리', '역세권', '방세개']",남향,20613303.937288437
경기도,용인시 기흥구,구갈동,세종그랑시아2단지,매매,202동,고/4,650000000,112.26,OWNER,정상  수리되어깨끗한집  조용한단지임.,25.07.04,"['25년이상', '방세개', '화장실두개', '고층']",남향,19140925.08462498
경기도,용인시 기흥구,구갈동,세종그랑시아2단지,매매,204동,고/4,650000000,112.26,OWNER,남향 기흥역3분이내 채광좋아요,25.06.26,"['25년이상', '역세권', '방세개', '화장실두개']",남향,19140925.08462498
경기도,용인시 기흥구,구갈동,세종그랑시아2단지,전세,206동,고/4,360000000,112.26,OWNER,기흥역역세권 남향 융무 도배장판교체,25.06.26,"['25년이상', '융자금없는', '역세권', '방세개']",남향,10601127.73917691
경기도,용인시 기흥구,구갈동,세종그랑시아2단지,매매,206동,고/4,630000000,112.26,OWNER,기흥역역세권 남향 채광굿 조용한단지,25.06.26,"['25년이상', '역세권', '방세개', '화장실두개']",남향,18551973.543559596
경기도,용인시 기흥구,구갈동,세종그랑시아2단지,매매,201동,고/4,650000000,112.26,OWNER,"고급빌라단지,기흥역근접동,세안고갭투자,로열층,남향,깨끗,",25.06.24,"['25년이상', '역세권', '방세개', '화장실두개']",남향,19140925.08462498
경기도,용인시 기흥구,구갈동,세종그랑시아2단지,매매,209동,2/4,650000000,112.26,NONE,하시가능(기본집),25.07.21,"['25년이상', '역세권', '방세개', '화장실두개']",남향,19140925.08462498
경기도,용인시 기흥구,구갈동,세종그랑시아2단지,월세,209동,4/4,2억/80,112.26,NONE,이사날자협의(기본집으로깨끗함),25.07.11,"['25년이상', '융자금적은', '역세권', '탑층']",남향,
경기도,용인시 기흥구,구갈동,세종그랑시아2단지,매매,203동,2/4,700000000,112.26,NONE,올수리됨(싸씨까지교체됨)입주협의,25.07.09,"['25년이상', '올수리', '역세권', '방세개']",남향,20613303.937288437
경기도,용인시 기흥구,구갈동,세종그랑시아2단지,월세,207동,4/4,1억/110,112.26,NONE,"기흥역도보 5분거리, 조용하고 깨끗한 주변 환경, ",25.07.04,"['25년이상', '역세권', '탑층', '방세개']",남향,
경기도,용인시 기흥구,구갈동,세종그랑시아2단지,전세,203동,4/4,370000000,112.26,NONE,씽크대교체.거실장판교체.입주날자협의,25.07.04,"['25년이상', '융자금없는', '역세권', '탑층']",남향,10895603.509709602
경기도,용인시 기흥구,구갈동,세종그랑시아2단지,전세,201동,3/4,380000000,112.26,NONE,깨끗함(입주협의),25.06.26,"['25년이상', '융자금없는', '역세권', '방세개']",남향,11190079.280242296
경기도,용인시 기흥구,구갈동,신명,매매,1동,8/10,499000000,77.94,OWNER,"기흥역세권, 세안고,소규모재건축단지,도배장판 교체,  ",25.07.21,"['25년이상', '역세권', '방세개', '화장실한개']",남향,21164828.265332308
경기도,용인시 기흥구,구갈동,신명,매매,1동,고/10,550000000,77.94,OWNER,입주가능 기흥역초역세권 확트인조망,25.07.01,"['25년이상', '역세권', '방세개', '화장실한개']",동향,23327967.025917374
경기도,용인시 기흥구,구갈동,신명,매매,1동,8/10,499000000,77.94,NONE,"전세안고,깨끗한집,전망굿,기흥역 바로앞,재건축투자좋음.",25.06.23,"['25년이상', '역세권', '방세개', '화장실한개']",남향,21164828.265332308
경기도,용인시 기흥구,구갈동,신성,매매,B동,2/6,230000000,64.87,OWNER,"정상입주,외부샷시포함내부올수리한깔끔한집,정남향",25.07.17,"['25년이상', '올수리', '방세개', '화장실한개']",남향,11720834.74641591
경기도,용인시 기흥구,구갈동,신성,전세,B동,4/6,180000000,64.87,OWNER,하시입주가능구갈초등학교바로앞 기흥역도보이용가능 ,25.07.12,"['25년이상', '융자금없는', '방두개', '화장실한개']",남향,9172827.192847233
경기도,용인시 기흥구,구갈동,신성,매매,B동,4/6,220000000,64.87,OWNER,일부수리 남향 기흥역도보이용가능,25.07.12,"['25년이상', '방두개', '화장실한개', '중층']",남향,11211233.235702174
경기도,용인시 기흥구,구갈동,신성,전세,B동,5/6,130000000,64.87,DOC,"기흥역 인근 구축 전세, HUG 전세보증, LH 및 GH 가능",25.06.28,"['25년이상', '방세개', '화장실한개', '고층']",남향,6624819.639278557
경기도,용인시 기흥구,구갈동,신성,매매,A동,1/6,220000000,61.66,OWNER,"전세안고, 남향,샷시포함 올수리완벽,저평가된살기좋은역세권아파트",25.07.10,"['25년이상', '올수리', '1층', '소형평수']",남향,11794886.47421343
경기도,용인시 기흥구,구갈동,신성,매매,A동,5/6,250000000,61.66,DOC,깨끗하고 살기 좋은 역세권아파트입니다.,25.07.21,"['25년이상', '소형평수', '방세개', '화장실한개']",남향,13403280.084333444
경기도,용인시 기흥구,구갈동,신성,매매,A동,중/6,250000000,61.66,DOC,"기흥역 도보7분, 리모델링, 로얄층 월세안고",25.07.16,"['25년이상', '소형평수', '방세개', '화장실한개']",남향,13403280.084333444
경기도,용인시 기흥구,구갈동,신성,매매,B동,1/6,200000000,54.15,OWNER,"월세안고,도로변,향후재건축추진시유리",25.07.17,"['25년이상', '1층', '소형평수', '방두개']",남향,12209732.225300094
경기도,용인시 기흥구,구갈동,안골마을롯데캐슬,매매,101동,3/4,610000000,102.63,OWNER,"기흥역도보2분,남향,깨끗한집",25.07.16,"['25년이내', '역세권', '방세개', '화장실두개']",남향,19648532.10562214
경기도,용인시 기흥구,구갈동,안골마을롯데캐슬,매매,102동,고/4,600000000,102.63,OWNER,"기흥역도보2분,관리잘되어깨끗한집",25.07.16,"['25년이내', '역세권', '방세개', '화장실두개']",남향,19326425.021923415
경기도,용인시 기흥구,구갈동,안골마을롯데캐슬,매매,104동,4/4,600000000,102.63,DOC,"전세낀 매매,  수리되고 상태 깨끗함",25.07.08,"['25년이내', '역세권', '탑층', '방세개']",남향,19326425.021923415
경기도,용인시 기흥구,구갈동,우림,매매,1동,17/20,530000000,109.95,OWNER,"수리,입주가능,로열층,대출없음,확트인뷰,",25.07.17,"['25년이상', '역세권', '방세개', '화장실두개']",남향,15935116.41655298
경기도,용인시 기흥구,구갈동,우림,매매,1동,11/20,470000000,109.95,NDOC1,급매 리모델링비지원해드림 하시입주 날짜협의가 기흥역세권,25.07.16,"['25년이상', '역세권', '급매', '방세개']",남향,14131140.973169623
경기도,용인시 기흥구,구갈동,우림,매매,1동,2/20,480000000,109.95,OWNER,"샷시포함 수리됨,  기흥역세권,  남향,주인거주중",25.06.30,"['25년이상', '역세권', '필로티', '방세개']",남향,14431803.547066849
경기도,용인시 기흥구,구갈동,우림,매매,1동,15/20,550000000,109.72,OWNER,"기흥역세권, 올수리, 확트인 뷰, 입주협의 ",25.07.19,"['25년이상', '올수리', '역세권', '방세개']",남향,16571105.997083487
경기도,용인시 기흥구,구갈동,우림,매매,1동,20/20,500000000,109.72,OWNER,금액조정가 도배장판싱크대등수리잘된 깨끗한 집 남향 즉시입주가,25.07.11,"['25년이상', '역세권', '탑층', '방세개']",남향,15064641.815530442
경기도,용인시 기흥구,구갈동,우림,매매,1동,14/20,510000000,109.72,OWNER,사진많고 추천매물이니 둘러보세요 상태좋고 금액조정됩니다. ,25.07.11,"['25년이상', '역세권', '방세개', '화장실두개']",남향,15365934.651841052
경기도,용인시 기흥구,구갈동,우림,전세,1동,3/20,330000000,109.72,DOC,"입주협의,거실욕실수리,싱크대수리,내부깔끔,남향,기흥역도보인접",25.07.21,"['25년이상', '역세권', '욕실수리', '방세개']",남향,9942663.598250091
경기도,용인시 기흥구,구갈동,우림,매매,1동,14/20,445000000,109.72,MOBL,기흥역 도보권우림아파트 14층로얄층물 재건축 기대입지 최상 매매 4억,25.07.08,"['25년이상', '역세권', '방세개', '화장실두개']",남향,13407531.215822095
경기도,용인시 기흥구,구갈동,우림,매매,1동,7/20,465000000,109.72,OWNER,금액조정가 입주일협의가 저렴한 급매물 계단식 남향 중층 전면 탁트임,25.07.09,"['25년이상', '역세권', '급매', '방세개']",남향,14010116.88844331
경기도,용인시 기흥구,구갈동,우림,매매,1동,저/20,500000000,109.72,OWNER,O올수리 내외부샤시 방 거실 화장실 리모델링 추천매물 금액조정가 O,25.07.14,"['25년이상', '올수리', '역세권', '방세개']",남향,15064641.815530442
경기도,용인시 기흥구,구갈동,우림,매매,1동,5/20,520000000,109.72,DOC,세안고 혹은 입주도 가능  6년전 올수리된 아파트 남향 조정가,25.07.17,"['25년이상', '올수리', '역세권', '방세개']",남향,15667227.488151658
경기도,용인시 기흥구,구갈동,우림,매매,1동,6/20,500000000,109.72,DOC,"입주or,갭투  ,깨끗,전망굿,교통편의시설 굿,조정",25.07.08,"['25년이상', '역세권', '방세개', '화장실두개']",남향,15064641.815530442
경기도,용인시 기흥구,구갈동,우림,매매,1동,11/20,520000000,109.72,DOCV2,"입주,로열층,중간라인,확트인뷰,수리했던집,깨끗,교통편의시설 굿,가격협의",25.07.02,"['25년이상', '역세권', '방세개', '화장실두개']",남향,15667227.488151658
경기도,용인시 기흥구,구갈동,우림,매매,1동,16/20,500000000,109.72,DOC,"로열층,정남향,확트인전망,올수리,기흥역세권,살기좋은아파트",25.07.04,"['25년이상', '올수리', '역세권', '방세개']",남향,15064641.815530442
경기도,용인시 기흥구,구갈동,우림,매매,1동,14/20,445000000,109.72,NONE,,25.07.09,"['25년이상', '역세권', '방세개', '화장실두개']",남향,13407531.215822095
경기도,용인시 기흥구,구갈동,우림,매매,1동,2/20,400000000,81.77,OWNER,,25.07.21,"['25년이상', '역세권', '필로티', '방세개']",서향,16171138.559373856
경기도,용인시 기흥구,구갈동,우림,전세,1동,2/20,300000000,81.77,OWNER,"올수리됨,아주깨끗, 보증금3억 월세 15만원임 .입주9월초순",25.07.19,"['25년이상', '올수리', '역세권', '필로티']",서향,12128353.919530392
경기도,용인시 기흥구,구갈동,우림,매매,1동,4/20,360000000,81.77,OWNER,싱크대욕실포함 올리모델링중 적극 검토요망드려요 조정가 입주협의가,25.07.15,"['25년이상', '역세권', '방세개', '화장실한개']",서향,14554024.703436472
경기도,용인시 기흥구,구갈동,우림,매매,1동,고/20,360000000,81.77,OWNER,"기흥역세권, 확실한 갭투자, 올수리",25.07.21,"['25년이상', '올수리', '역세권', '방세개']",서향,14554024.703436472
경기도,용인시 기흥구,구갈동,우림,매매,1동,5/20,385000000,81.77,DOC,수리잘된 주인거주세대로 깨끗하게사용 초역세권 입주일협의가 금액조정가,25.07.19,"['25년이상', '역세권', '방세개', '화장실한개']",서향,15564720.863397336
경기도,용인시 기흥구,구갈동,우림,매매,1동,20/20,395000000,81.77,OWNER,사진많으니둘러보세요 올수리급리모델링 화장실중문싱크대보일러교체 세안고,25.07.01,"['25년이상', '올수리', '역세권', '보일러교체']",서향,15968999.327381682
경기도,용인시 기흥구,구갈동,우림,매매,1동,3/20,360000000,81.77,OWNER,"부분수리,중문등,깨끗,입주가능,기흥역 도보권,전세가로 내집마련",25.06.23,"['25년이상', '역세권', '방세개', '화장실한개']",서향,14554024.703436472
경기도,용인시 기흥구,구갈동,우성에비뉴,매매,102동,4/4,435000000,80.01,OWNER,"기흥역세권, 세안고 갭투자, 복층, 수리,아주깨끗,넓은전실",25.06.27,"['25년이내', '역세권', '복층', '탑층']",남향,17972959.3175853
경기도,용인시 기흥구,구갈동,우성에비뉴,매매,104동,4/4,440000000,80.01,NONE,정상입주,25.07.08,"['25년이내', '역세권', '탑층', '방세개']",남향,18179545.056867894
경기도,용인시 기흥구,구갈동,풍림(385),매매,103동,5/5,470000000,64.03,OWNER,올해 실내올수리 월세안고,25.07.21,"['25년이상', '올수리', '역세권', '탑층']",남향,24265484.1480556
경기도,용인시 기흥구,구갈동,풍림(385),매매,101동,3/5,500000000,64.03,OWNER, 샷시포함올수리 주인거주관리잘된집 기흥역도보5분,25.07.19,"['25년이상', '올수리', '역세권', '방두개']",남향,25814344.838357024
경기도,용인시 기흥구,구갈동,풍림(385),매매,104동,1/5,460000000,64.03,NDOC1,샷시포함올수리 전세안고 재건축안전진단통과,25.07.18,"['25년이상', '올수리', '역세권', '1층']",남향,23749197.25128846
경기도,용인시 기흥구,구갈동,풍림(385),매매,102동,2/5,420000000,64.03,OWNER,세안고 수리되어 깨끗 인기좋은 로열층 남향 조정가,25.07.14,"['25년이상', '역세권', '방두개', '화장실한개']",남향,21684049.664219897
경기도,용인시 기흥구,구갈동,풍림(385),매매,102동,2/5,410000000,64.03,OWNER,"짧은세안고 갭투자,or입주,재건축예정단지,로열층,기흥역5분",25.07.14,"['25년이상', '역세권', '방두개', '화장실한개']",남향,21167762.767452758
경기도,용인시 기흥구,구갈동,풍림(385),매매,104동,중/5,470000000,64.03,OWNER,조정가 입주가 도배장판욕실수리된 깨끗한집 재건축현황분석해드림,25.07.18,"['25년이상', '역세권', '욕실수리', '방두개']",남향,24265484.1480556
경기도,용인시 기흥구,구갈동,풍림(385),월세,102동,5/5,"2,000/80",64.03,NDOC1,최근샷시포함올수리됨.기흥역도보5분.광역버스이용편리,25.07.11,"['25년이상', '올수리', '역세권', '탑층']",남향,
경기도,용인시 기흥구,구갈동,풍림(385),매매,102동,고/5,480000000,64.03,OWNER,"긴세안고, 갭2.9억, 최근 올수리함.",25.07.17,"['25년이상', '올수리', '역세권', '방두개']",남동향,24781771.044822738
경기도,용인시 기흥구,구갈동,풍림(385),매매,104동,중/5,430000000,64.03,OWNER,조정가 입주일 조정가 전세안고 재건축추진중으로 투자용 추천,25.07.17,"['25년이상', '역세권', '방두개', '화장실한개']",남향,22200336.560987037
경기도,용인시 기흥구,구갈동,풍림(385),매매,101동,4/5,470000000,64.03,NDOC1,기흥역세권.재건축지분많은 소형아파트.방2거실.입주가능,25.07.10,"['25년이상', '역세권', '소형평수', '방두개']",남향,24265484.1480556
경기도,용인시 기흥구,구갈동,풍림(385),월세,101동,고/5,"1,000/70",64.03,OWNER,사진많으니둘러보세요 1년임대계약가능 융자없고 수리잘된집 ,25.07.16,"['25년이상', '테라스', '역세권', '화장실한개']",남향,
경기도,용인시 기흥구,구갈동,풍림(385),매매,104동,2/5,410000000,64.03,DOC,추천급매.재건축추진위원회설립단계.지분많음.선호하는2층.즉시입주가능,25.07.15,"['25년이상', '역세권', '급매', '방두개']",남향,21167762.767452758
경기도,용인시 기흥구,구갈동,풍림(385),매매,103동,저/5,420000000,64.03,OWNER,급매 조정가 세안고 수리 아주 잘되어있음 재건축투자용,25.07.11,"['25년이상', '역세권', '급매', '방두개']",남향,21684049.664219897
경기도,용인시 기흥구,구갈동,풍림(385),매매,101동,고/5,430000000,64.03,OWNER,사진많으니둘러보세요 급매 추천매물 수리잘된집 실입주가 재건축투자용아파트,25.07.11,"['25년이상', '역세권', '급매', '방두개']",남향,22200336.560987037
경기도,용인시 기흥구,구갈동,풍림(385),매매,102동,4/5,480000000,64.03,OWNER,샷시포함올수리 전세안고27년6월 재건축안전진단통과,25.07.04,"['25년이상', '올수리', '역세권', '방두개']",남향,24781771.044822738
경기도,용인시 기흥구,구갈동,풍림(385),월세,103동,4/5,"5,000/60",64.03,NDOC1,최근실내올수리됨.기흥역도보3분.광역버스이용편리.정남향.방2거실구조,25.07.01,"['25년이상', '올수리', '역세권', '방두개']",남향,
경기도,용인시 기흥구,구갈동,풍림(385),매매,101동,고/5,460000000,64.03,OWNER,기흥역세권  교통편리 상권이용편리 구갈초앞,25.07.07,"['25년이상', '역세권', '방두개', '화장실한개']",남향,23749197.25128846
경기도,용인시 기흥구,구갈동,풍림(385),매매,102동,1/5,450000000,64.03,DOC,"기흥역세권 , 교통편리 , 정남향 , 매우깨끗",25.07.05,"['25년이상', '역세권', '1층', '방두개']",남향,23232910.35452132
경기도,용인시 기흥구,구갈동,풍림(385),매매,102동,저/5,430000000,64.03,DOC,"세안구 ,예전수리된집,깨끗,엘베없는 저층,선호층,일조굿",25.07.08,"['25년이상', '역세권', '방두개', '화장실한개']",남향,22200336.560987037
경기도,용인시 기흥구,구갈동,풍림(385),매매,104동,4/5,450000000,64.03,DOC,조정가 꾸준하게 수리와 관리가 잘된집 거실확장 추천매물,25.07.01,"['25년이상', '역세권', '방두개', '화장실한개']",남향,23232910.35452132
경기도,용인시 기흥구,구갈동,풍림(385),월세,104동,3/5,"3,000/60",64.03,NONE,"기흥역도보5분,광역버스다양,남향,입주협의",25.07.12,"['25년이상', '융자금없는', '역세권', '방두개']",남향,
경기도,용인시 기흥구,구갈동,힐스테이트기흥(주상복합),전세,201동,43/49,850000000,137.05,OWNER,기흥역연결 풀인테리어 풀옵션 에에컨풀 컨디션최상,25.07.21,"['10년이내', '역세권', '대형평수', '방세개']",남동향,20502862.09412623
경기도,용인시 기흥구,구갈동,힐스테이트기흥(주상복합),매매,201동,43/49,1500000000,137.05,OWNER,기흥역 AK＆ 연결단지 올인테리어 풀옵션 cc뷰 전망굿 특급매물임,25.07.21,"['10년이내', '역세권', '급매', '대형평수']",남동향,36181521.34257571
경기도,용인시 기흥구,구갈동,힐스테이트기흥(주상복합),매매,205동,14/49,1130000000,137.05,OWNER,시스템4대 수원CC골프조망 관리상태굿  채광굿 입주협의,25.07.15,"['10년이내', '역세권', '대형평수', '방세개']",남동향,27256746.078073695
경기도,용인시 기흥구,구갈동,힐스테이트기흥(주상복합),월세,201동,고/49,3억/250,137.05,OWNER,"41,힐스테이트 인테리어굿,파노라마골프장뷰굿,시스템에어컨4,추천올림,",25.07.17,"['10년이내', '역세권', '대형평수', '방세개']",남동향,
경기도,용인시 기흥구,구갈동,힐스테이트기흥(주상복합),전세,201동,저/49,680000000,137.05,OWNER,,25.07.14,"['10년이내', '역세권', '대형평수', '방세개']",남동향,16402289.675300986
경기도,용인시 기흥구,구갈동,힐스테이트기흥(주상복합),매매,201동,저/49,1300000000,137.05,OWNER,"수원cc 골프장조망,시에어컨5,주방풀리모델링,협의가",25.07.14,"['10년이내', '역세권', '대형평수', '방세개']",남동향,31357318.49689894
경기도,용인시 기흥구,구갈동,힐스테이트기흥(주상복합),매매,201동,고/49,1400000000,137.05,OWNER,"수원cc골프장조망,방4시스템에어컨4,ak몰및기흥역연결,관리상태 깨끗해요",25.07.07,"['10년이내', '역세권', '대형평수', '방세개']",남동향,33769419.91973732
경기도,용인시 기흥구,구갈동,힐스테이트기흥(주상복합),매매,204동,30/49,930000000,121.46,OWNER,"36C,힐스테이트 트인 공원뷰,햇살가득,관리굿,세안고,추천올림,",25.07.21,"['10년이내', '역세권', '방세개', '화장실두개']",남동향,25311872.632965587
경기도,용인시 기흥구,구갈동,힐스테이트기흥(주상복합),매매,203동,27/49,950000000,121.46,OWNER,"36C, 힐스테이트  멋진골프장뷰 굿, 층간소음 무,시에4, 최상급관리굿",25.07.19,"['10년이내', '역세권', '방세개', '화장실두개']",남동향,25856213.979911085
경기도,용인시 기흥구,구갈동,힐스테이트기흥(주상복합),매매,202동,45/49,1000000000,121.46,OWNER,"TOP.  시스템 에어컨 2대, 상태 깨끗함, 세안고.",25.07.19,"['10년이내', '역세권', '방세개', '화장실두개']",남서향,27217067.34727483
경기도,용인시 기흥구,구갈동,힐스테이트기흥(주상복합),전세,204동,저/49,600000000,121.46,OWNER,"36C, 힐스테이트 공원뷰 굿, 채광굿, 내부관리굿, 추천올림",25.07.21,"['10년이내', '역세권', '방세개', '화장실두개']",남동향,16330240.408364896
경기도,용인시 기흥구,구갈동,힐스테이트기흥(주상복합),전세,202동,고/49,580000000,121.46,OWNER,"36C, 힐스테이트 확트인전망굿,조정가,에2, 수납펜트리 굿, 내부관리굿",25.07.21,"['10년이내', '역세권', '방세개', '화장실두개']",남서향,15785899.0614194
경기도,용인시 기흥구,구갈동,힐스테이트기흥(주상복합),매매,204동,고/49,930000000,121.46,OWNER,"공원조망 햇살가득  수납좋음 기흥역,AK몰이용편리",25.07.20,"['10년이내', '역세권', '방세개', '화장실두개']",남동향,25311872.632965587
경기도,용인시 기흥구,구갈동,힐스테이트기흥(주상복합),매매,204동,저/49,950000000,121.46,OWNER,"36C, 힐스테이트 세안고, 정원뷰 굿, 햇살가득, 관리굿, 추천올림",25.07.19,"['10년이내', '역세권', '방세개', '화장실두개']",남동향,25856213.979911085
경기도,용인시 기흥구,구갈동,힐스테이트기흥(주상복합),전세,203동,중/49,610000000,121.46,OWNER,"TOP.  에어컨2대, 인테리어, 골프장 뷰, AK, 기흥역 근접동.",25.07.19,"['10년이내', '역세권', '방세개', '화장실두개']",남동향,16602411.081837643
경기도,용인시 기흥구,구갈동,힐스테이트기흥(주상복합),매매,202동,고/49,950000000,121.46,OWNER,정상입주 시원한뷰 초역세권 AK몰슬세권,25.07.18,"['10년이내', '역세권', '방세개', '화장실두개']",남서향,25856213.979911085
경기도,용인시 기흥구,구갈동,힐스테이트기흥(주상복합),매매,203동,중/49,950000000,121.46,OWNER,"초역세권 생활 교통편리,CC조망권 에2,식세기,탄성코트,줄눈 밝고환한집",25.07.18,"['10년이내', '역세권', '방세개', '화장실두개']",남동향,25856213.979911085
경기도,용인시 기흥구,구갈동,힐스테이트기흥(주상복합),매매,204동,고/49,930000000,121.46,OWNER,AK몰과 기흥역이용편리 채광좋고 수납좋음 세안고 또는 입주협의,25.07.17,"['10년이내', '역세권', '방세개', '화장실두개']",남동향,25311872.632965587
경기도,용인시 기흥구,구갈동,힐스테이트기흥(주상복합),매매,204동,고/49,1000000000,121.46,OWNER,시원한 조망  긴 세안고 기흥역 연결 초역세권,25.07.11,"['10년이내', '역세권', '방세개', '화장실두개']",남동향,27217067.34727483
경기도,용인시 기흥구,구갈동,힐스테이트기흥(주상복합),매매,202동,고/49,950000000,121.46,OWNER,"36C, 힐스테이트 확트인전망굿,조정가, 에2, 수납펜트리 굿,",25.07.11,"['10년이내', '역세권', '방세개', '화장실두개']",남서향,25856213.979911085
경기도,용인시 기흥구,구갈동,힐스테이트기흥(주상복합),매매,202동,중/49,1100000000,121.46,OWNER,"기흥역과AK몰 바로 연결되는 편리,시에4대설치,판상형, 알파룸,채광풍부",25.07.10,"['10년이내', '역세권', '방세개', '화장실두개']",남서향,29938774.08200231
경기도,용인시 기흥구,구갈동,힐스테이트기흥(주상복합),매매,202동,29/49,950000000,120.72,OWNER,"36A, 힐스테이트 층간소음무, 시에4, 내부관리굿,채광굿,추천올림",25.07.21,"['10년이내', '역세권', '방세개', '화장실두개']",남서향,26014709.658714384
경기도,용인시 기흥구,구갈동,힐스테이트기흥(주상복합),매매,202동,38/49,930000000,120.72,OWNER,"36A, 힐스테이트 인기판상형 방4, 전망굿, 내부관리굿, 추천올림",25.07.21,"['10년이내', '역세권', '방세개', '화장실두개']",남동향,25467031.560636185
경기도,용인시 기흥구,구갈동,힐스테이트기흥(주상복합),매매,202동,31/49,950000000,120.72,OWNER,"36A, 힐스테이트 확트인전망굿, 세안고, 남서향 채광굿, 추천올림",25.07.17,"['10년이내', '역세권', '방세개', '화장실두개']",남서향,26014709.658714384
경기도,용인시 기흥구,구갈동,힐스테이트기흥(주상복합),매매,202동,고/49,920000000,120.72,OWNER,"급매,입주협의가능,방4개,시스템에어컨4대,중문",25.07.21,"['10년이내', '역세권', '급매', '방네개이상']",남동향,25193192.511597086
경기도,용인시 기흥구,구갈동,힐스테이트기흥(주상복합),매매,203동,중/49,1050000000,120.72,OWNER,"36A, 힐스테이트 로얄,  기흥역직통연결동, 확트인 전망굿, 채광굿",25.07.19,"['10년이내', '역세권', '방세개', '화장실두개']",남서향,28753100.14910537
경기도,용인시 기흥구,구갈동,힐스테이트기흥(주상복합),매매,203동,중/49,970000000,120.72,OWNER,"36A,힐스테이트 로얄동, 시에4, 안방붙박이, 식세기, LED간접조명",25.07.19,"['10년이내', '역세권', '방세개', '화장실두개']",남동향,26562387.75679258
경기도,용인시 기흥구,구갈동,힐스테이트기흥(주상복합),매매,203동,고/49,1000000000,120.72,OWNER,"TOP. 시스템 에어컨 4대, 붙박이장 등. 입주 협의",25.07.19,"['10년이내', '역세권', '방세개', '화장실두개']",남동향,27383904.903909873
경기도,용인시 기흥구,구갈동,힐스테이트기흥(주상복합),매매,202동,중/49,960000000,120.72,OWNER,"12월이후입주,시스템에어컨4대,방4개구조,집상태최상 주인거주로 관리잘된집",25.07.18,"['10년이내', '역세권', '방세개', '화장실두개']",남서향,26288548.70775348
경기도,용인시 기흥구,구갈동,힐스테이트기흥(주상복합),매매,203동,저/49,970000000,120.72,OWNER,"12월말이후입주가능,방4개,도배새로함,식세기,AK가깝고 정원조망의 이쁜집",25.07.18,"['10년이내', '마당', '역세권', '방세개']",남동향,26562387.75679258
경기도,용인시 기흥구,구갈동,힐스테이트기흥(주상복합),매매,202동,고/49,980000000,120.72,OWNER,남서향의 트인전망 채광좋음 역이용편리한동,25.07.18,"['10년이내', '역세권', '방세개', '화장실두개']",남서향,26836226.80583168
경기도,용인시 기흥구,구갈동,힐스테이트기흥(주상복합),매매,203동,고/49,1100000000,120.72,OWNER,"36A, 힐스테이트 완전특추천, 조정가,시에3, 기흥역 AK＆ 직통 연결",25.07.17,"['10년이내', '역세권', '방세개', '화장실두개']",남서향,30122295.394300863
경기도,용인시 기흥구,구갈동,힐스테이트기흥(주상복합),매매,202동,고/49,930000000,120.72,OWNER,"GTX개통 수혜단지,기흥역이용편리,에어컨4대, 조용한동, 일조량풍부",25.07.17,"['10년이내', '역세권', '방세개', '화장실두개']",남동향,25467031.560636185
경기도,용인시 기흥구,구갈동,힐스테이트기흥(주상복합),매매,203동,고/49,950000000,120.72,OWNER,선호동 로얄층 시스템4 날짜협의 기흥역AK광역버스제일편한동,25.07.15,"['10년이내', '역세권', '방세개', '화장실두개']",남동향,26014709.658714384
경기도,용인시 기흥구,구갈동,힐스테이트기흥(주상복합),매매,203동,43/49,990000000,120.72,OWNER,"기흥역에서 가장가까운 로얄동,시에어컨4,중문,일조량풍부,집주인거주깨끗해요",25.07.07,"['10년이내', '역세권', '방세개', '화장실두개']",남동향,27110065.854870778
경기도,용인시 기흥구,구갈동,힐스테이트기흥(주상복합),매매,202동,고/49,1000000000,120.72,OWNER,"전세안고매매,확트인뷰,중문,기흥역초역세권",25.07.10,"['10년이내', '역세권', '방네개이상', '화장실두개']",남서향,27383904.903909873
경기도,용인시 기흥구,구갈동,힐스테이트기흥(주상복합),매매,203동,중/49,1100000000,120.72,OWNER,"기흥역연결 가장가까운동,알파룸 확장및 인테리어되어있고 상태너무좋아요",25.06.26,"['10년이내', '역세권', '방세개', '화장실두개']",남동향,30122295.394300863
경기도,용인시 기흥구,구갈동,힐스테이트기흥(주상복합),월세,203동,저/49,1억/200,120.72,DOC,"빠른입주 초역세권, 슬리퍼상권",25.06.30,"['10년이내', '융자금없는', '역세권', '방세개']",남서향,
경기도,용인시 기흥구,구갈동,힐스테이트기흥(주상복합),매매,205동,46/49,990000000,120.71,OWNER,"36A1,힐스테이트 로얄동 로얄층,전세 안고 ,시에4,내부관리굿,채광굿,",25.07.21,"['10년이내', '역세권', '방세개', '화장실두개']",남동향,27112311.738878306
경기도,용인시 기흥구,구갈동,힐스테이트기흥(주상복합),매매,205동,36/49,1000000000,120.71,OWNER,"36A1, 힐스테이트 로얄추천, 금액조정가,채광굿,추천올림",25.07.21,"['10년이내', '역세권', '방세개', '화장실두개']",남동향,27386173.47361445
경기도,용인시 기흥구,구갈동,힐스테이트기흥(주상복합),매매,205동,고/49,1000000000,120.71,OWNER,시스템에어컨4  기흥역과AK몰 바로연결 알파룸 세안고투자,25.07.21,"['10년이내', '역세권', '방세개', '화장실두개']",남동향,27386173.47361445
경기도,용인시 기흥구,구갈동,힐스테이트기흥(주상복합),매매,201동,중/49,1050000000,120.71,OWNER,"수원CC골프장뷰조망 채광굿 기흥역,AK몰 ,광역버스정류장 초근접 입주협의",25.07.20,"['10년이내', '역세권', '방세개', '화장실두개']",남동향,28755482.14729517
경기도,용인시 기흥구,구갈동,힐스테이트기흥(주상복합),매매,205동,고/49,1000000000,120.71,OWNER,기흥역3분.전면동.투자강추.협의가능,25.07.19,"['10년이내', '역세권', '방세개', '화장실두개']",남동향,27386173.47361445
경기도,용인시 기흥구,구갈동,힐스테이트기흥(주상복합),매매,204동,중/49,1000000000,120.71,OWNER,"세안고매매,채광좋고 조용한 로얄동층",25.07.19,"['10년이내', '역세권', '방세개', '화장실두개']",남동향,27386173.47361445
경기도,용인시 기흥구,구갈동,힐스테이트기흥(주상복합),매매,204동,고/49,1000000000,120.71,OWNER,"세안고매매,채광좋고 전망좋아요,방4개구조",25.07.19,"['10년이내', '역세권', '방세개', '화장실두개']",남동향,27386173.47361445
경기도,용인시 기흥구,구갈동,힐스테이트기흥(주상복합),매매,204동,고/49,950000000,120.71,OWNER,시원한고층트인뷰 인기판상형 방4 채광굿 기흥역연결통로이용 입주협의,25.07.18,"['10년이내', '역세권', '방세개', '화장실두개']",남동향,26016864.799933728
경기도,용인시 기흥구,구갈동,힐스테이트기흥(주상복합),매매,205동,고/49,980000000,120.71,OWNER,"입주협의가능 채광좋고 환기잘되는 로얄라인,주인거주로 관리잘된집",25.07.18,"['10년이내', '역세권', '방세개', '화장실두개']",남동향,26838450.00414216
경기도,용인시 기흥구,구갈동,힐스테이트기흥(주상복합),매매,205동,고/49,985000000,120.71,OWNER,"36A1, 힐스테이트 로얄, 금액협의가, 펜트리확장,방3, 판상형,햇살굿",25.07.17,"['10년이내', '역세권', '방세개', '화장실두개']",남동향,26975380.871510234
경기도,용인시 기흥구,구갈동,힐스테이트기흥(주상복합),매매,204동,고/49,1100000000,120.71,OWNER,"일조량 많음,앞단지와 공간 넓음. 시스템에어컨 설치, 입주일자 조정 가능",25.07.17,"['10년이내', '역세권', '방세개', '화장실두개']",남동향,30124790.820975896
경기도,용인시 기흥구,구갈동,힐스테이트기흥(주상복합),매매,204동,고/49,995000000,120.71,OWNER,,25.07.17,"['10년이내', '역세권', '방세개', '화장실두개']",남동향,27249242.60624638
경기도,용인시 기흥구,구갈동,힐스테이트기흥(주상복합),매매,201동,고/49,1100000000,120.71,OWNER,"36A1,힐스테이이트로얄,긴세안고,골프장뷰굿,시에5,내부관리굿,추천올림,",25.07.16,"['10년이내', '역세권', '방세개', '화장실두개']",남동향,30124790.820975896
경기도,용인시 기흥구,구갈동,힐스테이트기흥(주상복합),매매,205동,중/49,970000000,120.71,OWNER,기흥역 ak몰 방4 전면동 시스템에어컨4 중문 입주협의,25.07.15,"['10년이내', '역세권', '방세개', '화장실두개']",남동향,26564588.269406017
경기도,용인시 기흥구,구갈동,힐스테이트기흥(주상복합),매매,205동,중/49,960000000,120.71,OWNER,시스템4 로얄동 ak연결,25.07.13,"['10년이내', '역세권', '방세개', '화장실두개']",남동향,26290726.534669872
경기도,용인시 기흥구,구갈동,힐스테이트기흥(주상복합),매매,201동,고/49,1020000000,120.71,OWNER,"확트인 전면뷰 골프장 조망, 관리상태 깨끗, 갭투가능,",25.07.03,"['10년이내', '역세권', '방세개', '화장실두개']",남동향,27933896.94308674
경기도,용인시 기흥구,구갈동,힐스테이트기흥(주상복합),매매,201동,저/49,1000000000,120.71,OWNER,"탁트인 거실조망 골프장뷰. 갭투가능, 관리상태 좋음.",25.07.03,"['10년이내', '역세권', '방세개', '화장실두개']",남동향,27386173.47361445
경기도,용인시 기흥구,구갈동,힐스테이트기흥(주상복합),매매,205동,31/49,1050000000,120.71,MOBL,"36.주인직접의뢰.로열층,고층.주인실거주.입주협의",25.06.24,"['10년이내', '역세권', '방세개', '화장실두개']",남향,28755482.14729517
경기도,용인시 기흥구,구갈동,힐스테이트기흥(주상복합),매매,201동,중/49,1050000000,120.71,OWNER,ak몰 기흥역 골프장뷰 나오는 선호동 세안고매매,25.06.30,"['10년이내', '역세권', '방세개', '화장실두개']",남동향,28755482.14729517
경기도,용인시 기흥구,구갈동,힐스테이트기흥(주상복합),매매,204동,중/49,950000000,120.71,OWNER,"시원한 거실뷰,판상형구조, 알파룸,집주인거주중,입주협의가능해요",25.06.25,"['10년이내', '역세권', '방세개', '화장실두개']",남동향,26016864.799933728
경기도,용인시 기흥구,구갈동,힐스테이트기흥(주상복합),매매,205동,27/49,1000000000,120.48,OWNER,"강추36B,힐스테이트 퍼펙트,갭투, 완전 전망굿, 귀한매물, 층간소음무,",25.07.19,"['10년이내', '역세권', '방세개', '화장실두개']",남서향,27438454.515272245
경기도,용인시 기흥구,구갈동,힐스테이트기흥(주상복합),매매,201동,19/49,990000000,120.48,OWNER,"36B, 힐스테이트 귀한구조 굿, 선호타입, 세안고, 시에4, 간접조명",25.07.18,"['10년이내', '역세권', '방세개', '화장실두개']",남서향,27164069.970119525
경기도,용인시 기흥구,구갈동,힐스테이트기흥(주상복합),매매,201동,중/49,1000000000,120.48,OWNER,"36B, 힐스테이트 귀한매물, 세안고, 풀 에어컨, 인기판상형B,추천올림",25.07.21,"['10년이내', '역세권', '방세개', '화장실두개']",남서향,27438454.515272245
경기도,용인시 기흥구,구갈동,힐스테이트기흥(주상복합),매매,205동,고/49,1030000000,120.48,OWNER,"36B,힐스테이트 완전 로얄, 인기구조, 확트인 전망굿, 햇살가득, 추천",25.07.21,"['10년이내', '역세권', '방세개', '화장실두개']",남서향,28261608.150730412
경기도,용인시 기흥구,구갈동,힐스테이트기흥(주상복합),월세,205동,고/49,3억/150,120.48,OWNER,탁트인뷰  로얄동  햇살가득 주인거주 관리잘된집 방4 귀한타입,25.07.20,"['10년이내', '역세권', '방세개', '화장실두개']",남서향,
경기도,용인시 기흥구,구갈동,힐스테이트기흥(주상복합),매매,201동,저/49,1000000000,120.48,OWNER,"세안고매매,시스템에어컨4대,방4개구조,펜트리넓고 구조최상",25.07.19,"['10년이내', '역세권', '방세개', '화장실두개']",남서향,27438454.515272245
경기도,용인시 기흥구,구갈동,힐스테이트기흥(주상복합),매매,201동,고/49,1000000000,120.48,OWNER,"선호타입,햇살가득,넓은 판상형 구조,풀옵션,입주협의가능",25.07.16,"['10년이내', '역세권', '방세개', '화장실두개']",남서향,27438454.515272245
경기도,용인시 기흥구,구갈동,힐스테이트기흥(주상복합),매매,201동,중/49,1050000000,120.48,OWNER,"방4개,시스템에어컨5대,구조최상,여유있는잔금가능",25.07.10,"['10년이내', '역세권', '방세개', '화장실두개']",남서향,28810377.24103586
경기도,용인시 기흥구,구갈동,힐스테이트기흥(주상복합),매매,205동,고/49,1000000000,120.48,OWNER,최고의뷰 귀한선호타입  시스템4 세안고매매,25.07.09,"['10년이내', '역세권', '방세개', '화장실두개']",남서향,27438454.515272245
경기도,용인시 기흥구,구갈동,힐스테이트기흥(주상복합),매매,202동,22/49,880000000,104.82,OWNER,"31B, 힐스테이트 기흥역,AK＆연결, 내부관리굿, 채광굿,추천올림",25.07.21,"['10년이내', '역세권', '방세개', '화장실두개']",남동향,27753203.587101698
경기도,용인시 기흥구,구갈동,힐스테이트기흥(주상복합),매매,203동,12/49,845000000,104.82,OWNER,"31B, 힐스테이트 기흥역,AK직통연결동, 선호동,시에4, 추천올림",25.07.21,"['10년이내', '역세권', '방세개', '화장실두개']",남서향,26649382.989887428
경기도,용인시 기흥구,구갈동,힐스테이트기흥(주상복합),매매,204동,18/49,845000000,104.82,OWNER,"31B, 힐스테이트 세안고, 확트인 전망굿, 햇살가득, 추천올림",25.07.21,"['10년이내', '역세권', '방세개', '화장실두개']",남동향,26649382.989887428
경기도,용인시 기흥구,구갈동,힐스테이트기흥(주상복합),매매,203동,14/49,850000000,104.82,OWNER,"31B, 힐스테이트 로얄동, 시에4, AK＆,기흥역 직통연결동, 간접조명",25.07.17,"['10년이내', '역세권', '방세개', '화장실두개']",남서향,26807071.646632325
경기도,용인시 기흥구,구갈동,힐스테이트기흥(주상복합),매매,203동,중/49,900000000,104.82,OWNER,"31B, 힐스테이트 완전로얄 추천,조정가,기흥역, AK몰직통연결동, 시에",25.07.21,"['10년이내', '역세권', '방세개', '화장실두개']",남서향,28383958.214081284
경기도,용인시 기흥구,구갈동,힐스테이트기흥(주상복합),매매,201동,고/49,880000000,104.82,OWNER,"31B, 힐스테이트 골프장뷰 굿, 햇살굿, 내부관리 굿, 추천올림",25.07.21,"['10년이내', '역세권', '방세개', '화장실두개']",남동향,27753203.587101698
경기도,용인시 기흥구,구갈동,힐스테이트기흥(주상복합),매매,203동,저/49,850000000,104.82,OWNER,"31B, 힐스테이트 로얄, 기흥역 직통연결 동, 햇살굿,선호라인,추천올림",25.07.21,"['10년이내', '역세권', '방세개', '화장실두개']",남서향,26807071.646632325
경기도,용인시 기흥구,구갈동,힐스테이트기흥(주상복합),매매,202동,저/49,880000000,104.82,OWNER,"31B, 힐스테이트 정원뷰 굿,조정가, 내부관리 굿, 수납굿, 추천올림",25.07.21,"['10년이내', '역세권', '방세개', '화장실두개']",남동향,27753203.587101698
경기도,용인시 기흥구,구갈동,힐스테이트기흥(주상복합),매매,202동,저/49,865000000,104.82,OWNER,기흥역3분.초역세.옵션다수.주인전세도 가능.하시임장가능,25.07.21,"['10년이내', '역세권', '방세개', '화장실두개']",남동향,27280137.616867013
경기도,용인시 기흥구,구갈동,힐스테이트기흥(주상복합),매매,203동,중/49,900000000,104.82,OWNER,기흥역연결동.투자강추.초역세.선호타입,25.07.19,"['10년이내', '역세권', '방세개', '화장실두개']",남서향,28383958.214081284
경기도,용인시 기흥구,구갈동,힐스테이트기흥(주상복합),매매,205동,저/49,840000000,104.82,OWNER,급매매 가격 입주 협의 거실 전망트인 뷰 시선좋은 층 밝고 환해요.,25.07.18,"['10년이내', '역세권', '급매', '방세개']",남동향,26491694.333142534
경기도,용인시 기흥구,구갈동,힐스테이트기흥(주상복합),매매,205동,저/49,850000000,104.82,OWNER,"31B, 힐스테이트 층간소음 무, 확트인 뷰굿, 시에4, 채광굿, 추천",25.07.17,"['10년이내', '역세권', '방세개', '화장실두개']",남동향,26807071.646632325
경기도,용인시 기흥구,구갈동,힐스테이트기흥(주상복합),매매,205동,중/49,900000000,104.82,OWNER,"조망굿,시스템에어컨4,채광풍부,기흥역및ak몰연결,관리상태최상",25.07.17,"['10년이내', '역세권', '방세개', '화장실두개']",남동향,28383958.214081284
경기도,용인시 기흥구,구갈동,힐스테이트기흥(주상복합),매매,202동,고/49,900000000,104.82,OWNER,"채광 아주 많아요,조용한 단지및 놀이터뷰, 집주인거주로 관리상태굿",25.07.16,"['10년이내', '역세권', '방세개', '화장실두개']",남동향,28383958.214081284
경기도,용인시 기흥구,구갈동,힐스테이트기흥(주상복합),매매,205동,고/49,900000000,104.82,OWNER,"시스템에어컨 4대, 간접조명 굿, 갭투 특급 추천, 입주도 가능",25.07.16,"['10년이내', '역세권', '방세개', '화장실두개']",남동향,28383958.214081284
경기도,용인시 기흥구,구갈동,힐스테이트기흥(주상복합),매매,201동,고/49,870000000,104.82,OWNER,,25.07.14,"['10년이내', '역세권', '방세개', '화장실두개']",남동향,27437826.27361191
경기도,용인시 기흥구,구갈동,힐스테이트기흥(주상복합),매매,202동,고/49,890000000,104.82,OWNER,"입주일협의가능,중문,고층뷰,해잘들어요,기흥역과AK연결",25.07.10,"['10년이내', '역세권', '방세개', '화장실두개']",남동향,28068580.900591493
경기도,용인시 기흥구,구갈동,힐스테이트기흥(주상복합),매매,204동,중/49,850000000,104.82,NDOC1,"시에2대,채광굿,공원뷰,상태최상 협의입주",25.07.10,"['10년이내', '역세권', '방세개', '화장실두개']",남서향,26807071.646632325
경기도,용인시 기흥구,구갈동,힐스테이트기흥(주상복합),월세,202동,고/49,3억/130,104.82,OWNER,,25.07.04,"['10년이내', '융자금적은', '역세권', '화장실두개']",남동향,
경기도,용인시 기흥구,구갈동,힐스테이트기흥(주상복합),매매,202동,고/49,880000000,104.82,OWNER,"일조량 양호.실속형 평면,집주인거주로 관리가 잘된집, 입주일은 협의",25.06.24,"['10년이내', '역세권', '방세개', '화장실두개']",남동향,27753203.587101698
경기도,용인시 기흥구,구갈동,힐스테이트기흥(주상복합),매매,205동,중/49,870000000,104.82,OWNER,"탁트인 거실및 방뷰,일조및 조망 좋아요. AC2,인덕션,집주인거주중",25.06.24,"['10년이내', '역세권', '방세개', '화장실두개']",남동향,27437826.27361191
경기도,용인시 기흥구,구갈동,힐스테이트기흥(주상복합),전세,204동,고/49,600000000,104.25,OWNER,"31A, 힐스테이트 귀한 판상형, 힐스 최고뷰, 햇살가득, 최상급 관리굿",25.07.16,"['10년이내', '역세권', '방세개', '화장실두개']",남서향,19026100.719424464
경기도,용인시 기흥구,구갈동,힐스테이트기흥(주상복합),매매,204동,저/49,910000000,104.25,OWNER,귀한타입.선호동.안정적인뷰.관리잘된집.협의가능,25.07.09,"['10년이내', '역세권', '방세개', '화장실두개']",남서향,28856252.757793766
경기도,용인시 기흥구,동백동,동백라온프라이빗테라스파크(도시형),매매,115동,1/2,650000000,95.01,OWNER,"에어컨4대설치 태양광설 공실 하시입주 1층 주방,거실 2층 방3개,다락방",25.07.18,"['10년이내', '1층', '방세개', '화장실세개']",남서향,22616148.30017893
경기도,용인시 기흥구,동백동,동백라온프라이빗테라스파크(도시형),매매,115동,1/2,580000000,95.01,MOBL,정남향 넓은정원 데크설치 어닝 태양광 방범방 ,25.07.12,"['10년이내', '마당', '1층', '복층']",남향,20180563.098621197
경기도,용인시 기흥구,동백동,동백라온프라이빗테라스파크(도시형),매매,115동,1/2,590000000,95.01,MOBL,예쁜정원  방3개 다락방 시스템에어컨 태양광 테라스 ,25.07.10,"['10년이내', '테라스', '마당', '1층']",남향,20528503.841700874
경기도,용인시 기흥구,동백동,동백라온프라이빗테라스파크(도시형),매매,119동,1/2,580000000,95.01,OWNER,"테라스 숲전망, 넓은거실, 에어컨3, 태양광, 인테리어, 하시입주 ",25.07.10,"['10년이내', '테라스', '1층', '복층']",남동향,20180563.098621197
경기도,용인시 기흥구,동백동,동백라온프라이빗테라스파크(도시형),매매,115동,1/2,598000000,95.01,MOBL,태양광 예쁜집 썬룸 시스템에어컨4대1대 햇빛잘듬,25.07.08,"['10년이내', '1층', '복층', '방세개']",남향,20806856.436164614
경기도,용인시 기흥구,동백동,동백라온프라이빗테라스파크(도시형),매매,119동,1/2,590000000,95.01,OWNER,"시스템에어컨,어닝,중문,아름다운숲뷰,주인관리깨끗",25.07.08,"['10년이내', '1층', '방네개이상', '화장실세개']",남동향,20528503.841700874
경기도,용인시 기흥구,동백동,동백라온프라이빗테라스파크(도시형),매매,120동,1/2,600000000,95.01,OWNER,산조망굿.시스템에어컨4대.관리잘된집.깨끗,25.07.04,"['10년이내', '1층', '방네개이상', '화장실세개']",남동향,20876444.584780548
경기도,용인시 기흥구,동백동,동백라온프라이빗테라스파크(도시형),매매,117동,1/2,650000000,95.01,OWNER,"넓은 마당, 태양광 설치, 시스템 에어컨4, 관리 잘 되어 깔끔.",25.06.25,"['10년이내', '마당', '1층', '방세개']",남향,22616148.30017893
경기도,용인시 기흥구,동백동,동백라온프라이빗테라스파크(도시형),매매,118동,1/2,600000000,94.88,OWNER,"시스템에어컨4대,중문,어닝,실링팬설치,입주일협의가능",25.07.10,"['10년이내', '1층', '복층', '방세개']",남동향,20905048.482293427
경기도,용인시 기흥구,동백동,동백라온프라이빗테라스파크(도시형),매매,113동,1/2,620000000,94.88,DOC,"B타입 시스템에어컨3대 1층 거실 주방 화1 2층 안방1,3층 방2,전망",25.07.21,"['10년이내', '1층', '방세개', '화장실세개']",남향,21601883.431703206
경기도,용인시 기흥구,동백동,동백라온프라이빗테라스파크(도시형),매매,121동,1/2,610000000,94.88,OWNER,"주인거주, 독립적인 프라이빗정원, 옥상테라스가 예쁜집",25.07.07,"['10년이내', '테라스', '마당', '1층']",남향,21253465.95699832
경기도,용인시 기흥구,동백동,동백라온프라이빗테라스파크(도시형),매매,116동,1/2,600000000,94.88,OWNER,마당조경 아주 예쁜집 주방확장인테리어 넓은거실 옥상테라스 지하주차장편리,25.07.05,"['10년이내', '테라스', '마당', '1층']",남향,20905048.482293427
경기도,용인시 기흥구,동백동,동백라온프라이빗테라스파크(도시형),매매,118동,1/2,600000000,94.88,OWNER,남향  즉시입주가능  태양광  인덕션  인텔되어  살기좋은집,25.07.03,"['10년이내', '1층', '방두개', '화장실세개']",남향,20905048.482293427
경기도,용인시 기흥구,동백동,동백라온프라이빗테라스파크(도시형),매매,111동,1/3,568000000,93.88,OWNER,"다락테라스, 넓은정원, 태양광, 중문, 주인거주로 관리잘됨, 정상입주 ",25.07.21,"['10년이내', '테라스', '마당', '1층']",남동향,20000914.784831703
경기도,용인시 기흥구,동백동,동백라온프라이빗테라스파크(도시형),매매,102동,1/3,610000000,93.88,OWNER,관리잘되고 위치좋은집.입주일협의가능,25.07.21,"['10년이내', '1층', '복층', '방세개']",남서향,21479855.666808695
경기도,용인시 기흥구,동백동,동백라온프라이빗테라스파크(도시형),매매,109동,1/3,570000000,93.88,OWNER,"에어컨4,태양광설치,인테리어및 옥상방수공사,정상입주",25.07.17,"['10년이내', '1층', '복층', '방세개']",남동향,20071340.54111632
경기도,용인시 기흥구,동백동,동백라온프라이빗테라스파크(도시형),매매,107동,1/3,580000000,93.88,OWNER,"시스템에어컨4대,마당데크,단열필름,중문,줄눈시공 등",25.07.15,"['10년이내', '마당', '1층', '방세개']",남향,20423469.32253941
경기도,용인시 기흥구,동백동,동백라온프라이빗테라스파크(도시형),매매,101동,1/3,590000000,93.88,OWNER,"테라스산전망, 출입편리한 동, 태양광, 관리잘되어 아주깨끗, 세안고",25.07.10,"['10년이내', '테라스', '1층', '복층']",남동향,20775598.10396251
경기도,용인시 기흥구,동백동,동백라온프라이빗테라스파크(도시형),매매,103동,1/3,650000000,93.88,OWNER,"올리모델링함.에어컨4대,다락방바닥난방,입주가능",25.07.08,"['10년이내', '1층', '복층', '방세개']",남동향,22888370.79250107
경기도,용인시 기흥구,동백동,동백라온프라이빗테라스파크(도시형),매매,105동,1/3,600000000,93.88,DOCV2,"태양광, 주인거주로 관리잘됨, 초중고인접, 입주시기협의 ",25.07.10,"['10년이내', '1층', '방세개', '화장실세개']",남동향,21127726.885385603
경기도,용인시 기흥구,동백동,동백라온프라이빗테라스파크(도시형),매매,107동,1/3,580000000,93.88,OWNER,"가장넓은정원.태양열,중문설치.깨끗",25.07.04,"['10년이내', '마당', '1층', '복층']",남향,20423469.32253941
경기도,용인시 기흥구,동백동,동백라온프라이빗테라스파크(도시형),매매,103동,1/3,600000000,93.88,OWNER,시스템에어컨.넓은마당.엄청깨끗.이사협의가,25.07.04,"['10년이내', '마당', '1층', '복층']",남동향,21127726.885385603
경기도,용인시 기흥구,동백동,동백라온프라이빗테라스파크(도시형),매매,110동,1/3,650000000,93.88,OWNER,주차2대  시스템에어컨3  넓은방2  주인거주  완전깨끗 관리굿,25.07.03,"['10년이내', '1층', '복층', '방두개']",남향,22888370.79250107
경기도,용인시 기흥구,동백동,동백라온프라이빗테라스파크(도시형),매매,111동,1/3,570000000,93.88,OWNER,급매. 추천. 리모델링.신축급.태양광설치.거실넓음,25.07.03,"['10년이내', '1층', '복층', '급매']",남향,20071340.54111632
경기도,용인시 기흥구,동백동,동백라온프라이빗테라스파크(도시형),매매,112동,1/3,570000000,93.88,OWNER,"추천,시스템에어컨,태양광,숲전망,정상입주",25.06.30,"['10년이내', '1층', '복층', '방세개']",남향,20071340.54111632
경기도,용인시 기흥구,동백동,동백라온프라이빗테라스파크(도시형),매매,103동,1/3,600000000,93.88,NONE,"시스템에어컨3,어닝,깨끗,입주일협의가능",25.07.21,"['10년이내', '1층', '방네개이상', '화장실세개']",남동향,21127726.885385603
경기도,용인시 기흥구,동백동,동백라온프라이빗테라스파크(도시형),매매,111동,1/3,590000000,93.88,NONE,"올수리,넓은마당,다락테라스,태양광,주인거주,입주협의",25.07.15,"['10년이내', '올수리', '테라스', '마당']",남향,20775598.10396251
경기도,용인시 기흥구,동백동,동백라온프라이빗테라스파크(도시형),매매,102동,1/3,610000000,93.88,NONE,"급매,넓은정원,예쁜연못뷰,깨끗한관리,정상입주협의",25.07.15,"['10년이내', '마당', '1층', '급매']",남동향,21479855.666808695
경기도,용인시 기흥구,동백동,동백마을동원로얄듀크,매매,103동,10/18,600000000,146.71,OWNER,올확장 주방 3년전 화이트로 인테리어 주인거주 21년된 보일러교체,25.07.19,"['25년이내', '보일러교체', '대형평수', '방네개이상']",남서향,13519671.460704792
경기도,용인시 기흥구,동백동,동백마을동원로얄듀크,매매,103동,16/18,600000000,146.71,OWNER,올확장 대리석 상태깨끗,25.07.19,"['25년이내', '대형평수', '방네개이상', '화장실두개']",남서향,13519671.460704792
경기도,용인시 기흥구,동백동,동백마을동원로얄듀크,매매,103동,5/18,600000000,146.71,OWNER,기본집 LED 욕실수리 전세안고 매매 3억2천 2027 6월만기,25.07.19,"['25년이내', '욕실수리', '대형평수', '방네개이상']",남서향,13519671.460704792
경기도,용인시 기흥구,동백동,동백마을동원로얄듀크,매매,101동,11/16,600000000,146.71,OWNER,거실 방2 확장 부분수리해서 상태깨끗 호수공원뷰 보임,25.07.19,"['25년이내', '대형평수', '방네개이상', '화장실두개']",남서향,13519671.460704792
경기도,용인시 기흥구,동백동,동백마을동원로얄듀크,매매,104동,13/19,600000000,146.71,OWNER,기본집 주인거주 조망권 공기우수 조용한동,25.07.19,"['25년이내', '대형평수', '방네개이상', '화장실두개']",남서향,13519671.460704792
경기도,용인시 기흥구,동백동,동백마을동원로얄듀크,매매,102동,14/18,590000000,146.71,OWNER,로얄동 로얄층 올확장 최근 씽크대교체,25.07.19,"['25년이내', '대형평수', '방네개이상', '화장실두개']",남서향,13294343.603026379
경기도,용인시 기흥구,동백동,동백마을동원로얄듀크,매매,104동,8/19,600000000,146.71,OWNER,기본형 조용한동 이마트 대중교통이용편리,25.07.18,"['25년이내', '대형평수', '방네개이상', '화장실두개']",남서향,13519671.460704792
경기도,용인시 기흥구,동백동,동백마을동원로얄듀크,매매,104동,10/19,590000000,146.71,OWNER,최근 인테리 수리 된 집 입주일 협의가능,25.07.15,"['25년이내', '대형평수', '방네개이상', '화장실두개']",남서향,13294343.603026379
경기도,용인시 기흥구,동백동,동백마을동원로얄듀크,매매,103동,고/18,610000000,146.71,OWNER,급매  확장형 주인거주 집상태  방 4개 매우 좋음,25.07.17,"['25년이내', '급매', '대형평수', '방네개이상']",남서향,13744999.318383206
경기도,용인시 기흥구,동백동,동백마을동원로얄듀크,매매,102동,18/18,600000000,146.71,OWNER,최고전망좋은 귀한탑층 옥탑방 원목계단 씽크대 안방화장실한샘수리 깨끗,25.07.10,"['25년이내', '대형평수', '탑층', '방네개이상']",남서향,13519671.460704792
경기도,용인시 기흥구,동백동,동백마을동원로얄듀크,매매,101동,9/16,580000000,146.71,OWNER,"호수뷰 굿,어정역,어정초.어정중 ,집상태 깨끗함",25.07.09,"['25년이내', '대형평수', '방네개이상', '화장실두개']",남서향,13069015.745347966
경기도,용인시 기흥구,동백동,동백마을동원로얄듀크,매매,101동,1/16,560000000,146.71,OWNER,귀한1층 확장형 어정초 이마트중심상권 편의시설 교통편리 가격조정가,25.07.09,"['25년이내', '1층', '대형평수', '방네개이상']",남서향,12618360.029991139
경기도,용인시 기흥구,동백동,동백마을동원로얄듀크,전세,104동,중/19,450000000,146.71,OWNER,최근  올인테리 수리된 집 하시입주 가능,25.07.15,"['25년이내', '융자금없는', '대형평수', '방네개이상']",남서향,10139753.595528595
경기도,용인시 기흥구,동백동,동백마을동원로얄듀크,매매,104동,15/19,600000000,146.71,OWNER,기본형 전망굿 조용한동 초등학교 이마트 정류장인접,25.07.05,"['25년이내', '대형평수', '방네개이상', '화장실두개']",남서향,13519671.460704792
경기도,용인시 기흥구,동백동,동백마을동원로얄듀크,매매,101동,7/16,650000000,146.71,OWNER,올확장 전망좋은 앞동 통학 주차편리,25.07.05,"['25년이내', '대형평수', '방네개이상', '화장실두개']",남서향,14646310.749096857
경기도,용인시 기흥구,동백동,동백마을동원로얄듀크,매매,103동,저/18,600000000,146.71,OWNER,트인전망 올확장 내부깨끗함 이마트 광역버스 초등학교인접,25.07.08,"['25년이내', '대형평수', '방네개이상', '화장실두개']",남서향,13519671.460704792
경기도,용인시 기흥구,동백동,동백마을동원로얄듀크,매매,103동,중/18,600000000,146.71,OWNER,세안고 올인테리어 확장 시스템에어컨 아주깨끗,25.06.26,"['25년이내', '대형평수', '방네개이상', '화장실두개']",남서향,13519671.460704792
경기도,용인시 기흥구,동백동,동백마을동원로얄듀크,매매,106동,3/18,520000000,109.65,OWNER,거실폴딩도어 기본상태 폴딩도어 설치해서 확장이상,25.07.19,"['25년이내', '방세개', '화장실두개', '세대당 1.5대이상']",남서향,15677229.36616507
경기도,용인시 기흥구,동백동,동백마을동원로얄듀크,매매,106동,5/18,490000000,109.65,OWNER,거실입구방 확장 이마트중심상권 교통편리 호수공원인근,25.07.19,"['25년이내', '방세개', '화장실두개', '세대당 1.5대이상']",남서향,14772773.825809393
경기도,용인시 기흥구,동백동,동백마을동원로얄듀크,매매,106동,7/18,520000000,109.65,OWNER,이마트중심상권  호수공원인접  광역버스교통편리,25.07.19,"['25년이내', '방세개', '화장실두개', '중층']",남서향,15677229.36616507
경기도,용인시 기흥구,동백동,동백마을동원로얄듀크,전세,106동,중/18,400000000,109.65,OWNER,거실 방1확장 스탠드에어컨 씽크대 전등 도배 장판교체  빠른입주가,25.07.05,"['25년이내', '방세개', '화장실두개', '중층']",남서향,12059407.204742363
경기도,용인시 기흥구,동백동,동백마을동원로얄듀크,매매,105동,4/18,500000000,109.65,OWNER,확장형 집상태 매우 깨끗함 전세끼고 매매,25.06.23,"['25년이내', '방세개', '화장실두개', '세대당 1.5대이상']",남서향,15074259.005927954
경기도,용인시 기흥구,동백동,동백마을동원로얄듀크,매매,106동,중/18,450000000,109.65,DOC,세안고 매수 남서향으로 햇빛잘듬 깨끗한집,25.07.10,"['25년이내', '방세개', '화장실두개', '중층']",남서향,13566833.105335157
경기도,용인시 기흥구,동백동,동백마을동원로얄듀크,매매,105동,고/18,520000000,109.65,OWNER,세안고 이마트 초등학교 정류장인접 주차장,25.06.26,"['25년이내', '방세개', '화장실두개', '고층']",남서향,15677229.36616507
경기도,용인시 기흥구,동백동,동백코아루스칸디나하우스,매매,129동,1/3,500000000,99.75,OWNER,"넓은마당,방4,위치좋음, 입주일협의",25.07.21,"['10년이내', '마당', '1층', '복층']",남동향,16570350.877192983
경기도,용인시 기흥구,동백동,동백코아루스칸디나하우스,매매,126동,1/3,510000000,94.24,OWNER,"시스템에어컨2대, 정상입주",25.07.19,"['10년이내', '1층', '방세개', '화장실세개']",남동향,17889965.513582345
경기도,용인시 기흥구,동백동,동백코아루스칸디나하우스,매매,126동,1/3,480000000,94.24,OWNER,추천 가격조정 예쁜정원  옥상방수 테라스 에어컨4대  태양광 인테리어된집,25.07.16,"['10년이내', '테라스', '마당', '1층']",남동향,16837614.60101868
경기도,용인시 기흥구,동백동,동백코아루스칸디나하우스,매매,131동,1/3,500000000,94.24,OWNER,"산전망,위치굿,중문설치,어닝,정상입주",25.07.14,"['10년이내', '1층', '복층', '방세개']",남동향,17539181.876061123
경기도,용인시 기흥구,동백동,동백코아루스칸디나하우스,매매,125동,1/3,480000000,94.24,NONE,"아주깨끗,입주일협의가능",25.07.21,"['10년이내', '1층', '방세개', '화장실두개']",남동향,16837614.60101868
경기도,용인시 기흥구,동백동,동백코아루스칸디나하우스,매매,122동,1/3,480000000,92.72,OWNER,"주차2대,등,도배새로함,에어컨3대,인덕션,식기세척기,아주깨끗",25.07.17,"['10년이내', '1층', '복층', '방세개']",남동향,17113641.069887836
경기도,용인시 기흥구,동백동,동백코아루스칸디나하우스,매매,123동,1/3,510000000,92.72,OWNER,"예쁜정원테라스,잘관리된마당,울타리설치,백현초중고 바로앞,주인거주",25.07.05,"['10년이내', '테라스', '마당', '1층']",남동향,18183243.636755824
경기도,용인시 기흥구,동백동,동백코아루스칸디나하우스,매매,123동,1/3,450000000,92.72,OWNER,,25.07.02,"['10년이내', '1층', '방세개', '화장실두개']",남동향,16044038.503019845
경기도,용인시 기흥구,동백동,동백코아루스칸디나하우스,매매,123동,1/3,510000000,92.72,NONE,"관리잘된집,위치좋음.정상입주",25.07.14,"['10년이내', '1층', '방세개', '화장실두개']",남동향,18183243.636755824
경기도,용인시 기흥구,동백동,동백코아루스칸디나하우스,매매,117동,1/3,410000000,92.52,NONE,공가 급매  잔디마당  테라스  다락방 조정가  하시입주   ,25.07.09,"['10년이내', '테라스', '마당', '1층']",동향,14649501.188932125
경기도,용인시 기흥구,동백동,동백코아루스칸디나하우스,매매,114동,1/3,460000000,92.51,OWNER,"시스템에어컨2대,텃밭,관리잘된집,입주일협의가능",25.06.30,"['10년이내', '1층', '복층', '방세개']",남동향,16437802.39974057
경기도,용인시 기흥구,동백동,동백코아루스칸디나하우스,매매,118동,1/3,500000000,92.51,OWNER,태양광 시스템에어컨 넓은정원 및 텃밭 주인거주 관리잘됨,25.06.26,"['10년이내', '마당', '1층', '복층']",동향,17867176.52145714
경기도,용인시 기흥구,동백동,동백코아루스칸디나하우스,매매,112동,1/3,450000000,92.37,OWNER,급매 강추 집관리가 잘된 아주깨끗 옥상테라스 예쁜정원,25.07.14,"['10년이내', '테라스', '마당', '1층']",남동향,16104831.113998052
경기도,용인시 기흥구,동백동,동백코아루스칸디나하우스,전세,113동,1/3,370000000,92.37,OWNER,"시스템에어컨,아주깨끗,주차2대",25.07.10,"['10년이내', '1층', '복층', '방세개']",남동향,13241750.027065065
경기도,용인시 기흥구,동백동,동백코아루스칸디나하우스,매매,113동,1/3,450000000,92.37,OWNER,"시스템에어컨4, 넓은마당, 관리잘되어 아주깨끗, 8월중순부터 협의 ",25.07.09,"['10년이내', '마당', '1층', '방세개']",남동향,16104831.113998052
경기도,용인시 기흥구,동백동,백현마을경남아너스빌,매매,2802동,8/20,460000000,109.26,OWNER,최신 올인테리어.폴딩도어.에어컨2대포함.전망굿.엄청깨끗,25.07.21,"['25년이내', '방세개', '화장실두개', '중층']",남서향,13917820.794435292
경기도,용인시 기흥구,동백동,백현마을경남아너스빌,매매,2804동,20/20,470000000,109.26,OWNER,"탑층,올확장,다락확장,테라스확장, 집상태깨끗,전세안고27년 4월",25.07.21,"['25년이내', '테라스', '탑층', '방세개']",남향,14220382.11605345
경기도,용인시 기흥구,동백동,백현마을경남아너스빌,매매,2806동,11/19,415000000,109.26,OWNER,"기본구조,전망,입주일협의가능",25.07.17,"['25년이내', '방세개', '화장실두개', '중층']",남동향,12556294.847153578
경기도,용인시 기흥구,동백동,백현마을경남아너스빌,매매,2806동,18/19,450000000,109.26,OWNER,"올확장.도배,LED수리.산조망굿.엄청깨끗",25.07.15,"['25년이내', '방세개', '화장실두개', '고층']",남향,13615259.472817134
경기도,용인시 기흥구,동백동,백현마을경남아너스빌,매매,2806동,14/19,445000000,109.26,OWNER,"최근화이트올수리, 확장, 확트인조망, 주인거주,깨끗, ",25.07.14,"['25년이내', '올수리', '방세개', '화장실두개']",남향,13463978.812008053
경기도,용인시 기흥구,동백동,백현마을경남아너스빌,매매,2806동,2/19,395000000,109.26,OWNER,"전세안고, 기본, 도배,LED등교체, 아주깨끗,확트인전망",25.07.14,"['25년이내', '방세개', '화장실두개', '세대당1대']",남향,11951172.203917261
경기도,용인시 기흥구,동백동,백현마을경남아너스빌,매매,2806동,19/19,480000000,109.26,MOBL,"탑층다락방계단시공됨,전체인테리어된집,11월중협의",25.07.10,"['25년이내', '탑층', '방세개', '화장실두개']",남향,14522943.43767161
경기도,용인시 기흥구,동백동,백현마을경남아너스빌,매매,2803동,14/20,450000000,109.26,OWNER,"트인뷰의 로얄동,기본형,부분수리.깨끗.",25.07.09,"['25년이내', '방세개', '화장실두개', '고층']",남서향,13615259.472817134
경기도,용인시 기흥구,동백동,백현마을경남아너스빌,매매,2805동,저/19,420000000,109.26,OWNER,"올확장.엄청깨끗.led전등,가스레인지,필름지수리.이사협의가.",25.07.15,"['25년이내', '방세개', '화장실두개', '세대당1대']",남향,12707575.507962659
경기도,용인시 기흥구,동백동,백현마을경남아너스빌,매매,2804동,중/20,440000000,109.26,OWNER,세안고.깨끗.전망,25.07.15,"['25년이내', '방세개', '화장실두개', '중층']",남서향,13312698.151198976
경기도,용인시 기흥구,동백동,백현마을경남아너스빌,매매,2805동,고/19,480000000,109.26,OWNER,"화이트올수리 ,올확장,복층형탑층,넓은테라스, 주인거주,아주깨끗,이사협의",25.07.14,"['25년이내', '올수리', '테라스', '복층']",남동향,14522943.43767161
경기도,용인시 기흥구,동백동,백현마을경남아너스빌,매매,2805동,2/19,450000000,109.26,DOC,"올확장수리,주인거주, 아주깨끗, 정상입주, 앞이확트인이쁜조망",25.07.15,"['25년이내', '방세개', '화장실두개', '세대당1대']",남향,13615259.472817134
경기도,용인시 기흥구,동백동,백현마을경남아너스빌,매매,2801동,중/20,430000000,109.26,OWNER,"산조망굿.깨끗.LED,싱크대부분수리.이사협의가.",25.07.08,"['25년이내', '방세개', '화장실두개', '중층']",남향,13010136.829580816
경기도,용인시 기흥구,동백동,백현마을경남아너스빌,매매,2807동,중/20,430000000,109.26,OWNER,"기본,씽크대,화장실,도배,장판, LED등교체, 주인거주아주깨끗, 이사협의",25.07.03,"['25년이내', '방세개', '화장실두개', '중층']",남향,13010136.829580816
경기도,용인시 기흥구,동백동,백현마을경남아너스빌,매매,2801동,중/20,420000000,109.26,DOC,"기본, LED등교체, 도배, 전망좋은집, 이사협의",25.06.30,"['25년이내', '방세개', '화장실두개', '중층']",남향,12707575.507962659
경기도,용인시 기흥구,동백동,백현마을경남아너스빌,매매,2804동,20/20,470000000,109.26,NONE,"올확장,탑층,다락방,테라스,세안고27년4월29일",25.07.18,"['25년이내', '테라스', '탑층', '방세개']",남향,14220382.11605345
경기도,용인시 기흥구,동백동,백현마을경남아너스빌,매매,2805동,8/19,650000000,109.18,OWNER,홀확장 2년내올인테리어 12월입주 전망좋음,25.07.05,"['25년이내', '방세개', '화장실두개', '중층']",남동향,19680896.226415094
경기도,용인시 기흥구,동백동,백현마을경남아너스빌,매매,2803동,19/20,440000000,109.08,OWNER,"로얄동,트인뷰,거실확장,중간라인,관리잘된집.",25.07.21,"['25년이내', '방세개', '화장실두개', '고층']",남향,13334666.29996333
경기도,용인시 기흥구,동백동,백현마을경남아너스빌,매매,2802동,중/20,490000000,109.08,OWNER,최근올수리인테리어.올확장.엄청깨끗.이사협의가,25.07.10,"['25년이내', '올수리', '방세개', '화장실두개']",남향,14849969.288595526
경기도,용인시 기흥구,동백동,백현마을경남아너스빌,매매,2804동,고/20,430000000,108.96,OWNER,"기본, 1년전수리, 씽크대교체,도배,LED등,중문, 화장실부분수리 주인거",25.07.17,"['25년이내', '방세개', '화장실두개', '고층']",남서향,13045957.690895744
경기도,용인시 기흥구,동백동,백현마을서해그랑블,매매,2606동,21/25,490000000,111.16,OWNER,"최근 올확장인테리어 A타입으로, 전망 굿, 세안고",25.07.14,"['25년이내', '방세개', '화장실두개', '고층']",남향,14572100.125944585
경기도,용인시 기흥구,동백동,백현마을서해그랑블,매매,2606동,23/25,450000000,111.16,OWNER,"거실, 방1 확장.전망굿.채광굿.깨끗.초중고 학교 근거리단지",25.07.14,"['25년이내', '방세개', '화장실두개', '고층']",남향,13382540.931989925
경기도,용인시 기흥구,동백동,백현마을서해그랑블,매매,2608동,5/20,450000000,110.35,OWNER,기본형  조망좋은집  주인거주  관리잘됨,25.07.21,"['25년이내', '방세개', '화장실두개', '세대당1대']",남향,13480772.5419121
경기도,용인시 기흥구,동백동,백현마을서해그랑블,매매,2605동,6/21,470000000,110.35,OWNER,"올확장형,초,중,고 밀집지역,입주협의가능함",25.07.21,"['25년이내', '방세개', '화장실두개', '세대당1대']",남향,14079917.988219306
경기도,용인시 기흥구,동백동,백현마을서해그랑블,매매,2604동,4/20,450000000,110.35,OWNER,"이쁜단지뷰,거실확장,씽크대교체,화단철거,입주협의",25.07.18,"['25년이내', '방세개', '화장실두개', '세대당1대']",남향,13480772.5419121
경기도,용인시 기흥구,동백동,백현마을서해그랑블,매매,2604동,15/20,440000000,110.35,OWNER,"올확장, 깨끗하게 관리된 집, 초중고 가까이",25.07.18,"['25년이내', '방세개', '화장실두개', '고층']",남향,13181199.818758497
경기도,용인시 기흥구,동백동,백현마을서해그랑블,매매,2603동,4/17,430000000,110.35,OWNER,"올확장, 이쁜 정원뷰, 깨끗함, 세안고",25.07.17,"['25년이내', '방세개', '화장실두개', '세대당1대']",남향,12881627.095604895
경기도,용인시 기흥구,동백동,백현마을서해그랑블,매매,2603동,15/17,450000000,110.35,OWNER,거실확장.채광굿.초.중.고5분.주인세대.빠른입주가능,25.07.17,"['25년이내', '방세개', '화장실두개', '고층']",남향,13480772.5419121
경기도,용인시 기흥구,동백동,백현마을서해그랑블,매매,2605동,8/21,450000000,110.35,OWNER,"올확장, 아주깨끗, 중간라인, 씽크대, 바닥교체 , 세안고",25.07.16,"['25년이내', '방세개', '화장실두개', '중층']",남향,13480772.5419121
경기도,용인시 기흥구,동백동,백현마을서해그랑블,매매,2601동,18/18,465000000,110.35,OWNER,탑층.넓은다락방.초중고인접.,25.07.16,"['25년이내', '탑층', '방세개', '화장실두개']",남향,13930131.626642503
경기도,용인시 기흥구,동백동,백현마을서해그랑블,매매,2604동,12/20,455000000,110.35,OWNER,"확장, 주인거주, 깨끗하게 관리된 가운데라인 집, 초중고 가까이",25.07.15,"['25년이내', '방세개', '화장실두개', '중층']",남향,13630558.9034889
경기도,용인시 기흥구,동백동,백현마을서해그랑블,매매,2605동,7/21,470000000,110.35,OWNER,"올확장, 인테리어하고 깨끗하게 관리됨, 초중고 가까이, 주인거주",25.07.15,"['25년이내', '방세개', '화장실두개', '세대당1대']",남향,14079917.988219306
경기도,용인시 기흥구,동백동,백현마을서해그랑블,매매,2608동,10/20,470000000,110.35,OWNER,"거실,입구방,주방 확장형 주인거주 깨끗 관리잘된 채광굿 9월초경 이사원함",25.07.14,"['25년이내', '방세개', '화장실두개', '중층']",남향,14079917.988219306
경기도,용인시 기흥구,동백동,백현마을서해그랑블,매매,2605동,8/21,450000000,110.35,OWNER,"확장,빠른입주 가능,",25.07.11,"['25년이내', '방세개', '화장실두개', '중층']",남향,13480772.5419121
경기도,용인시 기흥구,동백동,백현마을서해그랑블,매매,2604동,9/20,470000000,110.35,OWNER,"따뜻한기본형구조,주인거주중깔끔한집,기본수리완료,입주협의",25.07.10,"['25년이내', '방세개', '화장실두개', '중층']",남향,14079917.988219306
경기도,용인시 기흥구,동백동,백현마을서해그랑블,매매,2605동,6/21,450000000,110.35,OWNER,올확장 중간라인 정원뷰 초중고 근거리,25.07.10,"['25년이내', '방세개', '화장실두개', '세대당1대']",남향,13480772.5419121
경기도,용인시 기흥구,동백동,백현마을서해그랑블,매매,2605동,1/21,460000000,110.35,OWNER,"추천.귀한높은1층.정원사용.거실.방1확장, 올수리한집.깨끗함. ",25.07.08,"['25년이내', '올수리', '마당', '1층']",남향,13780345.265065702
경기도,용인시 기흥구,동백동,백현마을서해그랑블,매매,2604동,3/20,445000000,110.35,OWNER,"기본, 주인거주, 예쁜 정원뷰, 싱크대교체 등 부분수리, 에어컨, 안방장",25.07.08,"['25년이내', '주방교체', '방세개', '화장실두개']",남향,13330986.180335298
경기도,용인시 기흥구,동백동,백현마을서해그랑블,매매,2605동,5/21,460000000,110.35,OWNER,"올확장,중간라인,세안고",25.07.04,"['25년이내', '방세개', '화장실두개', '세대당1대']",남향,13780345.265065702
경기도,용인시 기흥구,동백동,백현마을서해그랑블,매매,2601동,3/18,470000000,110.35,OWNER,올확장 단지정원뷰 채광 좋은집 깨끗 초중고학교 근거리 단지,25.07.03,"['25년이내', '방세개', '화장실두개', '세대당1대']",남향,14079917.988219306
경기도,용인시 기흥구,동백동,백현마을서해그랑블,매매,2604동,중/20,550000000,110.35,OWNER,부분수리 도배 LED 집상태최고 채광통풍 우수,25.07.07,"['25년이내', '방세개', '화장실두개', '중층']",남향,16476499.77344812
경기도,용인시 기흥구,동백동,백현마을서해그랑블,매매,2608동,19/20,480000000,110.35,OWNER,"석성산뷰,도배,조명,베란다타일,후드시공완료,주인거주,아주깨끗",25.06.25,"['25년이내', '방세개', '화장실두개', '고층']",남향,14379490.711372906
경기도,용인시 기흥구,동백동,백현마을서해그랑블,매매,2608동,저/20,445000000,110.35,OWNER,욕실.주방.바닥교체.예쁜 조망.,25.06.30,"['25년이내', '방세개', '화장실두개', '세대당1대']",남향,13330986.180335298
경기도,용인시 기흥구,동백동,백현마을서해그랑블,매매,2601동,15/18,450000000,110.35,NONE,기본형 중간라인 주인세대 초중고 학교 근거리단지,25.07.17,"['25년이내', '방세개', '화장실두개', '고층']",남향,13480772.5419121
경기도,용인시 기흥구,동백동,백현마을서해그랑블,매매,2605동,8/21,450000000,110.35,NONE,공실 올확장 청소완료 초중고 인접 상가인접 주인살던집 ,25.07.09,"['25년이내', '방세개', '화장실두개', '중층']",남향,13480772.5419121
경기도,용인시 기흥구,동백동,백현마을서해그랑블,매매,2601동,14/18,450000000,110.35,NONE,공실 기본 인테리어공사기간드림 확틔인전망굿 교통편리 상가인접,25.06.23,"['25년이내', '방세개', '화장실두개', '고층']",남향,13480772.5419121
경기도,용인시 기흥구,동백동,백현마을코아루,매매,2204동,13/20,650000000,153.42,OWNER,"확장형,중간라인,공원전망,지하엘베연결,이사협의",25.07.21,"['25년이내', '대형평수', '방네개이상', '화장실두개']",남향,14005737.517924653
경기도,용인시 기흥구,동백동,백현마을코아루,매매,2206동,7/20,620000000,153.42,OWNER,"기본형,방4,단지조망권,정상입주",25.07.19,"['25년이내', '대형평수', '방세개', '화장실두개']",남향,13359318.863251207
경기도,용인시 기흥구,동백동,백현마을코아루,매매,2204동,12/20,640000000,153.42,OWNER,"로얄동,공원전망뷰,중간라인,화이트톤수리,주인거주,아주깨끗,지하엘베연결",25.07.14,"['25년이내', '대형평수', '방네개이상', '화장실두개']",남향,13790264.633033505
경기도,용인시 기흥구,동백동,백현마을코아루,매매,2206동,8/20,630000000,153.42,OWNER,"완전깨끗.화단철거,발코니마루시공,중간라인.지하엘베연결.상권교통편리,이사협",25.07.02,"['25년이내', '대형평수', '방네개이상', '화장실두개']",남향,13574791.748142356
경기도,용인시 기흥구,동백동,백현마을코아루,매매,2204동,중/20,670000000,153.42,OWNER,확장형 로얄동 공원전망 깨끗 정상입주 가격협의,25.07.08,"['25년이내', '대형평수', '방세개', '화장실두개']",남향,14436683.287706949
경기도,용인시 기흥구,동백동,백현마을코아루,매매,2206동,중/20,600000000,153.42,OWNER,"방1확장,중간라인,주인거주아주깨끗,백현상가근거리,초중고도보5분",25.07.08,"['25년이내', '대형평수', '방세개', '화장실두개']",남향,12928373.093468912
경기도,용인시 기흥구,동백동,백현마을코아루,매매,2206동,2/20,650000000,153.42,OWNER,"거실확장,방2확장,화장실싱크대교체,도배led,주인거주,지하엘베연결",25.06.26,"['25년이내', '주방교체', '대형평수', '방네개이상']",남향,14005737.517924653
경기도,용인시 기흥구,동백동,백현마을코아루,매매,2205동,9/20,610000000,153.42,OWNER,"기본형,방4개,전망굿,아주깨끗,세안고,지하엘베연결",25.06.26,"['25년이내', '대형평수', '방네개이상', '화장실두개']",남향,13143845.978360059
경기도,용인시 기흥구,동백동,백현마을코아루,매매,2204동,12/20,640000000,153.42,NONE,"화이트톤인텔,로얄층,가운데라인,주인거주,입주협의",25.07.21,"['25년이내', '대형평수', '방네개이상', '화장실두개']",남향,13790264.633033505
경기도,용인시 기흥구,동백동,백현마을코아루,매매,2201동,2/23,530000000,112.98,OWNER,"거실, 방1개확장 필로티 주인거주 깨끗함.",25.07.21,"['25년이내', '필로티', '방한개', '화장실두개']",남향,15507754.027261464
경기도,용인시 기흥구,동백동,백현마을코아루,매매,2201동,16/23,520000000,112.98,OWNER,올확장 올수리 주인거주 입주일 협의,25.07.21,"['25년이내', '올수리', '방세개', '화장실두개']",남서향,15215154.894671623
경기도,용인시 기흥구,동백동,백현마을코아루,매매,2201동,15/23,510000000,112.98,NDOC1,"학세권, 기본형, 입구동, 관리 잘 되어 있음",25.07.21,"['25년이내', '방세개', '화장실두개', '중층']",남서향,14922555.762081785
경기도,용인시 기흥구,동백동,백현마을코아루,매매,2201동,19/23,550000000,112.98,OWNER,올확장 아주깨끗 정남향 정상입주 ,25.07.20,"['25년이내', '방세개', '화장실두개', '고층']",남향,16092952.292441139
경기도,용인시 기흥구,동백동,백현마을코아루,매매,2201동,18/23,560000000,112.98,OWNER,"화이트인테리어,입구방확장,화장실,주방수리,주인거주,지하엘베연결",25.07.19,"['25년이내', '주방교체', '방세개', '화장실두개']",남서향,16385551.42503098
경기도,용인시 기흥구,동백동,백현마을코아루,매매,2203동,4/21,510000000,112.98,OWNER,"거실확장형,정원뷰,도배,LED,중간라인,아주깨끗,세안고,지하엘베연결",25.07.19,"['25년이내', '방세개', '화장실두개', '세대당1대']",남서향,14922555.762081785
경기도,용인시 기흥구,동백동,백현마을코아루,매매,2203동,11/21,600000000,112.98,OWNER,"확장, 최근 인테리어 화이트, 공원 전망, 엘리베이터 지하주차장 연결",25.07.16,"['25년이내', '방세개', '화장실두개', '중층']",남향,17555947.955390334
경기도,용인시 기흥구,동백동,백현마을코아루,매매,2203동,10/21,530000000,112.98,OWNER,기본형.중간라인.산전망뷰.지하엘베연결.이시협의,25.07.14,"['25년이내', '방세개', '화장실두개', '중층']",남서향,15507754.027261464
경기도,용인시 기흥구,동백동,백현마을코아루,매매,2203동,7/21,520000000,112.98,OWNER,올확장.산전망뷰.지하엘베연결.상권교통편리,25.07.14,"['25년이내', '방세개', '화장실두개', '세대당1대']",남향,15215154.894671623
경기도,용인시 기흥구,동백동,백현마을코아루,매매,2202동,고/21,570000000,112.98,OWNER,"화이트인테리어,올확장.지하엘베연결.중간라인.상권교통편리.이사협의",25.07.16,"['25년이내', '방세개', '화장실두개', '고층']",남향,16678150.557620818
경기도,용인시 기흥구,동백동,백현마을코아루,매매,2202동,3/21,530000000,112.98,OWNER,거실확장 방1개확장 깨끗 엘베연결,25.07.04,"['25년이내', '방한개', '화장실두개', '세대당1대']",남서향,15507754.027261464
경기도,용인시 기흥구,동백동,백현마을코아루,매매,2203동,9/21,530000000,112.98,OWNER,"기본형,산전망뷰,도배탄성led등 수리완료,아주깨끗,11월협의,지하엘베연결",25.07.02,"['25년이내', '방세개', '화장실두개', '중층']",남서향,15507754.027261464
경기도,용인시 기흥구,동백동,백현마을코아루,매매,2201동,2/23,530000000,112.98,NONE,피로티 주인거주 수리되어 아주깨끗 상가바로앞 초중고 인접,25.07.21,"['25년이내', '방세개', '화장실두개', '세대당1대']",남향,15507754.027261464
경기도,용인시 기흥구,동백동,백현마을코아루,매매,2201동,15/23,510000000,112.98,NONE,기본 중간라인 이사날짜협의 동백초 중 고 인접 상가 앞,25.07.17,"['25년이내', '방세개', '화장실두개', '중층']",남향,14922555.762081785
경기도,용인시 기흥구,동백동,백현마을코아루,매매,2201동,16/23,520000000,112.98,NONE,올확장 주인거주 깔끔하게관리잘된집 백현상가앞 동백초 교통편리,25.07.03,"['25년이내', '방세개', '화장실두개', '고층']",남향,15215154.894671623
경기도,용인시 기흥구,동백동,백현마을코아루,매매,2201동,10/23,580000000,112.98,NONE,화이트인테리어.중간라인.남향.매우깨끗.교통상권편리.이사협의,25.06.30,"['25년이내', '방세개', '화장실두개', '중층']",남향,16970749.690210655
경기도,용인시 기흥구,동백동,백현마을코아루,매매,2201동,2/23,530000000,112.98,NONE,피로티2층 확장형 일부수리 깨끗 엘베연결 상가편리,25.06.23,"['25년이내', '방세개', '화장실두개', '세대당1대']",남향,15507754.027261464
경기도,용인시 기흥구,동백동,백현마을한라비발디1차,매매,2304동,8/10,537000000,110.32,OWNER,올 확장 발코니넓은b타입 관리잘된깨끗한집 빠른입주협의,25.07.15,"['25년이내', '방세개', '화장실두개', '고층']",남서향,16091429.885786803
경기도,용인시 기흥구,동백동,백현마을한라비발디1차,매매,2305동,2/10,490000000,110.32,OWNER,기본수리  일조권좋은집  관리잘되어  아주깨끗  ,25.07.10,"['25년이내', '방세개', '화장실두개', '세대당1대']",남서향,14683055.203045687
경기도,용인시 기흥구,동백동,백현마을한라비발디1차,월세,2305동,5/10,1억/120,110.32,OWNER,"거실 방1확장, 투인원에어컨, 도배, 욕실, 부분수리해드림, 보증금조정가",25.07.07,"['25년이내', '융자금적은', '방세개', '화장실두개']",남서향,
경기도,용인시 기흥구,동백동,백현마을한라비발디1차,월세,2305동,5/10,1억/120,110.32,NONE,확장형 정상입주 채광좋은 밝은집 ,25.06.30,"['25년이내', '방세개', '화장실두개', '중층']",남서향,
경기도,용인시 기흥구,동백동,백현마을한라비발디1차,전세,2303동,9/20,350000000,109.12,OWNER,"기본구조, 욕실2개수리, 최근도배, LED등, 아주깨끗, 빠른입주가능",25.07.21,"['25년이내', '방세개', '화장실두개', '중층']",남향,10603232.679618768
경기도,용인시 기흥구,동백동,백현마을한라비발디1차,매매,2306동,4/20,485000000,109.12,OWNER,"기본,중간라인,깨끗,정상입주",25.07.21,"['25년이내', '방세개', '화장실두개', '세대당1대']",남향,14693050.998900294
경기도,용인시 기흥구,동백동,백현마을한라비발디1차,매매,2302동,13/20,480000000,109.12,OWNER,조용한로얄동 거실확장 정상입주 ,25.07.19,"['25년이내', '방세개', '화장실두개', '중층']",남향,14541576.246334312
경기도,용인시 기흥구,동백동,백현마을한라비발디1차,매매,2301동,14/20,480000000,109.12,OWNER,출입구동 방2확장  채광굿 부분수리 인프라굿 초중고인접단지,25.07.19,"['25년이내', '방세개', '화장실두개', '고층']",남향,14541576.246334312
경기도,용인시 기흥구,동백동,백현마을한라비발디1차,매매,2306동,4/20,480000000,109.12,OWNER,"올확장,채광굿,주인거주,매우깨끗,초중고인접",25.07.18,"['25년이내', '방세개', '화장실두개', '세대당1대']",남향,14541576.246334312
경기도,용인시 기흥구,동백동,백현마을한라비발디1차,매매,2301동,14/20,510000000,109.12,OWNER,"전망,관리잘된 깨끗한집, 정상입주",25.07.17,"['25년이내', '방세개', '화장실두개', '고층']",남향,15450424.761730203
경기도,용인시 기흥구,동백동,백현마을한라비발디1차,매매,2303동,9/20,510000000,109.12,OWNER,올확장  붙박이장  중간라인  깨끗  주인거주 관리잘됨  10월말이후,25.07.14,"['25년이내', '방세개', '화장실두개', '중층']",남향,15450424.761730203
경기도,용인시 기흥구,동백동,백현마을한라비발디1차,매매,2303동,18/20,540000000,109.12,OWNER,확장구조 올수리 조용한 로얄동 조망권좋음 집상태 아주깨끗 ,25.07.14,"['25년이내', '올수리', '방세개', '화장실두개']",남향,16359273.2771261
경기도,용인시 기흥구,동백동,백현마을한라비발디1차,매매,2306동,19/20,540000000,109.12,OWNER,탑층  넓은테라스  다락  이쁜뷰 전망굿  방2확장  주인거주 관리잘됨,25.07.14,"['25년이내', '테라스', '방세개', '화장실두개']",남향,16359273.2771261
경기도,용인시 기흥구,동백동,백현마을한라비발디1차,매매,2301동,14/20,500000000,109.12,OWNER,올확장 부분수리 붙박이장 중간라인 주인세대  관리상태 좋은집,25.07.10,"['25년이내', '방세개', '화장실두개', '고층']",남향,15147475.25659824
경기도,용인시 기흥구,동백동,백현마을한라비발디1차,매매,2305동,6/10,490000000,109.12,OWNER,"올확장, 채광좋고 주차편리, 초중고인접, 입주일협의",25.07.10,"['25년이내', '방세개', '화장실두개', '중층']",남서향,14844525.751466276
경기도,용인시 기흥구,동백동,백현마을한라비발디1차,매매,2306동,2/20,490000000,109.12,OWNER,기본형  부분수리  중간라인  아주깨끗  정상입주,25.07.05,"['25년이내', '방세개', '화장실두개', '세대당1대']",남향,14844525.751466276
경기도,용인시 기흥구,동백동,백현마을한라비발디1차,매매,2302동,7/20,490000000,109.12,OWNER,"올확장,조용한동,빠른입주가능",25.07.05,"['25년이내', '방세개', '화장실두개', '중층']",남향,14844525.751466276
경기도,용인시 기흥구,동백동,백현마을한라비발디1차,매매,2302동,11/20,515000000,109.12,MOBL,거실확장 방1확장 중문설치 아주깨끗 ,25.07.02,"['25년이내', '방세개', '화장실두개', '중층']",남향,15601899.514296189
경기도,용인시 기흥구,동백동,백현마을한라비발디1차,매매,2301동,15/20,500000000,109.12,OWNER,"작은방2개확장,고층뷰,주인거주,깨끗,상가이용편리,초중고인근",25.07.03,"['25년이내', '방두개', '화장실두개', '고층']",남향,15147475.25659824
경기도,용인시 기흥구,동백동,백현마을한라비발디1차,매매,2303동,5/20,530000000,109.12,OWNER,방2확장 관리잘된깨끗한집 백현상권이용편리 초중고도보권,25.07.03,"['25년이내', '방세개', '화장실두개', '세대당1대']",남향,16056323.771994136
경기도,용인시 기흥구,동백동,백현마을한라비발디1차,매매,2301동,3/20,480000000,109.12,OWNER,"거실확장,앞트인동이라 환하고 깨끗,정상입주",25.07.03,"['25년이내', '방세개', '화장실두개', '세대당1대']",남향,14541576.246334312
경기도,용인시 기흥구,동백동,백현마을한라비발디1차,매매,2306동,12/20,510000000,109.12,OWNER,"올확장,욕실교체,부분수리된 추천매물,트인뷰,인기동.",25.06.30,"['25년이내', '방세개', '화장실두개', '중층']",남향,15450424.761730203
경기도,용인시 기흥구,동백동,백현마을한라비발디1차,매매,2302동,17/20,465000000,109.12,OWNER,"급매,확장,화단철거,중문,led등교체,입주일협의가능",25.06.27,"['25년이내', '급매', '방세개', '화장실두개']",남향,14087151.988636363
경기도,용인시 기흥구,동백동,백현마을한라비발디1차,전세,2306동,18/20,350000000,109.12,OWNER,기본형  산조망  초중고 상권 교통편리  11월초부터 ,25.06.26,"['25년이내', '방세개', '화장실두개', '고층']",남향,10603232.679618768
경기도,용인시 기흥구,동백동,백현마을한라비발디1차,전세,2304동,중/10,350000000,109.12,OWNER,확장 싱크대교체 led등 도배 장판교체  깨끗  9월초부터,25.06.30,"['25년이내', '주방교체', '방세개', '화장실두개']",남서향,10603232.679618768
경기도,용인시 기흥구,동백동,백현마을한라비발디1차,매매,2302동,5/20,500000000,109.12,OWNER,"방1확장,집깨끗,LED등,부분수리,세끼고",25.06.23,"['25년이내', '방세개', '화장실두개', '세대당1대']",남향,15147475.25659824
경기도,용인시 기흥구,동백동,백현마을한라비발디1차,매매,2303동,1/20,490000000,109.12,DOC,"귀한1층매물,확장형",25.06.30,"['25년이내', '1층', '방세개', '화장실두개']",남향,14844525.751466276
경기도,용인시 기흥구,동백동,백현마을한라비발디1차,매매,2303동,18/20,540000000,109.12,NONE,"주인세대,방2개확장,관리잘된 깨끗한집.",25.07.21,"['25년이내', '방두개', '화장실두개', '고층']",남향,16359273.2771261
경기도,용인시 기흥구,동백동,백현마을한라비발디1차,매매,2303동,1/20,490000000,109.12,NONE,"확장형,로얄동,정상입주",25.07.09,"['25년이내', '1층', '방세개', '화장실두개']",남향,14844525.751466276
경기도,용인시 기흥구,동백동,백현마을한라비발디1차,매매,2302동,11/20,515000000,109.12,NONE,확장 욕실수리함 주인거주 깨끗하게 관리잘된집 날자협의,25.07.01,"['25년이내', '욕실수리', '방세개', '화장실두개']",남향,15601899.514296189
경기도,용인시 기흥구,동백동,백현마을한라비발디1차,매매,2303동,4/20,480000000,109.12,NONE,"올확장, 조용한 로얄동, 부분수리되어 아주깨끗, 세안고",25.06.24,"['25년이내', '방세개', '화장실두개', '세대당1대']",남향,14541576.246334312
경기도,용인시 기흥구,동백동,백현마을한라비발디2차,매매,2314동,2/22,610000000,154.14,OWNER,전망굿 기본구조 방4개 부분수리 깨끗,25.07.17,"['25년이내', '대형평수', '방네개이상', '화장실두개']",남향,13082450.045413263
경기도,용인시 기흥구,동백동,백현마을한라비발디2차,매매,2315동,18/20,650000000,154.14,OWNER,"방2개확장,산전망굿,주인거주아주깨끗,초중고도보권",25.07.17,"['25년이내', '대형평수', '방두개', '화장실두개']",남향,13940315.622161673
경기도,용인시 기흥구,동백동,백현마을한라비발디2차,매매,2314동,22/22,750000000,154.14,OWNER,"다락방테라스있는탑층,멋진산뷰,편한입주협의,주인전세도가능",25.07.14,"['25년이내', '테라스', '대형평수', '탑층']",남향,16084979.5640327
경기도,용인시 기흥구,동백동,백현마을한라비발디2차,매매,2315동,17/20,630000000,154.14,OWNER,"입주협의,기본형,씽크대,중문,붙박이장,트인뷰.",25.07.10,"['25년이내', '대형평수', '방네개이상', '화장실두개']",남향,13511382.83378747
경기도,용인시 기흥구,동백동,백현마을한라비발디2차,매매,2314동,5/22,670000000,154.14,OWNER,거실확장 올수리 아주깨끗 정상입주 산뷰굿,25.06.26,"['25년이내', '올수리', '대형평수', '방네개이상']",남향,14369248.410535878
경기도,용인시 기흥구,동백동,백현마을한라비발디2차,매매,2315동,18/20,650000000,154.14,NONE,"방2개확장,아주깨끗,입주일협의가능",25.07.21,"['25년이내', '대형평수', '방두개', '화장실두개']",남향,13940315.622161673
경기도,용인시 기흥구,동백동,백현마을한라비발디2차,매매,2312동,15/16,500000000,109.46,OWNER,"기본구조, 트인산조망, 채광굿, 수리하여 아주깨끗, 세안고 ",25.07.21,"['25년이내', '방세개', '화장실두개', '고층']",남서향,15100424.812716976
경기도,용인시 기흥구,동백동,백현마을한라비발디2차,매매,2311동,3/20,500000000,109.46,OWNER,"확장,깨끗,산뷰,입주일협의",25.07.18,"['25년이내', '방세개', '화장실두개', '세대당1대']",남향,15100424.812716976
경기도,용인시 기흥구,동백동,백현마을한라비발디2차,매매,2312동,중/16,500000000,109.46,OWNER,"기본,세안고,산전망,초중고가까움",25.07.21,"['25년이내', '방세개', '화장실두개', '중층']",남서향,15100424.812716976
경기도,용인시 기흥구,동백동,백현마을한라비발디2차,매매,2313동,저/18,470000000,109.46,OWNER,올확장 정상입주 주인거주 관리 잘된 집. 베란다 앞 석성산 예쁜조망,25.07.17,"['25년이내', '방세개', '화장실두개', '세대당1대']",남동향,14194399.323953956
경기도,용인시 기흥구,동백동,백현마을한라비발디2차,매매,2313동,저/18,475000000,109.46,OWNER,기본 주인거주로깨끗 석성산뷰로 사계절변화감상할수있는집,25.07.15,"['25년이내', '방세개', '화장실두개', '세대당1대']",남동향,14345403.572081126
경기도,용인시 기흥구,동백동,백현마을한라비발디2차,매매,2313동,2/18,490000000,109.46,OWNER,가격조정가 방1확장 정상입주 조용한동 산뷰굿 ,25.07.04,"['25년이내', '방세개', '화장실두개', '세대당1대']",남동향,14798416.316462636
경기도,용인시 기흥구,동백동,백현마을한라비발디2차,매매,2312동,중/16,500000000,109.46,OWNER,"산전망,방1확장,정상입주",25.07.08,"['25년이내', '방세개', '화장실두개', '중층']",남서향,15100424.812716976
경기도,용인시 기흥구,동백동,백현마을한라비발디2차,매매,2312동,6/16,500000000,109.46,NONE,기본 세끼고  ,25.07.21,"['25년이내', '방세개', '화장실두개', '중층']",남서향,15100424.812716976
경기도,용인시 기흥구,동백동,백현마을한라비발디2차,매매,2312동,15/16,500000000,109.46,NONE,기본 산조망 부분수리 세안고 초중고도보권,25.07.10,"['25년이내', '방세개', '화장실두개', '고층']",남서향,15100424.812716976
경기도,용인시 기흥구,동백동,백현마을한라비발디2차,매매,2313동,저/18,500000000,109.46,NONE,"기본형,가격절충가능,정상입주",25.06.30,"['25년이내', '방세개', '화장실두개', '세대당1대']",남동향,15100424.812716976
경기도,용인시 기흥구,동백동,백현모아미래도1단지,매매,2410동,18/20,420000000,81.17,OWNER,기본형 중간라인 전망굿 채광굿 초중고및 학원가 근거리,25.07.21,"['25년이내', '방세개', '화장실두개', '고층']",남서향,17105207.58901072
경기도,용인시 기흥구,동백동,백현모아미래도1단지,매매,2402동,10/20,450000000,81.17,OWNER,올확장 2년전풀인테리어 완전깨끗 정상입주,25.07.21,"['25년이내', '방세개', '화장실두개', '중층']",남서향,18327008.13108291
경기도,용인시 기흥구,동백동,백현모아미래도1단지,매매,2410동,1/20,430000000,81.17,OWNER,귀한일층 매매물건 최근 올수리 확장 시스템 에어컨 설치 씽크대 화장실수리,25.07.21,"['25년이내', '올수리', '1층', '욕실수리']",남동향,17512474.436368115
경기도,용인시 기흥구,동백동,백현모아미래도1단지,매매,2408동,4/17,400000000,81.17,OWNER,"올확장,화장실,씽크대수리,주인세대관리잘된집,정상입주",25.07.19,"['25년이내', '방세개', '화장실두개', '세대당1대']",남서향,16290673.894295923
경기도,용인시 기흥구,동백동,백현모아미래도1단지,매매,2406동,15/18,400000000,81.17,OWNER,기본형  깨끗  상권편리  공원조망  빠른입주가  가격조정,25.07.19,"['25년이내', '방세개', '화장실두개', '고층']",남서향,16290673.894295923
경기도,용인시 기흥구,동백동,백현모아미래도1단지,매매,2406동,18/18,430000000,81.17,OWNER,"원목계단,탑층,올수리,예쁘게관리잘된집,9월이사협의",25.07.18,"['25년이내', '올수리', '탑층', '방세개']",남서향,17512474.436368115
경기도,용인시 기흥구,동백동,백현모아미래도1단지,매매,2405동,2/18,385000000,81.17,OWNER,"기본형,높은2층으로 이쁜단지뷰,공원,초교인접동,10월말입주.",25.07.17,"['25년이내', '방세개', '화장실두개', '세대당1대']",남서향,15679773.623259826
경기도,용인시 기흥구,동백동,백현모아미래도1단지,매매,2404동,18/18,430000000,81.17,OWNER,층간소음없는 귀한탑층복층구조 세안고갭투 최근샤시제외올수리 거실확장,25.07.16,"['25년이내', '올수리', '복층', '탑층']",남서향,17512474.436368115
경기도,용인시 기흥구,동백동,백현모아미래도1단지,매매,2408동,10/17,420000000,81.17,OWNER,"올확장.관리잘된집,최근도배깨끗,씽크대교체,정상입주",25.07.15,"['25년이내', '방세개', '화장실두개', '중층']",남서향,17105207.58901072
경기도,용인시 기흥구,동백동,백현모아미래도1단지,매매,2403동,14/18,400000000,81.17,OWNER,"로얄동의 트인뷰,기본형,채광굿,인테리어기간.",25.07.15,"['25년이내', '방세개', '화장실두개', '고층']",남서향,16290673.894295923
경기도,용인시 기흥구,동백동,백현모아미래도1단지,매매,2407동,18/18,405000000,81.17,OWNER,추천.공가.기본형. 탑층 .다락방. 전망굿. 채광굿 .상가시설 편리한동,25.07.15,"['25년이내', '탑층', '방세개', '화장실두개']",남서향,16494307.317974621
경기도,용인시 기흥구,동백동,백현모아미래도1단지,매매,2408동,8/17,435000000,81.17,OWNER,"올확장,상가인접편리동,올리모델링된예쁜집,세안고매매26.9월만기",25.07.14,"['25년이내', '방세개', '화장실두개', '중층']",남서향,17716107.860046815
경기도,용인시 기흥구,동백동,백현모아미래도1단지,매매,2407동,2/18,405000000,81.17,DOC,"확장형,주방과욕실수리,깨끗하게 관리,입주협의.",25.07.21,"['25년이내', '욕실수리', '방세개', '화장실두개']",남서향,16494307.317974621
경기도,용인시 기흥구,동백동,백현모아미래도1단지,매매,2405동,고/18,410000000,81.17,OWNER,"기본, 전망굿, 관리양호, 11월입주",25.07.17,"['25년이내', '방세개', '화장실두개', '고층']",남서향,16697940.741653321
경기도,용인시 기흥구,동백동,백현모아미래도1단지,매매,2402동,16/20,410000000,81.17,OWNER,"올확장,세안고,26년3월입주,깨끗하게 관리.",25.07.10,"['25년이내', '방세개', '화장실두개', '고층']",남서향,16697940.741653321
경기도,용인시 기흥구,동백동,백현모아미래도1단지,매매,2402동,13/20,423000000,81.17,OWNER,"올확장,올수리 ,완전깨끗함,입주가",25.07.08,"['25년이내', '올수리', '방세개', '화장실두개']",남서향,17227387.64321794
경기도,용인시 기흥구,동백동,백현모아미래도1단지,매매,2408동,1/17,400000000,81.17,OWNER,"올확장, 주방,화장실수리, 관리잘된 집",25.07.08,"['25년이내', '1층', '욕실수리', '방세개']",남서향,16290673.894295923
경기도,용인시 기흥구,동백동,백현모아미래도1단지,매매,2405동,8/18,409000000,81.17,OWNER,"올확장,신혼부부가살고있어집상태깨끗,전세안고,27년3월,가격조정가능",25.07.08,"['25년이내', '방세개', '화장실두개', '중층']",남서향,16657214.05691758
경기도,용인시 기흥구,동백동,백현모아미래도1단지,매매,2405동,10/18,420000000,81.17,NDOC1,"기본, 부분수리, 10월 입주협의",25.07.08,"['25년이내', '방세개', '화장실두개', '중층']",남서향,17105207.58901072
경기도,용인시 기흥구,동백동,백현모아미래도1단지,매매,2407동,2/18,400000000,81.17,OWNER,올확장 씽크대교체 깨끗 정상,25.07.07,"['25년이내', '방세개', '화장실두개', '세대당1대']",남서향,16290673.894295923
경기도,용인시 기흥구,동백동,백현모아미래도1단지,매매,2402동,13/20,420000000,81.17,OWNER,기본형.올수리함.깨끗함.채광굿.초.중.고5분.버스이용편함.,25.07.03,"['25년이내', '올수리', '방세개', '화장실두개']",남서향,17105207.58901072
경기도,용인시 기흥구,동백동,백현모아미래도1단지,매매,2408동,4/17,385000000,81.17,OWNER,올확장.중문.부엌확장.상권이용편리한동.이사협의,25.07.02,"['25년이내', '방세개', '화장실두개', '세대당1대']",남서향,15679773.623259826
경기도,용인시 기흥구,동백동,백현모아미래도1단지,전세,2401동,17/20,330000000,81.17,OWNER,"거실확장형,안방확장,아주깨끗,11월중협의,초중고도보",25.07.01,"['25년이내', '방세개', '화장실두개', '고층']",남서향,13439805.962794136
경기도,용인시 기흥구,동백동,백현모아미래도1단지,매매,2409동,고/18,415000000,81.17,OWNER,"기본형, 관리잘된 깨끗한집, 주방씽크화장실 올수리, 정상입주.",25.07.07,"['25년이내', '올수리', '방세개', '화장실두개']",남서향,16901574.165332023
경기도,용인시 기흥구,동백동,백현모아미래도1단지,매매,2404동,15/18,420000000,81.17,OWNER,"올확장,씽크대,욕실교체,수리,입주협의.",25.06.30,"['25년이내', '방세개', '화장실두개', '고층']",남서향,17105207.58901072
경기도,용인시 기흥구,동백동,백현모아미래도1단지,매매,2408동,1/17,390000000,81.17,OWNER,올확장.상권편리한동.이사협의,25.06.26,"['25년이내', '1층', '방세개', '화장실두개']",남서향,15883407.046938526
경기도,용인시 기흥구,동백동,백현모아미래도1단지,매매,2404동,11/18,430000000,81.17,OWNER,올확장.화장실포함수리되어깨끗함.주인거주.이사협의,25.06.26,"['25년이내', '방세개', '화장실두개', '중층']",남서향,17512474.436368115
경기도,용인시 기흥구,동백동,백현모아미래도1단지,매매,2405동,중/18,430000000,81.17,DOC,올확장  도배장판 씽크대교체함   정상입주,25.07.10,"['25년이내', '방세개', '화장실두개', '중층']",남서향,17512474.436368115
경기도,용인시 기흥구,동백동,백현모아미래도1단지,매매,2403동,14/18,400000000,81.17,NONE,공실 기본 인테리어공사협조 백현초품아 상가앞,25.07.17,"['25년이내', '방세개', '화장실두개', '고층']",남향,16290673.894295923
경기도,용인시 기흥구,동백동,백현모아미래도1단지,전세,2408동,4/17,310000000,81.17,NONE,전체확장형.도배 장판 ed등교체.이사협의,25.07.10,"['25년이내', '방세개', '화장실두개', '세대당1대']",남서향,12625272.26807934
경기도,용인시 기흥구,동백동,백현모아미래도1단지,전세,2407동,고/18,330000000,81.17,NONE,확장 깨끗함.11월입주,25.07.01,"['25년이내', '방세개', '화장실두개', '고층']",남서향,13439805.962794136
경기도,용인시 기흥구,동백동,백현모아미래도2단지,매매,2502동,14/16,428000000,81.22,OWNER,"거실확장, 올수리, 깨끗함, 관리잘된집, 하시입주가능",25.07.21,"['25년이내', '올수리', '방세개', '화장실두개']",남서향,17420290.322580647
경기도,용인시 기흥구,동백동,백현모아미래도2단지,매매,2501동,1/16,380000000,81.22,OWNER,"확장형구조,층간소음스트레스노노,편한입주협의",25.07.21,"['25년이내', '1층', '방세개', '화장실두개']",남서향,15466612.903225807
경기도,용인시 기흥구,동백동,백현모아미래도2단지,매매,2502동,14/16,410000000,81.22,MOBL,올수리 깨끗 세끼고,25.07.18,"['25년이내', '올수리', '방세개', '화장실두개']",남서향,16687661.290322583
경기도,용인시 기흥구,동백동,백현모아미래도2단지,매매,2502동,5/16,380000000,81.22,OWNER,"기본형,전망,하시입주,키보관",25.07.19,"['25년이내', '방세개', '화장실두개', '세대당1대']",남서향,15466612.903225807
경기도,용인시 기흥구,동백동,백현모아미래도2단지,매매,2504동,1/18,362000000,81.22,OWNER,"올확장,깨끗한집,높은1층이라막힘없이밝음,전세안고매매27년3월초만기",25.07.18,"['25년이내', '1층', '방세개', '화장실두개']",남서향,14733983.870967744
경기도,용인시 기흥구,동백동,백현모아미래도2단지,매매,2505동,18/20,405000000,81.22,OWNER,"올확장,화장실부분수리,공원뷰,전세안고,26년6월6일초만기",25.07.16,"['25년이내', '방세개', '화장실두개', '고층']",남서향,16484153.22580645
경기도,용인시 기흥구,동백동,백현모아미래도2단지,매매,2504동,12/18,390000000,81.22,OWNER,"기본집,집상태깨끗,공원,학교인접동,세안고매매27년4월만기",25.07.15,"['25년이내', '방세개', '화장실두개', '중층']",남서향,15873629.032258065
경기도,용인시 기흥구,동백동,백현모아미래도2단지,매매,2503동,7/16,390000000,81.22,OWNER,"11월입주,거실,작은방확장,인덕션,식세기,에어컨.",25.07.14,"['25년이내', '방세개', '화장실두개', '중층']",남서향,15873629.032258065
경기도,용인시 기흥구,동백동,백현모아미래도2단지,매매,2505동,16/20,382000000,81.22,OWNER,"올확장,10월중순입주,공원옆 트인전망,깨끗.",25.07.14,"['25년이내', '방세개', '화장실두개', '고층']",남서향,15548016.12903226
경기도,용인시 기흥구,동백동,백현모아미래도2단지,매매,2502동,13/16,400000000,81.22,OWNER,"올확장,중간라인,입주협의",25.07.14,"['25년이내', '방세개', '화장실두개', '고층']",남서향,16280645.161290323
경기도,용인시 기흥구,동백동,백현모아미래도2단지,매매,2502동,16/16,410000000,81.22,OWNER,"탑층,올확장,초중고인접,정상입주,가격조정가능",25.07.14,"['25년이내', '탑층', '방세개', '화장실두개']",남서향,16687661.290322583
경기도,용인시 기흥구,동백동,백현모아미래도2단지,매매,2505동,18/20,380000000,81.22,OWNER,"기본형,집상태깨끗,공원,학교인접,전세안고매매27년7월만기,가격조정가능",25.07.11,"['25년이내', '방세개', '화장실두개', '고층']",남서향,15466612.903225807
경기도,용인시 기흥구,동백동,백현모아미래도2단지,매매,2504동,18/18,390000000,81.22,OWNER,"탑층,올확장,깨끗한집,12월말이사협의",25.07.10,"['25년이내', '탑층', '방세개', '화장실두개']",남서향,15873629.032258065
경기도,용인시 기흥구,동백동,백현모아미래도2단지,전세,2505동,17/20,320000000,81.22,DOC,"거실확장형 욕실,주방수리조건 상가근접동 무융자 보증보험 전자계약가능",25.07.21,"['25년이내', '융자금없는', '주방교체', '방세개']",남서향,13024516.12903226
경기도,용인시 기흥구,동백동,백현모아미래도2단지,매매,2501동,4/16,390000000,81.22,OWNER,올확장 깨끗 가격협의 9월말,25.07.07,"['25년이내', '방세개', '화장실두개', '세대당1대']",남서향,15873629.032258065
경기도,용인시 기흥구,동백동,백현모아미래도2단지,매매,2505동,10/20,398000000,81.22,OWNER,"올확장형,막힘없는환한집,화장실,씽크대수리된깔끔한집,26년1월입주협의",25.07.03,"['25년이내', '방세개', '화장실두개', '중층']",남서향,16199241.935483873
경기도,용인시 기흥구,동백동,백현모아미래도2단지,매매,2504동,13/18,400000000,81.22,OWNER,추천.올확장 .공원옆 .주인세대 .초.중.고5분,25.07.03,"['25년이내', '방세개', '화장실두개', '고층']",남서향,16280645.161290323
경기도,용인시 기흥구,동백동,백현모아미래도2단지,매매,2505동,5/20,390000000,81.22,OWNER,추천.로얄동.기본형. 단지정원 조망 예쁨 .공원옆.공가 즉시입주 가능,25.07.03,"['25년이내', '마당', '방세개', '화장실두개']",남서향,15873629.032258065
경기도,용인시 기흥구,동백동,백현모아미래도2단지,매매,2502동,저/16,380000000,81.22,OWNER,올확장 화장실수리 깨끗 전망굿 정상 ,25.07.04,"['25년이내', '욕실수리', '방세개', '화장실두개']",남서향,15466612.903225807
경기도,용인시 기흥구,동백동,백현모아미래도2단지,전세,2505동,17/20,330000000,81.22,DOC,"깨끗한 확장형, 시원한 전망,초중고 인접,11월경 입주 협의",25.07.08,"['25년이내', '방세개', '화장실두개', '고층']",남서향,13431532.258064516
경기도,용인시 기흥구,동백동,백현모아미래도2단지,매매,2505동,17/20,390000000,81.22,OWNER,"올확장,막힘없는뷰중간라인,전세안고26년10월만기",25.06.26,"['25년이내', '방세개', '화장실두개', '고층']",남서향,15873629.032258065
경기도,용인시 기흥구,동백동,백현모아미래도2단지,매매,2504동,7/18,410000000,81.22,NONE,"올확장,초중고인접,세안고매매,27년7월만기",25.07.15,"['25년이내', '방세개', '화장실두개', '중층']",남서향,16687661.290322583
경기도,용인시 기흥구,동백동,용인동백두산위브더제니스,매매,102동,23/25,700000000,111.36,OWNER,햇빛잘드는고층뷰 방4 에5 커뮤니티시설 상가 버스정류장이용편리한동 깨끗함,25.07.21,"['10년이내', '대단지', '방네개이상', '화장실두개']",남서향,20779898.527298853
경기도,용인시 기흥구,동백동,용인동백두산위브더제니스,매매,103동,25/25,665000000,111.36,OWNER,급매 탑층 층간소음걱정끝 시스템에어컨5 내부아주깨끗함,25.07.21,"['10년이내', '대단지', '급매', '탑층']",남서향,19740903.60093391
경기도,용인시 기흥구,동백동,용인동백두산위브더제니스,전세,102동,21/25,480000000,111.36,OWNER,"수납빵빵,옵션빵빵, 가볍게 이사오실수 있어요",25.07.21,"['10년이내', '대단지', '방세개', '화장실두개']",남서향,14249073.275862068
경기도,용인시 기흥구,동백동,용인동백두산위브더제니스,매매,107동,4/32,690000000,111.36,OWNER,공원전망굿 에5 빌트인냉장고  올인테리에 내부아주깨긋함 각방붙박이장 중문,25.07.21,"['10년이내', '대단지', '방네개이상', '화장실두개']",남서향,20483042.834051725
경기도,용인시 기흥구,동백동,용인동백두산위브더제니스,매매,107동,18/32,680000000,111.36,OWNER,"매일 자연속에 사는 느낌 , 휴식을 부르는 초록뷰가 힐링을 선사합니다.",25.07.21,"['10년이내', '대단지', '방네개이상', '화장실두개']",남서향,20186187.140804596
경기도,용인시 기흥구,동백동,용인동백두산위브더제니스,매매,106동,1/32,700000000,111.36,OWNER,두 자녀 이상이라면 고민하지 마세요.,25.07.21,"['10년이내', '대단지', '1층', '방네개이상']",남동향,20779898.527298853
경기도,용인시 기흥구,동백동,용인동백두산위브더제니스,매매,106동,중/32,700000000,111.36,OWNER,귀한남동향 에쁜정원뷰굿 에5 상가 버스정루장이용편리한동 내부깨끗함,25.07.21,"['10년이내', '대단지', '방네개이상', '화장실두개']",남동향,20779898.527298853
경기도,용인시 기흥구,동백동,용인동백두산위브더제니스,매매,109동,고/32,750000000,111.36,NDOC1,최고의 전망 과 특권을 동시에 갖춘 집,25.07.21,"['10년이내', '대단지', '방네개이상', '화장실두개']",남서향,22264176.993534483
경기도,용인시 기흥구,동백동,용인동백두산위브더제니스,매매,102동,중/25,680000000,111.36,OWNER,예쁜정원뷰 시스템에어컨 커뮤니티시설이용편리한동 내부깨끗함,25.07.21,"['10년이내', '대단지', '방네개이상', '화장실두개']",남서향,20186187.140804596
경기도,용인시 기흥구,동백동,용인동백두산위브더제니스,매매,105동,중/25,730000000,111.36,OWNER,"이쁜정원뷰, 시스템에어컨, 중문, 인덕션, 실링펜, 인테리어 완벽한집",25.07.21,"['10년이내', '대단지', '방네개이상', '화장실두개']",남동향,21670465.60704023
경기도,용인시 기흥구,동백동,용인동백두산위브더제니스,전세,103동,고/25,500000000,111.36,OWNER,"이쁜 공원뷰, 햇살 가득 따뜻한집, 시스템에어컨, 빠른입주가능",25.07.21,"['10년이내', '대단지', '방세개', '화장실두개']",남서향,14842784.662356323
경기도,용인시 기흥구,동백동,용인동백두산위브더제니스,매매,110동,저/28,690000000,111.36,OWNER,"이쁜 정원뷰 좋아요,  관리잘 된 집,  시스템 에어컨 , 조용한 로얄동",25.07.21,"['10년이내', '대단지', '방네개이상', '화장실두개']",남서향,20483042.834051725
경기도,용인시 기흥구,동백동,용인동백두산위브더제니스,매매,110동,중/28,700000000,111.36,OWNER,"이쁜 꽃담공원뷰 , 조망굿, 중문, 시스템에어컨5대, 인덕션, 식세기",25.07.19,"['10년이내', '대단지', '방세개', '화장실두개']",남서향,20779898.527298853
경기도,용인시 기흥구,동백동,용인동백두산위브더제니스,매매,103동,저/25,665000000,111.36,OWNER,"이쁜 정원뷰, 관리잘된 집, 시스켐에어컨 5대, 세안고 매매, 갭투자",25.07.19,"['10년이내', '대단지', '방네개이상', '화장실두개']",남서향,19740903.60093391
경기도,용인시 기흥구,동백동,용인동백두산위브더제니스,매매,109동,저/32,675000000,111.36,OWNER,"정상입주,소유자거주중,시스템에어컨4대,인덕션,식세기,관리잘됨",25.07.17,"['10년이내', '대단지', '방세개', '화장실두개']",남서향,20037759.294181038
경기도,용인시 기흥구,동백동,용인동백두산위브더제니스,매매,104동,중/25,700000000,111.36,OWNER,"계속된 눈팅은 그만, 이제는 매수하세요. 살아보면 만족도가 더 높은 집",25.07.16,"['10년이내', '대단지', '방세개', '화장실두개']",남서향,20779898.527298853
경기도,용인시 기흥구,동백동,용인동백두산위브더제니스,매매,104동,저/25,700000000,111.36,OWNER,"이쁜 단지 정원뷰, 시스템에어컨 5대, 편의 시설 가까운동, 관리잘된 집",25.07.16,"['10년이내', '대단지', '방세개', '화장실두개']",남서향,20779898.527298853
경기도,용인시 기흥구,동백동,용인동백두산위브더제니스,매매,109동,고/32,720000000,111.36,OWNER,"뷰좋고 컨디션 좋은집, 시스템에어컨, 중문",25.07.15,"['10년이내', '대단지', '방네개이상', '화장실두개']",남서향,21373609.913793106
경기도,용인시 기흥구,동백동,용인동백두산위브더제니스,매매,106동,중/32,690000000,111.36,OWNER,석석산전망굿 세안고 옵션가득내부깨끗함  상가 버스정류장이용편리한동,25.07.14,"['10년이내', '대단지', '방네개이상', '화장실두개']",남동향,20483042.834051725
경기도,용인시 기흥구,동백동,용인동백두산위브더제니스,매매,102동,저/25,710000000,111.36,OWNER,"정원뷰, 관리잘된 집, 인덕션, 중문, 아이키우기 좋은집",25.07.10,"['10년이내', '대단지', '방네개이상', '화장실두개']",남서향,21076754.22054598
경기도,용인시 기흥구,동백동,용인동백두산위브더제니스,매매,106동,중/32,690000000,111.36,OWNER,"석성산이 보이는 예쁜 뷰,방3개,시스5대,중문,잘 관리된 집,세안고",25.07.10,"['10년이내', '대단지', '방세개', '화장실두개']",남동향,20483042.834051725
경기도,용인시 기흥구,동백동,용인동백두산위브더제니스,매매,109동,중/32,690000000,111.36,OWNER,"전망 좋은 조용한 동,세안고 매매,기본형,세안고 매매",25.07.08,"['10년이내', '대단지', '방네개이상', '화장실두개']",남서향,20483042.834051725
경기도,용인시 기흥구,동백동,용인동백두산위브더제니스,월세,109동,저/32,"2억 5,000/150",111.36,OWNER,사계절전망이좋은 조용한집 에2 커뮤니티시설 상가 버스종류장이용편리함,25.07.05,"['10년이내', '대단지', '방네개이상', '화장실두개']",남서향,
경기도,용인시 기흥구,동백동,용인동백두산위브더제니스,매매,110동,고/28,730000000,111.36,NDOC1,"옵션의 끝판왕, 가볍게 이사오실수 있는 완벽한 옵션의 집",25.07.01,"['10년이내', '대단지', '방네개이상', '화장실두개']",남서향,21670465.60704023
경기도,용인시 기흥구,동백동,용인동백두산위브더제니스,매매,109동,중/32,750000000,111.36,OWNER,사계절을만끽하는공원뷰굿 조용한동 풀옵션 안테리어되어내부아주깨끗함,25.06.30,"['4년이내', '대단지', '방세개', '화장실두개']",남서향,22264176.993534483
경기도,용인시 기흥구,동백동,용인동백두산위브더제니스,매매,108동,고/32,720000000,111.36,OWNER,"이쁜 공원뷰 좋아요, 중문, 인덕션, 식세기, 화이트인테리어, 간접조명",25.06.28,"['10년이내', '대단지', '방세개', '화장실두개']",남서향,21373609.913793106
경기도,용인시 기흥구,동백동,용인동백두산위브더제니스,매매,103동,저/25,660000000,111.36,OWNER,"이쁜 정원뷰, 에어컨4대, 상가이용편리한동, 커뮤니티시설 이용편리",25.06.27,"['10년이내', '대단지', '방세개', '화장실두개']",남서향,19592475.754310347
경기도,용인시 기흥구,동백동,용인동백두산위브더제니스,매매,104동,19/25,650000000,102.83,MOBL,정원뷰. 커뮤니티 상가 이용편한동. 금액조정가능. 빠른입주가능,25.07.21,"['10년이내', '대단지', '방네개이상', '화장실두개']",남서향,20896238.938053098
경기도,용인시 기흥구,동백동,용인동백두산위브더제니스,매매,101동,19/25,650000000,102.83,OWNER,탁트인석성산전망최고 시스템에2중문안방붙박이장냉장고장 인테리어된내부깨끗함,25.07.21,"['10년이내', '대단지', '방네개이상', '화장실두개']",남동향,20896238.938053098
경기도,용인시 기흥구,동백동,용인동백두산위브더제니스,전세,101동,11/25,490000000,102.83,OWNER,귀한 전세. 고민하면 늦어요,25.07.21,"['10년이내', '대단지', '방네개이상', '화장실두개']",남동향,15752549.353301568
경기도,용인시 기흥구,동백동,용인동백두산위브더제니스,매매,108동,5/32,620000000,102.83,OWNER,예쁜정원뷰 조용한동 시스템에4대 관리잘되어내부 아주깨끗함,25.07.21,"['10년이내', '대단지', '방세개', '화장실두개']",남서향,19931797.140912186
경기도,용인시 기흥구,동백동,용인동백두산위브더제니스,매매,109동,28/32,660000000,102.83,OWNER,탁트인석성산뷰굿 조용한동 에5 관리잘되어내부아주깨끗함,25.07.21,"['10년이내', '대단지', '방네개이상', '화장실두개']",남동향,21217719.53710007
경기도,용인시 기흥구,동백동,용인동백두산위브더제니스,매매,101동,10/25,650000000,102.83,OWNER,전망 좋고 옵션 좋고,25.07.21,"['10년이내', '대단지', '방네개이상', '화장실두개']",남서향,20896238.938053098
경기도,용인시 기흥구,동백동,용인동백두산위브더제니스,매매,110동,5/28,650000000,102.83,OWNER,"아늑한 장원조망, 장기 세안고.",25.07.21,"['10년이내', '대단지', '방네개이상', '화장실두개']",남서향,20896238.938053098
경기도,용인시 기흥구,동백동,용인동백두산위브더제니스,매매,102동,20/25,660000000,102.83,OWNER,높고 시원한 집으로의 초대,25.07.21,"['10년이내', '대단지', '방네개이상', '화장실두개']",남서향,21217719.53710007
경기도,용인시 기흥구,동백동,용인동백두산위브더제니스,매매,107동,11/32,670000000,102.83,OWNER,오래오래 지금처럼 편하게 사시라고 여기저기 손좀 봤어요.,25.07.21,"['10년이내', '대단지', '방세개', '화장실두개']",남동향,21539200.13614704
경기도,용인시 기흥구,동백동,용인동백두산위브더제니스,매매,106동,9/32,670000000,102.83,OWNER,편안한 휴식을 선물해주는 기운좋은 집,25.07.21,"['10년이내', '대단지', '방네개이상', '화장실두개']",남동향,21539200.13614704
경기도,용인시 기흥구,동백동,용인동백두산위브더제니스,매매,102동,8/25,680000000,102.83,OWNER,풍부한 옵션들이 주인을 기다립니다.놓치면 후회할집,25.07.21,"['10년이내', '대단지', '방세개', '화장실두개']",남향,21860680.735194013
경기도,용인시 기흥구,동백동,용인동백두산위브더제니스,매매,110동,14/28,680000000,102.83,OWNER,"로얄동,로얄층,로얄뷰, 어느것 하나 놓칠수 없는 당신을 기다려요",25.07.21,"['10년이내', '대단지', '방네개이상', '화장실두개']",남동향,21860680.735194013
경기도,용인시 기흥구,동백동,용인동백두산위브더제니스,매매,108동,7/32,690000000,102.83,OWNER,편안한 휴식을 선물해주는 기운좋은 집,25.07.21,"['10년이내', '대단지', '방네개이상', '화장실두개']",남동향,22182161.33424098
경기도,용인시 기흥구,동백동,용인동백두산위브더제니스,매매,110동,27/28,700000000,102.83,OWNER,"로얄동,로얄층,로얄뷰, 어느것 하나 놓칠수 없는 당신을 기다려요",25.07.21,"['10년이내', '대단지', '방세개', '화장실두개']",남동향,22503641.933287952
경기도,용인시 기흥구,동백동,용인동백두산위브더제니스,매매,109동,9/32,660000000,102.83,OWNER,"초록초록 예쁜 공원뷰,해 잘드는 밝은 집,주인거주 관리 잘 된 집",25.07.21,"['10년이내', '대단지', '방세개', '화장실두개']",남서향,21217719.53710007
경기도,용인시 기흥구,동백동,용인동백두산위브더제니스,전세,104동,19/25,480000000,102.83,OWNER,고층전세물건 방4 내부아주깨꿋함 상가 버스정류장이용편리함,25.07.21,"['10년이내', '대단지', '방네개이상', '화장실두개']",남서향,15431068.754254596
경기도,용인시 기흥구,동백동,용인동백두산위브더제니스,매매,108동,1/32,670000000,102.83,OWNER,"에어컨4대,중문,식세기,빌트인 냉장고 ,아이키우기 좋은 1층",25.07.19,"['10년이내', '대단지', '1층', '방네개이상']",남동향,21539200.13614704
경기도,용인시 기흥구,동백동,용인동백두산위브더제니스,매매,105동,1/25,610000000,102.83,OWNER,탁트인석성산전망굿 귀한1층 오픈형 에4 상가 버스정류장이용편리함 세안고,25.07.18,"['10년이내', '대단지', '1층', '방네개이상']",남동향,19610316.54186522
경기도,용인시 기흥구,동백동,용인동백두산위브더제니스,매매,102동,고/25,640000000,102.83,OWNER,"찾을때는 없는 매물, 미리 사두세요,",25.07.21,"['10년이내', '대단지', '방네개이상', '화장실두개']",남동향,20574758.33900613
경기도,용인시 기흥구,동백동,용인동백두산위브더제니스,매매,109동,고/32,640000000,102.83,OWNER,후면동 최고의 전망을 약속 합니다.,25.07.21,"['10년이내', '대단지', '방세개', '화장실두개']",남동향,20574758.33900613
경기도,용인시 기흥구,동백동,용인동백두산위브더제니스,매매,104동,저/25,650000000,102.83,OWNER,"햇살 맛집, 전망 맛집",25.07.21,"['10년이내', '대단지', '방세개', '화장실두개']",남동향,20896238.938053098
경기도,용인시 기흥구,동백동,용인동백두산위브더제니스,매매,102동,저/25,650000000,102.83,NDOC1,휴식을 부르는 안락한 뷰 맛집 입니다.,25.07.21,"['10년이내', '대단지', '방세개', '화장실두개']",남동향,20896238.938053098
경기도,용인시 기흥구,동백동,용인동백두산위브더제니스,매매,107동,저/32,680000000,102.83,OWNER,편안한 휴식을 선물해주는 기운좋은 집,25.07.21,"['10년이내', '대단지', '방세개', '화장실두개']",남서향,21860680.735194013
경기도,용인시 기흥구,동백동,용인동백두산위브더제니스,매매,104동,중/25,670000000,102.83,NDOC1,"로얄동,로얄층,로얄뷰, 어느것 하나 놓칠수 없는 당신을 기다려요",25.07.21,"['10년이내', '대단지', '방네개이상', '화장실두개']",남동향,21539200.13614704
경기도,용인시 기흥구,동백동,용인동백두산위브더제니스,매매,104동,고/25,700000000,102.83,OWNER,"석성산뷰가 선물 같은집,집에서만 머물고 싶으실꺼예요.",25.07.21,"['10년이내', '대단지', '방네개이상', '화장실두개']",남동향,22503641.933287952
경기도,용인시 기흥구,동백동,용인동백두산위브더제니스,매매,107동,고/32,700000000,102.83,NDOC1,햇빛이 잘들어 기분좋은 하루를 시작할수있는 집,25.07.21,"['10년이내', '대단지', '방세개', '화장실두개']",남향,22503641.933287952
경기도,용인시 기흥구,동백동,용인동백두산위브더제니스,매매,107동,고/32,700000000,102.83,NDOC1,"실속있는 수납, 실속있는 인테리어, 약속드려요",25.07.21,"['10년이내', '대단지', '방세개', '화장실두개']",남서향,22503641.933287952
경기도,용인시 기흥구,동백동,용인동백두산위브더제니스,매매,106동,저/32,579000000,102.83,NDOC1,"전담 물건, 공동 진행 어려워요",25.07.21,"['10년이내', '대단지', '방네개이상', '화장실두개']",남서향,18613726.684819605
경기도,용인시 기흥구,동백동,용인동백두산위브더제니스,월세,110동,중/28,1억/160,102.83,OWNER,"석성산뷰, 탁트힌 조망, 방4개, 보증금조절가능, 에어컨도 있어요.",25.07.21,"['10년이내', '대단지', '방네개이상', '화장실두개']",남동향,
경기도,용인시 기흥구,동백동,용인동백두산위브더제니스,매매,103동,고/25,700000000,102.83,OWNER,인테리어 되어 있는 풀옵션의 밝고 예쁜 집입니다.,25.07.21,"['10년이내', '대단지', '방세개', '화장실두개']",남서향,22503641.933287952
경기도,용인시 기흥구,동백동,용인동백두산위브더제니스,매매,101동,저/25,670000000,102.83,OWNER,하늘과 석성산 그리고 동백이 한눈에 들어 오는 집,25.07.21,"['10년이내', '대단지', '방네개이상', '화장실두개']",남향,21539200.13614704
경기도,용인시 기흥구,동백동,용인동백두산위브더제니스,매매,101동,저/25,730000000,102.83,OWNER,"탁트인 뷰 조망 좋아요,  시스템에어컨 5대, 관리잘된 집, 영구 조망권",25.07.21,"['10년이내', '대단지', '방세개', '화장실두개']",남동향,23468083.730428867
경기도,용인시 기흥구,동백동,용인동백두산위브더제니스,매매,109동,중/32,670000000,102.83,OWNER,초록초록 예쁜 공원뷰 그리고 시원한 고층뷰,25.07.19,"['10년이내', '대단지', '방세개', '화장실두개']",남서향,21539200.13614704
경기도,용인시 기흥구,동백동,용인동백두산위브더제니스,매매,109동,저/32,680000000,102.83,OWNER,"석성산이 보이고, 이쁘고 작은 분수가 보이는뷰, 화이트리모델링, 주인거주",25.07.16,"['10년이내', '대단지', '소형평수', '방세개']",남동향,21860680.735194013
경기도,용인시 기흥구,동백동,용인동백두산위브더제니스,매매,109동,저/32,680000000,102.83,OWNER,조용한동 공원전망굿 에2  상가 버스정류장 커뮤니티시설이용편리함,25.07.15,"['10년이내', '대단지', '방세개', '화장실두개']",남서향,21860680.735194013
경기도,용인시 기흥구,동백동,용인동백두산위브더제니스,매매,103동,고/25,650000000,102.83,OWNER,"입구동으로 커뮤니티이용 편리, 시스템에어컨5",25.07.15,"['10년이내', '대단지', '방네개이상', '화장실두개']",남서향,20896238.938053098
경기도,용인시 기흥구,동백동,용인동백두산위브더제니스,매매,106동,고/32,700000000,102.83,OWNER,"공원뷰 좋아요, 뷰 맛집, 관리잘된 집, 시스템에어컨, 상가이용편리한동",25.07.15,"['10년이내', '대단지', '방네개이상', '화장실두개']",남서향,22503641.933287952
경기도,용인시 기흥구,동백동,용인동백두산위브더제니스,월세,107동,중/32,2억/125,102.83,OWNER,"시스템에어컨5대,바닥 논슬립타일 ,실링펜 ,화이트샷시",25.07.14,"['10년이내', '융자금없는', '대단지', '방네개이상']",남서향,
경기도,용인시 기흥구,동백동,용인동백두산위브더제니스,매매,110동,25/28,670000000,102.83,OWNER,"전망,시스템에어컨5대,방4,정상입주",25.07.08,"['10년이내', '대단지', '방네개이상', '화장실두개']",남서향,21539200.13614704
경기도,용인시 기흥구,동백동,용인동백두산위브더제니스,매매,107동,중/32,700000000,102.83,OWNER,"이쁜 꽃담공원뷰 , 올리모델링, 바닥포세린타일, 벽면, 조명, 에어컨4대",25.07.08,"['10년이내', '대단지', '방세개', '화장실두개']",남서향,22503641.933287952
경기도,용인시 기흥구,동백동,용인동백두산위브더제니스,매매,109동,저/32,700000000,102.83,OWNER,"이쁜 꽃담공원뷰 , 전체 리모델링, 꿈꾸는 나의집, 시스템에어컨, 조명",25.07.05,"['10년이내', '대단지', '방세개', '화장실두개']",남서향,22503641.933287952
경기도,용인시 기흥구,동백동,용인동백두산위브더제니스,매매,101동,중/25,640000000,102.83,OWNER,전망굿  에4  커뮤니티시설 상가 버스정류장이용편리함 내부깨끗함 세안고,25.07.02,"['10년이내', '대단지', '방세개', '화장실두개']",남서향,20574758.33900613
경기도,용인시 기흥구,동백동,용인동백두산위브더제니스,전세,110동,저/28,460000000,102.83,OWNER,"탁트인뷰,  방4개, 아이키우기 좋은 환경, 조용한 로얄동, 산책로이쁜동",25.07.02,"['10년이내', '융자금없는', '대단지', '방네개이상']",남동향,14788107.556160653
경기도,용인시 기흥구,동백동,용인동백두산위브더제니스,매매,101동,저/25,670000000,102.83,OWNER,"조망굿, 석성산 뷰, 중문, 인덕션, 시스템에어컨. 빌트인냉장고 옵션가득",25.07.01,"['10년이내', '대단지', '방두개', '화장실두개']",남동향,21539200.13614704
경기도,용인시 기흥구,동백동,용인동백두산위브더제니스,매매,106동,중/32,670000000,102.83,OWNER,"올리모델링된 집,탁 트인 뷰,주인거주 관리 잘 된 집",25.06.25,"['4년이내', '대단지', '방세개', '화장실두개']",남서향,21539200.13614704
경기도,용인시 기흥구,동백동,용인동백두산위브더제니스,매매,110동,고/28,680000000,102.83,OWNER,"동백이 한 눈에 내려다 보이는 뷰, 고층 신축의 잘 관리된 집",25.06.24,"['4년이내', '대단지', '방네개이상', '화장실두개']",남동향,21860680.735194013
경기도,용인시 기흥구,동백동,용인동백두산위브더제니스,매매,101동,저/25,670000000,102.83,OWNER,"석성산 조망, 영구 조망권, 방4개, 관리잘된 집, 세안고 매매, 갭투자",25.06.24,"['10년이내', '대단지', '방네개이상', '화장실두개']",남서향,21539200.13614704
경기도,용인시 기흥구,동백동,용인동백두산위브더제니스,매매,107동,17/32,600000000,92.73,OWNER,석성산전망 조율가  시스템에어컨 중문 줄눈 상가 버스정류장이용편리함,25.07.21,"['10년이내', '대단지', '방세개', '화장실두개']",남동향,21389744.41928179
경기도,용인시 기흥구,동백동,용인동백두산위브더제니스,매매,105동,12/25,600000000,92.73,OWNER,예쁜정원전망굿 시스템에어컨4 상가 버스정류장이용편리한동,25.07.21,"['10년이내', '마당', '대단지', '방세개']",남서향,21389744.41928179
경기도,용인시 기흥구,동백동,용인동백두산위브더제니스,매매,108동,19/32,600000000,92.73,NDOC1,석성산전망굿 시스템에어컨등 옵션가득 커뮤니티시설 상가 버스정류장이용편리함,25.07.21,"['10년이내', '대단지', '방세개', '화장실두개']",남동향,21389744.41928179
경기도,용인시 기흥구,동백동,용인동백두산위브더제니스,매매,105동,20/25,580000000,92.73,OWNER,"수납빵빵,옵션빵빵, 가볍게 이사오실수 있어요",25.07.21,"['10년이내', '대단지', '방세개', '화장실두개']",남서향,20676752.93863906
경기도,용인시 기흥구,동백동,용인동백두산위브더제니스,매매,103동,5/25,600000000,92.73,OWNER,이보다 좋을순 없어요. 전망.인테리어.가격. 무조건 겟 하세요,25.07.21,"['10년이내', '대단지', '방세개', '화장실두개']",남동향,21389744.41928179
경기도,용인시 기흥구,동백동,용인동백두산위브더제니스,매매,105동,4/25,600000000,92.73,NDOC1,행복한 기운 그대로 이어받을 좋은 인연을 기다립니다.,25.07.21,"['10년이내', '대단지', '방세개', '화장실두개']",남서향,21389744.41928179
경기도,용인시 기흥구,동백동,용인동백두산위브더제니스,매매,103동,8/25,625000000,92.73,NDOC1,멋진전망 과 옵션들이 주인을 기다립니다.,25.07.21,"['10년이내', '대단지', '방세개', '화장실두개']",남동향,22280983.770085193
경기도,용인시 기흥구,동백동,용인동백두산위브더제니스,매매,107동,1/32,610000000,92.73,OWNER,"귀한 1층 매매, 에어컨 4대, 중문, LED등, 인덕션, 줄눈,탄성",25.07.21,"['10년이내', '대단지', '1층', '방세개']",남동향,21746240.15960315
경기도,용인시 기흥구,동백동,용인동백두산위브더제니스,매매,101동,중/25,600000000,92.73,OWNER,"탁트인 석성산 뷰 조망 좋아요,  관리잘된 집, 마트 및 커뮤니티이용편리",25.07.21,"['10년이내', '대단지', '방세개', '화장실두개']",남동향,21389744.41928179
경기도,용인시 기흥구,동백동,용인동백두산위브더제니스,전세,110동,고/28,450000000,92.73,OWNER,"고층의 시원한 뷰, 시원한 에어컨이 더위를 날려줄 집",25.07.21,"['10년이내', '대단지', '방세개', '화장실두개']",남동향,16042308.31446134
경기도,용인시 기흥구,동백동,용인동백두산위브더제니스,매매,106동,중/32,600000000,92.73,OWNER,"이쁜 정원뷰, 관리잘된 집, 상가이용이 편리한동, 버스정류장 가까운동",25.07.21,"['10년이내', '대단지', '방세개', '화장실두개']",남동향,21389744.41928179
경기도,용인시 기흥구,동백동,용인동백두산위브더제니스,매매,102동,저/25,600000000,92.73,OWNER,"탁트인뷰 너무 좋아요, 시스템 에어컨 , 관리잘된 집, 세안고 매매",25.07.21,"['10년이내', '대단지', '방세개', '화장실두개']",남동향,21389744.41928179
경기도,용인시 기흥구,동백동,용인동백두산위브더제니스,매매,105동,고/25,590000000,92.73,OWNER,"이쁜정원뷰, 시스템에어컨4대, 중문, 관리잘된집, 위치 좋고 이쁜집",25.07.21,"['10년이내', '대단지', '방세개', '화장실두개']",남서향,21033248.678960424
경기도,용인시 기흥구,동백동,용인동백두산위브더제니스,매매,106동,저/32,580000000,92.73,OWNER,"이쁜 공원뷰, 시스템에어컨,  버스정류장 및 상가이용편리동, 세안고매매",25.07.17,"['10년이내', '대단지', '방세개', '화장실두개']",남동향,20676752.93863906
경기도,용인시 기흥구,동백동,용인동백두산위브더제니스,월세,103동,저/25,2억/120,92.73,OWNER,"석성산이 보이는 전망좋은 집, 시스템에어컨",25.07.15,"['10년이내', '대단지', '방세개', '화장실두개']",남동향,
경기도,용인시 기흥구,동백동,용인동백두산위브더제니스,매매,110동,중/28,630000000,92.73,OWNER,"석성산 뷰, 전망굿, 막힘없는뷰, 조용한 로얄동, 관리잘된 집, 추천매물",25.07.15,"['10년이내', '대단지', '방세개', '화장실두개']",남동향,22459231.640245877
경기도,용인시 기흥구,동백동,용인동백두산위브더제니스,매매,104동,고/25,620000000,92.73,OWNER,"석성산 조망 이뻐요, 시스템에어컨 4대, 관리잘된 집, 버스정류장편리한동",25.07.15,"['10년이내', '대단지', '방세개', '화장실두개']",남동향,22102735.899924513
경기도,용인시 기흥구,동백동,용인동백두산위브더제니스,매매,105동,중/25,600000000,92.73,OWNER,"예쁜 정원이 보이는 집, 버스정류장 상가 가까운동, 시스템에어컨",25.07.02,"['10년이내', '마당', '대단지', '방세개']",남서향,21389744.41928179
경기도,용인시 기흥구,동백동,용인동백두산위브더제니스,매매,108동,중/32,630000000,92.73,OWNER,"석성산이 보이는 예쁜 뷰,아늑한 집,에어컨4대,중문등",25.07.02,"['10년이내', '대단지', '방세개', '화장실두개']",남동향,22459231.640245877
경기도,용인시 기흥구,동백동,용인동백두산위브더제니스,전세,109동,중/32,430000000,92.73,NDOC1,석성산전망굿 시스템에어컨4 관리잘되어내부 아주깨끗함,25.06.26,"['4년이내', '대단지', '방세개', '화장실두개']",남동향,15329316.833818614
경기도,용인시 기흥구,동백동,용인동백두산위브더제니스,매매,102동,중/25,630000000,92.73,OWNER,"최고의 조망권, 시스템 에어컨 4대, 줄눈, 짧은 세안고 매매",25.06.26,"['10년이내', '대단지', '방세개', '화장실두개']",남동향,22459231.640245877
경기도,용인시 기흥구,동백동,용인동백두산위브더제니스,전세,108동,저/32,430000000,92.73,OWNER,"조용하고, 단지뷰가 예쁜 관리잘된 집",25.06.26,"['4년이내', '대단지', '방세개', '화장실두개']",남동향,15329316.833818614
경기도,용인시 기흥구,동백동,용인하우스디동백테라스(도시형),매매,117동,1/1,530000000,93.64,OWNER,"환상적인 숲조망, 유일한 넓은 테라스 세대, 루프탑",25.07.18,"['10년이내', '테라스', '1층', '복층']",남동향,18710658.372490387
경기도,용인시 기흥구,동백동,용인하우스디동백테라스(도시형),매매,113동,1/1,450000000,93.64,OWNER,"조용한동,주차2대,관리잘되어 있음.",25.07.17,"['10년이내', '1층', '복층', '방세개']",남동향,15886408.052114481
경기도,용인시 기흥구,동백동,용인하우스디동백테라스(도시형),매매,114동,1/1,450000000,93.64,OWNER,"다락방확장 중문, 테라스산전망굿, 조용한동 ,상태깨끗, 정상입주",25.07.14,"['10년이내', '테라스', '1층', '방세개']",남동향,15886408.052114481
경기도,용인시 기흥구,동백동,용인하우스디동백테라스(도시형),매매,106동,1/1,415000000,93.64,OWNER,"태양광, 주방확장, 다락테라스, 인테리어되어 아주깨끗, 10월부터 협의",25.07.14,"['10년이내', '테라스', '1층', '방세개']",남동향,14650798.536950022
경기도,용인시 기흥구,동백동,용인하우스디동백테라스(도시형),매매,112동,1/1,500000000,93.64,OWNER,"산전망 최고, 채광좋은 남향, 주차편리, 옥상방수시공, 관리잘되어 깨끗",25.07.10,"['10년이내', '1층', '방세개', '화장실세개']",남향,17651564.502349425
경기도,용인시 기흥구,동백동,용인하우스디동백테라스(도시형),매매,115동,1/1,480000000,93.64,OWNER,"주차2대,주방및다락방확장,주인거주",25.07.03,"['10년이내', '1층', '방세개', '화장실세개']",남동향,16945501.92225545
경기도,용인시 기흥구,동백동,용인하우스디동백테라스(도시형),매매,107동,1/1,480000000,93.64,OWNER,주인거주 깨끗 테라스 옥상테라스,25.06.30,"['10년이내', '테라스', '1층', '방세개']",남동향,16945501.92225545
경기도,용인시 기흥구,동백동,용인하우스디동백테라스(도시형),매매,107동,1/1,480000000,93.64,NONE,"다락방,주방확장,깨끗,정상입주",25.07.21,"['10년이내', '1층', '방세개', '화장실세개']",남동향,16945501.92225545
경기도,용인시 기흥구,동백동,용인하우스디동백테라스(도시형),매매,112동,1/1,500000000,93.64,NONE,"주방확장,주차2대가능,입주일협의",25.07.03,"['10년이내', '1층', '방세개', '화장실세개']",남향,17651564.502349425
경기도,용인시 기흥구,동백동,용인하우스디동백테라스(도시형),매매,111동,3/1,450000000,93.64,NONE,,25.06.23,"['10년이내', '방세개', '화장실두개', '고층']",서향,15886408.052114481
경기도,용인시 기흥구,동백동,해든마을동문굿모닝힐,매매,105동,1/20,500000000,112.65,OWNER,귀한 1층 프리미엄확장 뷰 굿 주인거주 하시입주 가능,25.07.18,"['25년이내', '1층', '방세개', '화장실두개']",남동향,14672814.025743455
경기도,용인시 기흥구,동백동,해든마을동문굿모닝힐,매매,101동,4/17,500000000,112.65,OWNER,올확장형 이마트 중심상가 광역버스이용편리 상태 깨끗,25.07.16,"['25년이내', '방세개', '화장실두개', '세대당1대']",동향,14672814.025743455
경기도,용인시 기흥구,동백동,해든마을동문굿모닝힐,매매,101동,8/17,500000000,110.8,OWNER,올확장 이마트상권과  주변 인프라 좋은 입지,25.07.21,"['25년이내', '방세개', '화장실두개', '중층']",동향,14917802.346570399
경기도,용인시 기흥구,동백동,해든마을동문굿모닝힐,매매,105동,8/20,480000000,110.8,OWNER,상태깨끗 주인거주,25.07.21,"['25년이내', '방세개', '화장실두개', '중층']",동향,14321090.252707582
경기도,용인시 기흥구,동백동,해든마을동문굿모닝힐,매매,102동,14/15,530000000,110.8,OWNER,프리미엄확장 집상태 주인거주로 상태 매우 좋아요,25.07.20,"['25년이내', '방세개', '화장실두개', '고층']",남향,15812870.487364622
경기도,용인시 기흥구,동백동,해든마을동문굿모닝힐,매매,106동,4/20,470000000,110.8,OWNER,최근 올수리 확장형  조용한동 전세끼고 매매,25.07.20,"['25년이내', '올수리', '방세개', '화장실두개']",남향,14022734.205776175
경기도,용인시 기흥구,동백동,해든마을동문굿모닝힐,매매,105동,17/20,480000000,110.8,OWNER,올수리확장형 시원한 뷰 집상태  양호함,25.07.20,"['25년이내', '올수리', '방세개', '화장실두개']",남서향,14321090.252707582
경기도,용인시 기흥구,동백동,해든마을동문굿모닝힐,매매,101동,17/17,500000000,110.8,OWNER,탑층 올확장 입구동 이마트 버스정류장,25.07.20,"['25년이내', '탑층', '방세개', '화장실두개']",남향,14917802.346570399
경기도,용인시 기흥구,동백동,해든마을동문굿모닝힐,매매,105동,6/20,510000000,110.8,OWNER,방 1확장 상태깨끗 폴딩도어 주인거주,25.07.19,"['25년이내', '방세개', '화장실두개', '세대당1대']",남향,15216158.393501807
경기도,용인시 기흥구,동백동,해든마을동문굿모닝힐,매매,104동,17/20,510000000,110.8,OWNER,올확장 상태깨끗 5년전 수리 욕실 씽크대,25.07.19,"['25년이내', '방세개', '화장실두개', '고층']",남향,15216158.393501807
경기도,용인시 기흥구,동백동,해든마을동문굿모닝힐,매매,102동,2/15,460000000,110.8,OWNER,공원뷰 올확장형 정남향 이마트상권 광역버스 이용편리,25.07.17,"['25년이내', '방세개', '화장실두개', '세대당1대']",남향,13724378.158844767
경기도,용인시 기흥구,동백동,해든마을동문굿모닝힐,전세,102동,14/15,350000000,110.8,OWNER,"프리미엄확장형,집 상태 매우깨끗함,",25.07.16,"['25년이내', '융자금없는', '방세개', '화장실두개']",남향,10442461.642599279
경기도,용인시 기흥구,동백동,해든마을동문굿모닝힐,매매,105동,1/20,450000000,110.8,OWNER,올확장형 1층 정원뷰 햇빛잘드는집 남향,25.07.15,"['25년이내', '1층', '방세개', '화장실두개']",남향,13426022.111913359
경기도,용인시 기흥구,동백동,해든마을동문굿모닝힐,매매,103동,중/20,520000000,110.8,OWNER,"올확장,교통,이마트등상권이용편리,호수공원,세브란스병원인근,주인거주",25.07.21,"['25년이내', '방세개', '화장실두개', '중층']",남향,15514514.440433213
경기도,용인시 기흥구,동백동,해든마을동문굿모닝힐,매매,101동,저/17,500000000,110.8,OWNER,올확장 깨끗 입구동 이마트 중심상가 정류장이용편리,25.07.21,"['25년이내', '방세개', '화장실두개', '세대당1대']",동향,14917802.346570399
경기도,용인시 기흥구,동백동,해든마을동문굿모닝힐,매매,106동,저/20,490000000,110.8,OWNER,올확장 수리 주인거주 깨끗 이마트 정류장이용편리,25.07.19,"['25년이내', '방세개', '화장실두개', '세대당1대']",남향,14619446.29963899
경기도,용인시 기흥구,동백동,해든마을동문굿모닝힐,매매,106동,5/20,500000000,110.8,NDOC1,"주인거주중으로 입주협의가능,내부확장형,중문,붙박이장,드레스룸설치",25.07.10,"['25년이내', '방세개', '화장실두개', '세대당1대']",남향,14917802.346570399
경기도,용인시 기흥구,동백동,해든마을동문굿모닝힐,매매,103동,10/20,520000000,110.8,OWNER,이마트 중심상권 교통편리 프리미엄확장형 집상태 깨끗함,25.07.09,"['25년이내', '방세개', '화장실두개', '중층']",남향,15514514.440433213
경기도,용인시 기흥구,동백동,해든마을동문굿모닝힐,매매,104동,5/20,500000000,110.8,OWNER,이마트중심상권 서울출퇴근 교통편리 부분수리함 주인거주,25.07.09,"['25년이내', '방세개', '화장실두개', '세대당1대']",남향,14917802.346570399
경기도,용인시 기흥구,동백동,해든마을동문굿모닝힐,매매,104동,8/20,500000000,110.8,OWNER,프리미엄확장형 집상태 매우깨끗함.,25.07.09,"['25년이내', '방세개', '화장실두개', '중층']",남향,14917802.346570399
경기도,용인시 기흥구,동백동,해든마을동문굿모닝힐,매매,101동,17/17,500000000,110.8,OWNER,"남향, 입구동,  버스정류장, 동백이마트, 호수공원산책로",25.07.07,"['25년이내', '탑층', '방세개', '화장실두개']",남향,14917802.346570399
경기도,용인시 기흥구,동백동,해든마을동문굿모닝힐,전세,106동,18/20,350000000,110.8,DOC,상태깨끗 올확장  교통편리,25.07.16,"['25년이내', '방세개', '화장실두개', '고층']",남향,10442461.642599279
경기도,용인시 기흥구,동백동,해든마을동문굿모닝힐,월세,106동,1/20,1억/110,110.8,OWNER,높은 1 층 입니다. 햇빛 잘들어요,25.07.05,"['25년이내', '1층', '방세개', '화장실두개']",남향,
경기도,용인시 기흥구,동백동,해든마을동문굿모닝힐,전세,106동,저/20,350000000,110.8,OWNER,확장형 교통편리 주인거주 이사협의,25.07.08,"['25년이내', '방세개', '화장실두개', '세대당1대']",남향,10442461.642599279
경기도,용인시 기흥구,동백동,해든마을동문굿모닝힐,매매,104동,15/20,500000000,110.8,OWNER,올확장형 중간라인 주인거주 잘관리된 깨끗한집,25.06.30,"['25년이내', '방세개', '화장실두개', '고층']",남향,14917802.346570399
경기도,용인시 기흥구,동백동,해든마을동문굿모닝힐,매매,106동,17/20,490000000,110.8,OWNER,확장형 매우조용하고 주인거주 집 상태 깨끗함.,25.06.30,"['25년이내', '방세개', '화장실두개', '고층']",남향,14619446.29963899
경기도,용인시 기흥구,동백동,해든마을동문굿모닝힐,매매,103동,고/20,550000000,110.8,DOC,정상입주. 이마트상권. 광역버스이용편리,25.07.14,"['25년이내', '방세개', '화장실두개', '고층']",남향,16409582.581227439
경기도,용인시 기흥구,동백동,해든마을동문굿모닝힐,매매,101동,12/17,480000000,110.8,OWNER,"이마트 중심상권, 강남역, 광화문,교대,광역버스, 출퇴근이용편리",25.06.24,"['25년이내', '방세개', '화장실두개', '고층']",남향,14321090.252707582
경기도,용인시 기흥구,동백동,해든마을동문굿모닝힐,매매,103동,4/20,470000000,110.8,OWNER,"프리미엄확장형 ,세입자 전세금35000만원 안고 매매",25.06.23,"['25년이내', '방세개', '화장실두개', '세대당1대']",남향,14022734.205776175
경기도,용인시 기흥구,동백동,해든마을동문굿모닝힐,매매,106동,16/20,510000000,110.8,OWNER,올수리 확장형 조용하고 주인거주 잘 관리된 깨끗한 집,25.06.23,"['25년이내', '올수리', '방세개', '화장실두개']",남향,15216158.393501807
경기도,용인시 기흥구,동백동,해든마을동문굿모닝힐,매매,105동,4/20,510000000,110.8,OWNER,확장 깨끗 주차장연결 단지앞 정류장 이마트,25.06.23,"['25년이내', '방세개', '화장실두개', '세대당1대']",남향,15216158.393501807
경기도,용인시 기흥구,동백동,호수마을계룡리슈빌,매매,1405동,6/23,500000000,113.35,MOBL,올확장 하시 이사가능 엘베연결 공원연결,25.07.21,"['25년이내', '방세개', '화장실두개', '세대당1대']",남향,14582201.146890165
경기도,용인시 기흥구,동백동,호수마을계룡리슈빌,매매,1405동,2/23,480000000,113.35,MOBL,확장 로얄동 공원인접 이사협의가능,25.07.21,"['25년이내', '방세개', '화장실두개', '세대당1대']",남향,13998913.101014556
경기도,용인시 기흥구,동백동,호수마을계룡리슈빌,매매,1405동,15/23,530000000,113.35,OWNER,로얄동. 올확장. 엘베지하주차장연결.세안고,25.07.18,"['25년이내', '방세개', '화장실두개', '중층']",남향,15457133.215703575
경기도,용인시 기흥구,동백동,호수마을계룡리슈빌,매매,1404동,19/23,540000000,113.35,OWNER,"올리모델링,올확장,전망굿,지하엘베연결,정상입주가능,초중고도보",25.07.16,"['25년이내', '방세개', '화장실두개', '고층']",남향,15748777.23864138
경기도,용인시 기흥구,동백동,호수마을계룡리슈빌,매매,1406동,11/20,500000000,113.35,OWNER,"거실확장, 정남향, 엘리베이터 지하주차장 연결",25.07.16,"['25년이내', '방세개', '화장실두개', '중층']",남향,14582201.146890165
경기도,용인시 기흥구,동백동,호수마을계룡리슈빌,매매,1404동,21/23,553000000,113.35,OWNER,"올확장, 중문, LED전등 설치, 화이트 인테리어, 붙박이장",25.07.15,"['25년이내', '방세개', '화장실두개', '고층']",남향,16127914.468460523
경기도,용인시 기흥구,동백동,호수마을계룡리슈빌,매매,1406동,고/20,550000000,113.35,OWNER,트인뷰. 방2확장. 씽크대.화장실 수리.엘베지하주차장연결,25.07.21,"['25년이내', '욕실수리', '방세개', '화장실두개']",남향,16040421.261579182
경기도,용인시 기흥구,동백동,호수마을계룡리슈빌,매매,1407동,중/17,520000000,113.35,OWNER,가격 조정가능 올확장 주인거주 해 잘드는집,25.07.17,"['25년이내', '방세개', '화장실두개', '중층']",남향,15165489.192765772
경기도,용인시 기흥구,동백동,호수마을계룡리슈빌,월세,1403동,고/20,"2억 7,500/30",113.35,OWNER,"기본,깨끗함,10월중순협의",25.07.16,"['25년이내', '융자금없는', '방세개', '화장실두개']",남향,
경기도,용인시 기흥구,동백동,호수마을계룡리슈빌,매매,1409동,5/23,550000000,113.35,OWNER,"올확장, 최근 화이트 인테리어, 예쁜집, 엘리베이터 지하주차장 연결",25.07.05,"['25년이내', '방세개', '화장실두개', '세대당1대']",남향,16040421.261579182
경기도,용인시 기흥구,동백동,호수마을계룡리슈빌,매매,1404동,중/23,520000000,113.35,OWNER,"확장, 정남향, 엘리베이터 지하주차장 연결",25.07.11,"['25년이내', '방세개', '화장실두개', '중층']",남향,15165489.192765772
경기도,용인시 기흥구,동백동,호수마을계룡리슈빌,매매,1405동,20/23,600000000,113.35,OWNER,로얄동.올인테리어. 확장. 주인거주.,25.07.04,"['25년이내', '방세개', '화장실두개', '고층']",남향,17498641.376268197
경기도,용인시 기흥구,동백동,호수마을계룡리슈빌,매매,1405동,14/23,560000000,113.35,OWNER,로얄동.깨끗. 입주.주인전세도 가능.엘베지하주차장연결,25.07.02,"['25년이내', '방세개', '화장실두개', '중층']",남향,16332065.284516985
경기도,용인시 기흥구,동백동,호수마을계룡리슈빌,매매,1407동,17/17,600000000,113.35,OWNER,"Top층,  최근 화이트 인테리어, 확장, 다락방과 테라스가 덤이예요",25.07.01,"['25년이내', '테라스', '탑층', '방세개']",남향,17498641.376268197
경기도,용인시 기흥구,동백동,호수마을계룡리슈빌,매매,1406동,17/20,500000000,113.35,OWNER,"정남향, 엘리베이터 지하주차장 연결",25.06.30,"['25년이내', '방세개', '화장실두개', '고층']",남향,14582201.146890165
경기도,용인시 기흥구,동백동,호수마을계룡리슈빌,매매,1405동,7/23,520000000,113.35,OWNER,로얄동. 기본. 깨끗하게 관리된 집.엘베지하주차장연결,25.06.30,"['25년이내', '방세개', '화장실두개', '세대당1대']",남향,15165489.192765772
경기도,용인시 기흥구,동백동,호수마을계룡리슈빌,매매,1409동,저/23,480000000,113.35,OWNER,기본. 깨끗.엘베지하주차장연결,25.07.04,"['25년이내', '방세개', '화장실두개', '세대당1대']",남향,13998913.101014556
경기도,용인시 기흥구,동백동,호수마을계룡리슈빌,매매,1404동,중/23,560000000,113.35,OWNER,올확장. 인테리어된 예쁜 집.엘베 지하주차장 연결.,25.07.02,"['25년이내', '방세개', '화장실두개', '중층']",남향,16332065.284516985
경기도,용인시 기흥구,동백동,호수마을계룡리슈빌,매매,1403동,고/20,520000000,113.35,OWNER,"기본, 화이트 인테리어 예쁜집",25.06.27,"['25년이내', '방세개', '화장실두개', '고층']",남향,15165489.192765772
경기도,용인시 기흥구,동백동,호수마을계룡리슈빌,매매,1405동,1/23,560000000,113.35,DOC,"인테리어된 예쁜집,개인 텃밭,사생활보호 되는 숲속 뷰,학군 좋고 교통굿",25.06.30,"['25년이내', '1층', '방세개', '화장실두개']",남향,16332065.284516985
경기도,용인시 기흥구,동백동,호수마을계룡리슈빌,매매,1405동,15/23,530000000,113.35,NONE,"올확장,2년전도배,지하주차장연결,입주8월말",25.06.23,"['25년이내', '방세개', '화장실두개', '중층']",남향,15457133.215703575
경기도,용인시 기흥구,동백동,호수마을계룡리슈빌,매매,1401동,중/15,500000000,99.54,OWNER,로얄동. 트인뷰. 깨끗하게 관리된 집.엘베지하주차장연결.,25.07.07,"['25년이내', '방세개', '화장실두개', '중층']",남향,16605309.423347397
경기도,용인시 기흥구,동백동,호수마을계룡리슈빌,매매,1408동,저/15,460000000,99.35,OWNER,확장 깨끗함. 세끼고 or입주가능,25.06.24,"['25년이내', '방세개', '화장실두개', '세대당1대']",남향,15306100.654252643
경기도,용인시 기흥구,동백동,호수마을동보노빌리티,매매,1204동,10/24,680000000,145.67,OWNER,확장 중문 붙박이장,25.07.19,"['25년이내', '대형평수', '방네개이상', '화장실두개']",남향,15431686.689091787
경기도,용인시 기흥구,동백동,호수마을동보노빌리티,매매,1206동,2/24,620000000,145.67,OWNER,"확장, 로얄동,공원뷰",25.07.17,"['25년이내', '대형평수', '방네개이상', '화장실두개']",남향,14070067.275348391
경기도,용인시 기흥구,동백동,호수마을동보노빌리티,매매,1204동,9/24,650000000,145.67,OWNER,"방4개, 기본, 엘리베이터 지하주차장 연결",25.07.16,"['25년이내', '대형평수', '방네개이상', '화장실두개']",남향,14750876.982220087
경기도,용인시 기흥구,동백동,호수마을동보노빌리티,매매,1207동,중/16,710000000,145.67,OWNER,"올확장,올인테리어,집상태최상,확트인전망뷰,지하엘베연결,입주협의",25.07.21,"['25년이내', '대형평수', '방네개이상', '화장실두개']",남향,16112496.395963483
경기도,용인시 기흥구,동백동,호수마을동보노빌리티,매매,1206동,21/24,670000000,145.67,OWNER,세안고 안방확장 전망굿 지하주차장연결 초교인접,25.07.11,"['25년이내', '대형평수', '방네개이상', '화장실두개']",남향,15204750.120134553
경기도,용인시 기흥구,동백동,호수마을동보노빌리티,매매,1208동,7/13,700000000,145.67,DOC,"올확장, 세안고5.3억전세,정남향, 로얄동,엘베 주차장 연결",25.07.19,"['25년이내', '대형평수', '방네개이상', '화장실두개']",남향,15885559.827006247
경기도,용인시 기흥구,동백동,호수마을동보노빌리티,전세,1208동,7/13,500000000,145.67,OWNER,"막히지 않은 공원 전망, 지하주차장 연결, 관리잘된 집",25.07.07,"['25년이내', '대형평수', '방네개이상', '화장실두개']",남향,11346828.447861606
경기도,용인시 기흥구,동백동,호수마을동보노빌리티,매매,1204동,4/24,650000000,145.67,OWNER,확장 공원전망 깨끗 지하주차장연결,25.06.23,"['25년이내', '대형평수', '방네개이상', '화장실두개']",남향,14750876.982220087
경기도,용인시 기흥구,동백동,호수마을동보노빌리티,매매,1204동,21/24,650000000,145.67,DOC,"기본형,방4개,전망좋음,주인거주,조정가,입주날짜협의",25.06.23,"['25년이내', '대형평수', '방네개이상', '화장실두개']",남향,14750876.982220087
경기도,용인시 기흥구,동백동,호수마을동보노빌리티,매매,1208동,중/13,700000000,145.67,NONE,확장 전망굿 초교인접 엘베지하주차장연결,25.07.16,"['25년이내', '대형평수', '방네개이상', '화장실두개']",남향,15885559.827006247
경기도,용인시 기흥구,동백동,호수마을동보노빌리티,매매,1207동,10/16,680000000,145.67,NONE,기본 공원뷰 세안고 지하주차장연결 초중고도보가능,25.07.10,"['25년이내', '대형평수', '방네개이상', '화장실두개']",남향,15431686.689091787
경기도,용인시 기흥구,동백동,호수마을동보노빌리티,매매,1208동,10/13,750000000,145.67,NONE,"기본,탑층,올수리,지하주차장연결,입주협의",25.06.30,"['25년이내', '올수리', '대형평수', '방네개이상']",남향,17020242.67179241
경기도,용인시 기흥구,동백동,호수마을동보노빌리티,매매,1206동,2/24,620000000,145.67,NONE,올확장 주인거주 날짜자유로움 아늑한정원수전망굿 깨끗하게관리잘됨,25.06.23,"['25년이내', '마당', '대형평수', '방네개이상']",남향,14070067.275348391
경기도,용인시 기흥구,동백동,호수마을동보노빌리티,매매,1205동,17/18,570000000,109.91,OWNER,부분수리 깨끗 초교인접 주인거주 지하주차장연결,25.07.21,"['25년이내', '방세개', '화장실두개', '고층']",남향,17144003.730324812
경기도,용인시 기흥구,동백동,호수마을동보노빌리티,매매,1205동,2/18,515000000,109.91,OWNER,필로티2층 확장 초교인접 지하주차장연결,25.07.18,"['25년이내', '필로티', '방세개', '화장실두개']",남향,15489757.756346103
경기도,용인시 기흥구,동백동,호수마을동보노빌리티,매매,1202동,9/16,570000000,109.91,OWNER,확장. 화이트인테리어. 입주.,25.07.15,"['25년이내', '방세개', '화장실두개', '중층']",남향,17144003.730324812
경기도,용인시 기흥구,동백동,호수마을동보노빌리티,매매,1201동,9/16,530000000,109.91,OWNER,기본 전망굿 초교인접 엘베주차장연결,25.07.10,"['25년이내', '방세개', '화장실두개', '중층']",남향,15940915.749249388
경기도,용인시 기흥구,동백동,호수마을동보노빌리티,매매,1205동,9/18,600000000,109.91,OWNER,확장형 부분수리 붙박이장 결로없이깨끗한집 주인거주,25.07.03,"['25년이내', '방세개', '화장실두개', '중층']",남향,18046319.71613138
경기도,용인시 기흥구,동백동,호수마을상록롯데캐슬,매매,1001동,11/24,590000000,107.97,OWNER,기본 중간라인 공실 전체도배완료 언제든지 입주가능 공사협조가능 동백초 이,25.07.21,"['25년이내', '방세개', '화장실두개', '중층']",남서향,18064398.907103825
경기도,용인시 기흥구,동백동,호수마을상록롯데캐슬,매매,1001동,3/24,560000000,107.97,OWNER,"기본,깨끗,초교근거리",25.07.14,"['25년이내', '방세개', '화장실두개', '세대당1대']",남서향,17145870.149115495
경기도,용인시 기흥구,동백동,호수마을상록롯데캐슬,매매,1001동,3/24,575000000,107.97,OWNER,2년전 올확장 부분수리 주인거주 아주깨끗 중간라인 동백초앞 호수공원 이마,25.07.11,"['25년이내', '방세개', '화장실두개', '세대당1대']",남서향,17605134.52810966
경기도,용인시 기흥구,동백동,호수마을상록롯데캐슬,매매,1002동,23/24,580000000,107.97,OWNER,"거실확장,2020년올수리인테리어,세끼고,중심상가편리,이마트인근",25.07.10,"['25년이내', '올수리', '방세개', '화장실두개']",남서향,17758222.654441047
경기도,용인시 기흥구,동백동,호수마을상록롯데캐슬,매매,1005동,고/25,600000000,107.97,OWNER,"조용한로얄동, 중간라인, 초품아,호수공원,이마트상권이용편리",25.07.12,"['25년이내', '방세개', '화장실두개', '고층']",남서향,18370575.159766603
경기도,용인시 기흥구,동백동,호수마을상록롯데캐슬,매매,1002동,14/24,550000000,107.97,OWNER,기본 부분수리되어 아주깨끗하게 관리됨 세안고 동백초,25.06.30,"['25년이내', '방세개', '화장실두개', '중층']",남서향,16839693.896452717
경기도,용인시 기흥구,동백동,호수마을상록롯데캐슬,매매,1006동,17/25,590000000,107.97,OWNER,"기본형,세안고,공원인접동,동백초,이마트인근,",25.06.27,"['25년이내', '방세개', '화장실두개', '고층']",남서향,18064398.907103825
경기도,용인시 기흥구,동백동,호수마을상록롯데캐슬,매매,1004동,15/25,550000000,107.97,OWNER,"확장,인테리어 세안고,상태굿",25.06.26,"['25년이내', '방세개', '화장실두개', '중층']",남서향,16839693.896452717
경기도,용인시 기흥구,동백동,호수마을상록롯데캐슬,매매,1003동,3/24,540000000,107.97,OWNER,기본 짧은세안고 중간라인 도배 등교체되어 깨끗하게 관리잘된집,25.06.23,"['25년이내', '방세개', '화장실두개', '세대당1대']",남서향,16533517.643789943
경기도,용인시 기흥구,동백동,호수마을상록롯데캐슬,매매,1006동,4/25,610000000,107.97,NONE,확장 씽크대교체 안방붙박이장 주인거주 공원뷰좋아요 깨끗하게 관리잘된집,25.07.07,"['25년이내', '방세개', '화장실두개', '세대당1대']",남서향,18676751.41242938
경기도,용인시 기흥구,동백동,호수마을서해그랑블,전세,1108동,7/25,380000000,111.16,OWNER,"기본,깨끗함,12월초 협의,동백초중고 인접",25.07.16,"['25년이내', '방세개', '화장실두개', '세대당1대']",남향,11300812.34256927
경기도,용인시 기흥구,동백동,호수마을서해그랑블,월세,1108동,7/25,"5,000/140",111.16,OWNER,"기본,깨끗함,도배,Led등,12월초협의,동백초중고입접",25.07.15,"['25년이내', '방세개', '화장실두개', '세대당1대']",남향,
경기도,용인시 기흥구,동백동,호수마을서해그랑블,매매,1108동,고/25,540000000,111.16,OWNER,올확장  주인거주 깨끗함. 전망 좋음,25.07.19,"['25년이내', '방세개', '화장실두개', '고층']",남향,16059049.11838791
경기도,용인시 기흥구,동백동,호수마을서해그랑블,매매,1108동,저/25,500000000,111.16,OWNER,확장 깨끗 전망좋음.,25.07.10,"['25년이내', '방세개', '화장실두개', '세대당1대']",남향,14869489.92443325
경기도,용인시 기흥구,동백동,호수마을서해그랑블,매매,1108동,중/25,530000000,111.16,OWNER,올확장.폴딩도어.특올수리.트인뷰. 세안고,25.07.04,"['25년이내', '올수리', '방세개', '화장실두개']",남향,15761659.319899248
경기도,용인시 기흥구,동백동,호수마을서해그랑블,매매,1108동,중/25,510000000,111.16,OWNER,"방2확장,전망좋은동,빠른입주도 가능함",25.06.30,"['25년이내', '방세개', '화장실두개', '중층']",남향,15166879.722921917
경기도,용인시 기흥구,동백동,호수마을서해그랑블,매매,1107동,중/25,550000000,111.16,OWNER,"확장,최고전망,동백초학군,즉시입주,조정가",25.06.23,"['25년이내', '방세개', '화장실두개', '중층']",남향,16356438.916876575
경기도,용인시 기흥구,동백동,호수마을서해그랑블,매매,1109동,1/20,500000000,110.15,OWNER,"확장,동백초학군,단독정원,아이키우기좋음,공원인접,입주협의",25.07.21,"['25년이내', '마당', '1층', '방세개']",남향,15005832.95506128
경기도,용인시 기흥구,동백동,호수마을서해그랑블,매매,1105동,4/17,520000000,110.15,OWNER,"로얄동,기본형,집깨끗,주인거주,동백초,협의입주",25.07.21,"['25년이내', '방세개', '화장실두개', '세대당1대']",남향,15606066.27326373
경기도,용인시 기흥구,동백동,호수마을서해그랑블,매매,1104동,2/15,490000000,110.15,OWNER,"올확장,공실,깨끗함,빠른입주가능함,동백초중고 인접",25.07.18,"['25년이내', '방세개', '화장실두개', '세대당1대']",남향,14705716.295960056
경기도,용인시 기흥구,동백동,호수마을서해그랑블,매매,1101동,고/19,520000000,110.15,OWNER,기본 깨끗함  공가 빠른입주가능,25.07.21,"['25년이내', '방세개', '화장실두개', '고층']",남향,15606066.27326373
경기도,용인시 기흥구,동백동,호수마을서해그랑블,매매,1109동,고/20,500000000,110.15,OWNER,"올확장,세끼고,실입주가능,동백초학군",25.07.21,"['25년이내', '방세개', '화장실두개', '고층']",남향,15005832.95506128
경기도,용인시 기흥구,동백동,호수마을서해그랑블,매매,1109동,20/20,550000000,110.15,OWNER,"탑층,싱크대,마루 교체,화장실부분수리,넓은다락방있음,입주협의",25.07.14,"['25년이내', '탑층', '방세개', '화장실두개']",남향,16506416.250567408
경기도,용인시 기흥구,동백동,호수마을서해그랑블,매매,1105동,1/17,500000000,110.15,OWNER,"올확장,올수리된집,앞이트인 높은1층 해가잘듬,세안고",25.07.14,"['25년이내', '올수리', '1층', '방세개']",남향,15005832.95506128
경기도,용인시 기흥구,동백동,호수마을서해그랑블,매매,1109동,고/20,520000000,110.15,OWNER,"올확장,갭투자,세안고,깨끗함",25.07.18,"['25년이내', '방세개', '화장실두개', '고층']",남향,15606066.27326373
경기도,용인시 기흥구,동백동,호수마을서해그랑블,매매,1103동,고/19,510000000,110.15,OWNER,"올확장,중간라인,주인세대라 깨끗함,입주협의",25.07.16,"['25년이내', '방세개', '화장실두개', '고층']",남향,15305949.614162505
경기도,용인시 기흥구,동백동,호수마을서해그랑블,매매,1109동,20/20,520000000,110.15,OWNER,방2개확장 깨끗 빠른입주가능,25.07.05,"['25년이내', '탑층', '방두개', '화장실두개']",남향,15606066.27326373
경기도,용인시 기흥구,동백동,호수마을서해그랑블,매매,1104동,10/15,520000000,110.15,OWNER,"기본, 깨끗하고 관리잘된집 입니다",25.07.05,"['25년이내', '방세개', '화장실두개', '중층']",남향,15606066.27326373
경기도,용인시 기흥구,동백동,호수마을서해그랑블,전세,1104동,고/15,380000000,110.15,OWNER,"기본,확트인전망,깨끗,동백초학군,10월이후가능",25.07.07,"['25년이내', '방세개', '화장실두개', '고층']",남향,11404433.045846572
경기도,용인시 기흥구,동백동,호수마을서해그랑블,매매,1104동,중/15,500000000,110.15,OWNER,"기본,동백초중고인접,입주협의",25.07.07,"['25년이내', '방세개', '화장실두개', '중층']",남향,15005832.95506128
경기도,용인시 기흥구,동백동,호수마을서해그랑블,매매,1105동,고/17,520000000,110.15,OWNER,확장 주인거주 깨끗함 전망좋음 입주협의,25.07.05,"['25년이내', '방세개', '화장실두개', '고층']",남향,15606066.27326373
경기도,용인시 기흥구,동백동,호수마을서해그랑블,매매,1102동,저/15,510000000,110.15,OWNER,최근올수리. 정원뷰. 동백초.중.고 도보가능,25.06.30,"['25년이내', '올수리', '방세개', '화장실두개']",남향,15305949.614162505
경기도,용인시 기흥구,동백동,호수마을서해그랑블,매매,1101동,18/19,520000000,110.15,NONE,공실 기본 공사협조 깨끗하게 관리잘된집 동백초 중 고 인접,25.07.21,"['25년이내', '방세개', '화장실두개', '고층']",남향,15606066.27326373
경기도,용인시 기흥구,동백동,호수마을월드메르디앙,매매,1603동,13/15,520000000,117.57,OWNER,확장. 깨끗. 빠른입주가능.지하주차장연결,25.07.17,"['25년이내', '방세개', '화장실두개', '고층']",남향,14621146.550990902
경기도,용인시 기흥구,동백동,호수마을월드메르디앙,매매,1604동,중/15,480000000,117.57,DOC,"전세안고 ,로얄동과층,엘베연결,초중고 인접,깨끗",25.07.09,"['25년이내', '방세개', '화장실두개', '중층']",남향,13496442.970145447
경기도,용인시 기흥구,동백동,호수마을월드메르디앙,매매,1603동,저/15,520000000,117.57,DOC,"올확장, 올수리, 조망 예쁜집, 주인거주로 입주협의합니다. 엘베연결",25.07.07,"['25년이내', '올수리', '방세개', '화장실두개']",남향,14621146.550990902
경기도,용인시 기흥구,동백동,호수마을월드메르디앙,매매,1604동,고/15,650000000,117.57,DOC,"고급스럽게 올인테리어 된 확장형,로얄동과층,학군과 교통 굿,입주협의",25.06.26,"['25년이내', '방세개', '화장실두개', '고층']",남향,18276433.188738625
경기도,용인시 기흥구,동백동,호수마을월드메르디앙,매매,1603동,중/15,500000000,117.57,NONE,"올확장, 4베이, 엘베연결,관리 잘 된 집입니다.입주협의",25.06.25,"['25년이내', '방세개', '화장실두개', '중층']",남향,14058794.760568175
경기도,용인시 기흥구,동백동,호수마을월드메르디앙,매매,1605동,11/14,500000000,111.01,OWNER,"주인 거주, 욕실 부분 인테리어, LED등 교체, 깔끔한 컨디션.",25.07.21,"['25년이내', '방세개', '화장실두개', '고층']",남향,14889582.01963787
경기도,용인시 기흥구,동백동,호수마을월드메르디앙,매매,1606동,8/14,490000000,111.01,OWNER,"전면동,거실확장,월세안고매매,정문가까운동,탁트인뷰",25.07.10,"['25년이내', '방세개', '화장실두개', '중층']",남향,14591790.379245112
경기도,용인시 기흥구,동백동,호수마을월드메르디앙,매매,1605동,7/14,500000000,111.01,DOC,일부인테리어된 깨끗한 집입니다. ,25.07.19,"['25년이내', '방세개', '화장실두개', '중층']",남향,14889582.01963787
경기도,용인시 기흥구,동백동,호수마을월드메르디앙,매매,1606동,중/14,520000000,111.01,DOC,"막힘없는 뷰,편리한 앞동 ,학군과교통굿,엘베연결,입주협의",25.07.10,"['25년이내', '방세개', '화장실두개', '중층']",남향,15485165.300423384
경기도,용인시 기흥구,동백동,호수마을월드메르디앙,전세,1606동,저/14,380000000,111.01,DOC,"올인테이어된 깨끗한 집,교통과학군 굿,10월 마지막주 입주협의 ",25.07.10,"['25년이내', '방세개', '화장실두개', '세대당1대']",남향,11316082.334924782
경기도,용인시 기흥구,동백동,호수마을월드메르디앙,매매,1605동,저/14,525000000,111.01,DOC,확장 인테리어함 주인거주 깨끗 엘베연결,25.06.27,"['25년이내', '방세개', '화장실두개', '세대당1대']",남향,15634061.120619765
경기도,용인시 기흥구,동백동,호수마을월드메르디앙,매매,1606동,저/14,530000000,111.01,DOC,"깨끗하고 인테리어 된집,엘베연결,학군과 생활권 편리",25.06.23,"['25년이내', '방세개', '화장실두개', '세대당1대']",남향,15782956.940816142
경기도,용인시 기흥구,동백동,호수마을월드메르디앙,매매,1606동,중/14,520000000,111.01,NONE,"입구방, 거실확장, 탁 트인 맨앞동",25.07.19,"['25년이내', '방세개', '화장실두개', '중층']",남향,15485165.300423384
경기도,용인시 기흥구,동백동,호수마을자연앤데시앙,매매,1706동,2/22,470000000,112.06,OWNER,필로티2층. 씽크대교체. 도배등 부분수리.주인거주,25.07.17,"['25년이내', '필로티', '방세개', '화장실두개']",남동향,13865062.912725328
경기도,용인시 기흥구,동백동,호수마을자연앤데시앙,매매,1705동,23/24,440000000,112.06,OWNER,"확장형,공실,입주협의,로얄동과층,학군과교통 굿,엘베연결",25.07.15,"['25년이내', '방세개', '화장실두개', '고층']",남향,12980058.897019455
경기도,용인시 기흥구,동백동,호수마을자연앤데시앙,매매,1702동,10/21,460000000,112.06,DOC,기본형 관리상태 좋은집 서울판교 출퇴근 빠른단지,25.07.21,"['25년이내', '방세개', '화장실두개', '중층']",남향,13570061.574156702
경기도,용인시 기흥구,동백동,호수마을자연앤데시앙,매매,1706동,고/22,500000000,112.06,OWNER,"채광좋은집, 관리최상, 교통굿. 광역버스바로앞, 넓고예쁜 베란다",25.07.16,"['25년이내', '방세개', '화장실두개', '고층']",남동향,14750066.928431198
경기도,용인시 기흥구,동백동,호수마을자연앤데시앙,매매,1706동,4/22,430000000,112.06,DOC,"기본, 산조망권",25.07.18,"['25년이내', '방세개', '화장실두개', '세대당1대']",남동향,12685057.558450831
경기도,용인시 기흥구,동백동,호수마을자연앤데시앙,매매,1706동,중/22,520000000,112.06,OWNER,전체확장되었으며 전망좋은 예쁜집입니다,25.07.11,"['25년이내', '방세개', '화장실두개', '중층']",남동향,15340069.605568446
경기도,용인시 기흥구,동백동,호수마을자연앤데시앙,매매,1702동,고/21,500000000,112.06,DOC,"확장형, 집상태 깨끗,엘베연결,초중고 인접",25.07.08,"['25년이내', '방세개', '화장실두개', '고층']",남향,14750066.928431198
경기도,용인시 기흥구,동백동,호수마을자연앤데시앙,매매,1706동,고/22,470000000,112.06,NDOC1,고층의 끝내주는 뷰 감상하시죠,25.06.28,"['25년이내', '방세개', '화장실두개', '고층']",남동향,13865062.912725328
경기도,용인시 기흥구,동백동,호수마을자연앤데시앙,매매,1706동,2/22,470000000,112.06,NONE,"기본,피로티,싱크대,욕실등수리,입주협의",25.07.14,"['25년이내', '방세개', '화장실두개', '세대당1대']",남향,13865062.912725328
경기도,용인시 기흥구,동백동,호수마을자연앤데시앙,매매,1705동,고/24,440000000,112.06,NONE,"초급매, 올확장, 뷰좋은집",25.07.14,"['25년이내', '급매', '방세개', '화장실두개']",남향,12980058.897019455
경기도,용인시 기흥구,동백동,호수마을자연앤데시앙,매매,1707동,2/24,580000000,112.06,NONE,전망좋은 남향 층간소음 걱정없는 필로티 ,25.07.14,"['25년이내', '방세개', '화장실두개', '세대당1대']",남향,17110077.63698019
경기도,용인시 기흥구,동백동,호수마을자연앤데시앙,매매,1702동,8/21,460000000,111.51,OWNER,"가운데라인, 확장, 엘리베이터 지하주차장 연결",25.07.16,"['25년이내', '방세개', '화장실두개', '중층']",남향,13636993.094789706
경기도,용인시 기흥구,동백동,호수마을자연앤데시앙,매매,1701동,5/21,450000000,111.51,OWNER,"맨앞동,확트인전망,최근안방욕실수리,LED등교체,광역버스이용편리,입주협의",25.07.16,"['25년이내', '욕실수리', '방세개', '화장실두개']",남향,13340536.723163841
경기도,용인시 기흥구,동백동,호수마을자연앤데시앙,전세,1703동,13/21,380000000,111.51,DOC,확장 관리상태좋은 예쁜집 10월말 11월초 입주희망 ,25.07.21,"['25년이내', '방세개', '화장실두개', '중층']",남향,11265342.1217828
경기도,용인시 기흥구,동백동,호수마을자연앤데시앙,월세,1703동,3/21,"1억 5,000/80",111.51,DOC,올확장 관리상태좋은 예쁜집  빠른입주가능,25.07.21,"['25년이내', '방세개', '화장실두개', '세대당1대']",남향,
경기도,용인시 기흥구,동백동,호수마을자연앤데시앙,매매,1704동,16/22,450000000,111.51,DOC,올확장 엘베연결 세안고 전세3억거주중,25.07.11,"['25년이내', '방세개', '화장실두개', '고층']",남향,13340536.723163841
경기도,용인시 기흥구,동백동,호수마을자연앤데시앙,매매,1702동,중/21,500000000,111.51,DOC," 일부 리모델링 된 깨끗한 집,주인거주로 입주협의 합니다.",25.07.08,"['25년이내', '방세개', '화장실두개', '중층']",남향,14822818.581293156
경기도,용인시 기흥구,동백동,호수마을자연앤데시앙,매매,1703동,4/21,450000000,111.51,DOC,기본형 중간라인 관리상태좋은 예쁜집입니다 ,25.07.01,"['25년이내', '방세개', '화장실두개', '세대당1대']",남향,13340536.723163841
경기도,용인시 기흥구,동백동,호수마을자연앤데시앙,매매,1701동,저/21,450000000,111.51,NONE,"안방욕실 수리, 예쁜 정원뷰, 주인거주,입주협의해요",25.07.05,"['25년이내', '욕실수리', '방세개', '화장실두개']",남향,13340536.723163841
경기도,용인시 기흥구,동백동,호수마을자연앤데시앙,매매,1703동,16/21,520000000,111.51,NONE,확장형.주인거주로깨끗.동백교통요지.향후개발여지많음,25.06.24,"['25년이내', '방세개', '화장실두개', '고층']",남향,15415731.324544884
경기도,용인시 기흥구,동백동,호수마을휴먼시아(어울림),매매,1506동,고/21,500000000,109.21,OWNER,"방1확장,싱크교체,전등,욕실수전교체,아주깨끗,주인거주,협의가능",25.07.03,"['25년이내', '방세개', '화장실두개', '고층']",남향,15134992.216829961
경기도,용인시 기흥구,동백동,호수마을휴먼시아(어울림),매매,1504동,2/19,450000000,109.09,MOBL,기본 깨끗 초록뷰가 예뻐요 입주협의,25.07.21,"['25년이내', '방세개', '화장실두개', '세대당1대']",남향,13636476.762306353
경기도,용인시 기흥구,동백동,호수마을휴먼시아(어울림),매매,1501동,11/15,450000000,109.09,OWNER,,25.07.21,"['25년이내', '방세개', '화장실두개', '고층']",남향,13636476.762306353
경기도,용인시 기흥구,동백동,호수마을휴먼시아(어울림),매매,1504동,12/19,450000000,109.09,OWNER,"추천하고 싶은 집, 관리잘 된 깨끗한 집",25.07.19,"['25년이내', '방세개', '화장실두개', '중층']",남향,13636476.762306353
경기도,용인시 기흥구,동백동,호수마을휴먼시아(어울림),매매,1506동,17/21,460000000,109.09,OWNER,32타입.  올확장. 주인관리. 초품아. 쾌적한공원뷰,25.07.19,"['25년이내', '방세개', '화장실두개', '고층']",남향,13939509.579246493
경기도,용인시 기흥구,동백동,호수마을휴먼시아(어울림),매매,1504동,11/19,480000000,109.09,OWNER,빠른입주가능 예쁜집추천드려요 올확장 최근리모델링 조망권좋음 초품아단지,25.07.18,"['25년이내', '방세개', '화장실두개', '중층']",남향,14545575.213126777
경기도,용인시 기흥구,동백동,호수마을휴먼시아(어울림),매매,1504동,6/19,450000000,109.09,OWNER,확장 틔인뷰 늦은 입주가능 초중고인접,25.07.17,"['25년이내', '방세개', '화장실두개', '세대당1대']",남향,13636476.762306353
경기도,용인시 기흥구,동백동,호수마을휴먼시아(어울림),매매,1505동,13/21,500000000,109.09,OWNER,"올확장, 전망 예뻐요",25.07.15,"['25년이내', '방세개', '화장실두개', '중층']",남향,15151640.84700706
경기도,용인시 기흥구,동백동,호수마을휴먼시아(어울림),매매,1502동,19/19,540000000,109.09,MOBL,올확장 올수리 틔인전망 탑층 테라스 입주협의가능,25.07.09,"['25년이내', '올수리', '테라스', '탑층']",남향,16363772.114767624
경기도,용인시 기흥구,동백동,호수마을휴먼시아(어울림),매매,1504동,14/19,480000000,109.09,DOC,기본 전세안고 가운데라인 초 중 고 인접,25.07.21,"['25년이내', '방세개', '화장실두개', '고층']",남향,14545575.213126777
경기도,용인시 기흥구,동백동,호수마을휴먼시아(어울림),매매,1504동,8/19,500000000,109.09,DOC,확장 따뜻하고 햇살이 좋은 집 ,25.07.19,"['25년이내', '방세개', '화장실두개', '중층']",남향,15151640.84700706
경기도,용인시 기흥구,동백동,호수마을휴먼시아(어울림),매매,1505동,저/21,480000000,109.09,OWNER,"단지조경을직관하는 집,마음이 함께 건강해지는 느낌 있는 집입니다.",25.07.14,"['25년이내', '방세개', '화장실두개', '세대당1대']",남향,14545575.213126777
경기도,용인시 기흥구,동백동,호수마을휴먼시아(어울림),매매,1504동,7/19,460000000,109.09,DOC,기본 깨끗 가운데라인11월초입주가능,25.07.17,"['25년이내', '방세개', '화장실두개', '중층']",남향,13939509.579246493
경기도,용인시 기흥구,동백동,호수마을휴먼시아(어울림),매매,1506동,2/21,450000000,109.09,DOC,"기본, 잔잔한 숲뷰,학군과교통 굿,생활권 편리",25.07.16,"['25년이내', '방세개', '화장실두개', '세대당1대']",남향,13636476.762306353
경기도,용인시 기흥구,동백동,호수마을휴먼시아(어울림),매매,1505동,3/21,445000000,109.09,DOC,올확장 채광좋고 앞뒤틔인뷰,25.07.14,"['25년이내', '방세개', '화장실두개', '세대당1대']",남향,13484960.353836283
경기도,용인시 기흥구,동백동,호수마을휴먼시아(어울림),매매,1505동,고/21,500000000,109.09,DOC,확장 뻥뷰 올인테리어함 ,25.07.19,"['25년이내', '방세개', '화장실두개', '고층']",남향,15151640.84700706
경기도,용인시 기흥구,동백동,호수마을휴먼시아(어울림),매매,1502동,고/19,500000000,109.09,DOC,확장 편리한동 틔인뷰 관리잘된집,25.07.14,"['25년이내', '방세개', '화장실두개', '고층']",남향,15151640.84700706
경기도,용인시 기흥구,동백동,호수마을휴먼시아(어울림),매매,1504동,18/19,480000000,109.09,OWNER,"거실확장, 탁트인 전망",25.06.27,"['25년이내', '방세개', '화장실두개', '고층']",남향,14545575.213126777
경기도,용인시 기흥구,동백동,호수마을휴먼시아(어울림),매매,1502동,저/19,540000000,109.09,OWNER,"산뜻한 새출발 함께해요, 깔끔하고 모던한 인테리어된 집",25.06.30,"['25년이내', '방세개', '화장실두개', '세대당1대']",남향,16363772.114767624
경기도,용인시 기흥구,동백동,호수마을휴먼시아(어울림),전세,1504동,7/19,350000000,109.09,DOC,기본깨끗 관리한집 11월초입주,25.07.02,"['25년이내', '방세개', '화장실두개', '중층']",남향,10606148.59290494
경기도,용인시 기흥구,동백동,호수마을휴먼시아(어울림),매매,1502동,저/19,500000000,109.09,DOC,"올확장, 화장실2개 올수리, 편리한 동, 입주협의, 뷰좋아요",25.07.08,"['25년이내', '올수리', '방세개', '화장실두개']",남향,15151640.84700706
경기도,용인시 기흥구,동백동,호수마을휴먼시아(어울림),매매,1504동,15/19,470000000,109.09,DOCV2,기본 가운데라인 햇살좋은집,25.06.26,"['25년이내', '방세개', '화장실두개', '고층']",남향,14242542.396186635
경기도,용인시 기흥구,동백동,호수마을휴먼시아(어울림),매매,1502동,고/19,500000000,109.09,DOC,"기본형, 부분수리, 가운데라인, 주인거주로 입주협의가능",25.07.05,"['25년이내', '방세개', '화장실두개', '고층']",남향,15151640.84700706
경기도,용인시 기흥구,동백동,호수마을휴먼시아(어울림),매매,1502동,저/19,560000000,109.09,DOC,,25.07.03,"['25년이내', '방세개', '화장실두개', '세대당1대']",남향,16969837.748647906
경기도,용인시 기흥구,동백동,호수마을휴먼시아(어울림),매매,1501동,고/15,450000000,109.09,NONE,"확장,깨끗,입주협의,뷰좋음",25.07.14,"['25년이내', '방세개', '화장실두개', '고층']",남향,13636476.762306353
경기도,용인시 기흥구,동백동,호수마을휴먼시아(어울림),매매,1504동,중/19,480000000,109.09,NONE,"올확장, 학세권, 입주협의합니다",25.07.05,"['25년이내', '방세개', '화장실두개', '중층']",남향,14545575.213126777
경기도,용인시 기흥구,동백동,호수마을휴먼시아(어울림),매매,1501동,고/15,500000000,109.09,NONE,화이트톤 관리 잘 된 아주 깨끗한 집입니다. 입주협의해요,25.07.05,"['25년이내', '방세개', '화장실두개', '고층']",남향,15151640.84700706
경기도,용인시 기흥구,마북동,e편한세상구성역플랫폼시티,전세,103동,23/27,620000000,114.38,OWNER,"신축,시스템에어컨풀,인덕션,오븐,조건맞춰드립니다,",25.07.21,"['2년이내', '융자금없는', '방네개이상', '화장실두개']",남서향,17919100.367197067
경기도,용인시 기흥구,마북동,e편한세상구성역플랫폼시티,전세,107동,19/28,610000000,114.38,NDOC1,34a 조건협의가 주인거주관리최상 식세기 시에풀 인덕션 시원한고층뷰,25.07.21,"['2년이내', '방세개', '화장실두개', '고층']",남동향,17630082.619339045
경기도,용인시 기흥구,마북동,e편한세상구성역플랫폼시티,매매,106동,20/29,1600000000,114.38,OWNER,34 로얄동로얄층 확트인전망 구성역 가까운동 방4 풀옵션 에5 럭셔리,25.07.21,"['2년이내', '방세개', '화장실두개', '고층']",남서향,46242839.65728275
경기도,용인시 기흥구,마북동,e편한세상구성역플랫폼시티,월세,106동,20/29,2억/250,114.38,NDOC1,34 확트인멋진뷰 구성역 젤 가까운동 날짜협의가 시에풀 빌트인냉장고,25.07.21,"['2년이내', '융자금없는', '방세개', '화장실두개']",남서향,
경기도,용인시 기흥구,마북동,e편한세상구성역플랫폼시티,월세,103동,14/27,1억/250,114.38,OWNER,34 고층트인뷰 시스템에어컨풀 인덕션  구성역  초중고바로,25.07.21,"['2년이내', '방세개', '화장실두개', '중층']",남동향,
경기도,용인시 기흥구,마북동,e편한세상구성역플랫폼시티,전세,106동,20/29,650000000,114.38,OWNER,34A신축 방4 로얄동로얄층 확트인뷰  구성역가까운동 럭셔리커뮤니티,25.07.21,"['2년이내', '융자금없는', '방세개', '화장실두개']",남서향,18786153.610771116
경기도,용인시 기흥구,마북동,e편한세상구성역플랫폼시티,전세,107동,17/28,680000000,114.38,OWNER,"중문교체,도배새로함,식세기놓고감.",25.07.19,"['2년이내', '방세개', '화장실두개', '중층']",남서향,19653206.85434517
경기도,용인시 기흥구,마북동,e편한세상구성역플랫폼시티,매매,106동,중/29,1500000000,114.38,OWNER,5억3천만원 세안고 매매 전세2년만기 26년8월21일,25.07.18,"['2년이내', '방세개', '화장실두개', '중층']",남서향,43352662.17870258
경기도,용인시 기흥구,마북동,e편한세상구성역플랫폼시티,전세,103동,13/27,620000000,114.38,DOC,34 첫입주  산과하늘이보이는 멋진뷰 시에등풀옵 구성역도보  초중고바로,25.07.21,"['2년이내', '융자금없는', '방세개', '화장실두개']",남동향,17919100.367197067
경기도,용인시 기흥구,마북동,e편한세상구성역플랫폼시티,전세,103동,3/27,600000000,114.38,DOC,34a 첫입주 선호동 예쁜단지뷰 구성역바로  시스템에어컨4대등풀옵,25.07.21,"['2년이내', '융자금없는', '방세개', '화장실두개']",남향,17341064.87148103
경기도,용인시 기흥구,마북동,e편한세상구성역플랫폼시티,전세,103동,4/27,600000000,114.38,DOC,34a 첫입주 선호동 구성역바로  시스템에어컨4대등풀옵 트인뷰,25.07.21,"['2년이내', '융자금없는', '방세개', '화장실두개']",남향,17341064.87148103
경기도,용인시 기흥구,마북동,e편한세상구성역플랫폼시티,전세,105동,22/32,620000000,114.38,DOC,"소음없이 조용한동,엘리베이터 세대당1대,풀옵션",25.07.19,"['2년이내', '방세개', '화장실두개', '고층']",남동향,17919100.367197067
경기도,용인시 기흥구,마북동,e편한세상구성역플랫폼시티,전세,102동,18/26,620000000,114.38,DOC,"최초입주,풀옵션,인덕션,에어컨5대,전기오븐,중문설치,전망좋음.",25.07.19,"['2년이내', '방세개', '화장실두개', '고층']",남동향,17919100.367197067
경기도,용인시 기흥구,마북동,e편한세상구성역플랫폼시티,전세,102동,4/26,600000000,114.38,DOC,"최초입주매물,구성역 가까운동 ",25.07.19,"['2년이내', '방세개', '화장실두개', '세대당1대']",남동향,17341064.87148103
경기도,용인시 기흥구,마북동,e편한세상구성역플랫폼시티,전세,102동,23/26,650000000,114.38,DOC,,25.07.17,"['2년이내', '융자금없는', '화장실두개', '방네개이상']",남동향,18786153.610771116
경기도,용인시 기흥구,마북동,e편한세상구성역플랫폼시티,매매,107동,고/28,1580000000,114.38,DOC,"센터로얄동,더없이편리한신축,GTX구성역도보권,모든협의성심껏해드립니다",25.07.21,"['2년이내', '방네개이상', '화장실두개', '고층']",남동향,45664804.16156671
경기도,용인시 기흥구,마북동,e편한세상구성역플랫폼시티,월세,103동,고/27,1억/250,114.38,OWNER,34 입구동 구성역8분 어린이집 셔틀버스이용편리동 전망이 좋은집,25.07.10,"['2년이내', '방세개', '화장실두개', '고층']",남서향,
경기도,용인시 기흥구,마북동,e편한세상구성역플랫폼시티,전세,103동,중/27,650000000,114.38,OWNER,34 고층트인뷰 시스템에어컨풀 인덕션  구성역  초중고바로,25.07.03,"['2년이내', '방세개', '화장실두개', '중층']",남향,18786153.610771116
경기도,용인시 기흥구,마북동,e편한세상구성역플랫폼시티,전세,103동,중/27,620000000,114.38,DOC,,25.06.30,"['2년이내', '방세개', '화장실두개', '중층']",남서향,17919100.367197067
경기도,용인시 기흥구,마북동,e편한세상구성역플랫폼시티,전세,105동,고/32,650000000,114.38,DOC,,25.06.30,"['2년이내', '방세개', '화장실두개', '고층']",남서향,18786153.610771116
경기도,용인시 기흥구,마북동,e편한세상구성역플랫폼시티,월세,106동,20/29,2억/250,114.38,NONE,84A GTX구성역대중교통이용편리 초중고통학편리,25.07.18,"['2년이내', '방세개', '화장실두개', '고층']",남서향,
경기도,용인시 기흥구,마북동,e편한세상구성역플랫폼시티,전세,107동,9/28,650000000,114.19,OWNER,34신축귀한c타입 주인거주 날짜협의가 융무 풀옵션 조용한동럭셔리커뮤니티,25.07.21,"['2년이내', '융자금없는', '방세개', '화장실두개']",남서향,18817411.769857258
경기도,용인시 기흥구,마북동,e편한세상구성역플랫폼시티,월세,107동,18/28,1억/280,114.19,OWNER,,25.07.19,"['2년이내', '방세개', '화장실두개', '중층']",남서향,
경기도,용인시 기흥구,마북동,e편한세상구성역플랫폼시티,매매,101동,저/32,1500000000,114.19,OWNER,34귀한C 타입 단독엘베 드레스룸주방거실다용도실큰타입 에5 풀옵 투자추천,25.07.04,"['2년이내', '방세개', '화장실두개', '세대당1대']",남동향,43424796.391978286
경기도,용인시 기흥구,마북동,e편한세상구성역플랫폼시티,전세,107동,9/28,650000000,114.19,NONE,｜84C.｜입주협의｜전망 굿｜더블 역세권｜럭셔리 커뮤니티｜생활편리｜,25.07.21,"['2년이내', '방세개', '화장실두개', '세대당1대']",남서향,18817411.769857258
경기도,용인시 기흥구,마북동,e편한세상구성역플랫폼시티,월세,105동,중/32,1억/300,114.03,OWNER,34 신축  구성역8분  정상입주 협의가  시원한뷰  시에등풀옵션,25.07.21,"['2년이내', '방세개', '화장실두개', '중층']",남동향,
경기도,용인시 기흥구,마북동,e편한세상구성역플랫폼시티,월세,106동,4/29,1억/235,101.03,OWNER,,25.07.02,"['2년이내', '방세개', '화장실두개', '세대당1대']",남동향,
경기도,용인시 기흥구,마북동,e편한세상구성역플랫폼시티,전세,104동,8/14,600000000,82.63,OWNER,,25.07.19,"['2년이내', '방세개', '화장실두개', '중층']",남서향,24004247.851869784
경기도,용인시 기흥구,마북동,e편한세상구성역플랫폼시티,전세,104동,저/14,550000000,81.24,OWNER,25p 신축 주인관리최상  예쁜정원뷰  시스템에어컨풀  구성역도보,25.07.15,"['2년이내', '방세개', '화장실두개', '세대당1대']",남서향,22380376.046282623
경기도,용인시 기흥구,마북동,e편한세상구성역플랫폼시티,월세,104동,저/14,2억/150,81.24,OWNER,25p 신축 주인관리최상  예쁜정원뷰  시스템에어컨풀  구성역도보,25.07.10,"['2년이내', '방세개', '화장실두개', '세대당1대']",남서향,
경기도,용인시 기흥구,마북동,교동마을구성자이3차,매매,107동,13/13,1050000000,184.97,OWNER,"남향, 깨끗하게 관리된 집, 약25p 넓은 다락공간",25.07.17,"['25년이내', '복층', '대형평수', '탑층']",남동향,18765606.5848516
경기도,용인시 기흥구,마북동,교동마을구성자이3차,매매,106동,11/15,870000000,184.97,MOBL,"숲세권, 구성역 접근 용이, 로열동 로열층, 탁트인 전망, 단지관리 최상",25.07.14,"['25년이내', '대형평수', '방네개이상', '화장실두개']",남동향,15548645.456019895
경기도,용인시 기흥구,마북동,교동마을구성자이3차,매매,106동,고/15,850000000,184.97,OWNER,탁트인남향 주민쎈터 트레이더스 구성역 인접 플시영향권의대형평형,25.07.21,"['25년이내', '대형평수', '방네개이상', '화장실두개']",남향,15191205.33059415
경기도,용인시 기흥구,마북동,교동마을구성자이3차,매매,106동,고/15,750000000,184.97,OWNER,"남향,부분수리함,수납공간좋음,집상태좋음,GTX개통호재",25.07.21,"['25년이내', '대형평수', '방네개이상', '화장실두개']",남향,13404004.703465428
경기도,용인시 기흥구,마북동,교동마을구성자이3차,매매,106동,저/15,850000000,184.97,OWNER,"로얄동,올확장,GTX구성역인근,밝고쾌적한집,추천합니다",25.07.18,"['25년이내', '대형평수', '방네개이상', '화장실두개']",남동향,15191205.33059415
경기도,용인시 기흥구,마북동,교동마을구성자이3차,매매,106동,중/15,900000000,184.97,OWNER,입주협의 주인거주 앞트인앞동 로얄동 올확장,25.07.16,"['25년이내', '대형평수', '방네개이상', '화장실두개']",남향,16084805.644158514
경기도,용인시 기흥구,마북동,교동마을구성자이3차,매매,107동,9/13,670000000,166.49,OWNER,50p 급매 하시입주  뷰최고 확장  조건협의 관리최상,25.07.18,"['25년이내', '급매', '대형평수', '방네개이상']",남향,13303357.258694217
경기도,용인시 기흥구,마북동,교동마을구성자이3차,매매,107동,1/13,690000000,166.49,DOC,"트인조망,주인거주로 아주깨끗",25.07.08,"['25년이내', '1층', '대형평수', '방네개이상']",남향,13700472.40074479
경기도,용인시 기흥구,마북동,교동마을구성자이3차,매매,101동,저/10,670000000,161.76,OWNER,"남향, 빠른입주, 공실입니다.",25.07.21,"['25년이내', '대형평수', '방네개이상', '화장실두개']",남향,13692358.741345204
경기도,용인시 기흥구,마북동,교동마을구성자이3차,매매,102동,8/10,660000000,161.76,OWNER,공실상태 하시입주 골프장조망 올확장 채광좋은집,25.07.15,"['25년이내', '대형평수', '방네개이상', '화장실두개']",남동향,13487995.178041546
경기도,용인시 기흥구,마북동,교동마을구성자이3차,매매,101동,10/10,690000000,161.76,OWNER,"최초분양가 급매, 골프장 조망굿,  넓은 다락방 마루 별도 있는 복층형",25.06.30,"['25년이내', '복층', '급매', '대형평수']",남향,14101085.867952522
경기도,용인시 기흥구,마북동,교동마을구성자이3차,매매,102동,1/10,670000000,161.76,OWNER,앞전망좋은 2층높이1층 층간소음걱정해방,25.06.27,"['25년이내', '1층', '대형평수', '방네개이상']",남동향,13692358.741345204
경기도,용인시 기흥구,마북동,교동마을구성자이3차,매매,102동,고/10,690000000,161.76,DOC,구성역한성CC 인근 아파트 매도,25.06.26,"['25년이내', '대형평수', '방네개이상', '화장실두개']",남동향,14101085.867952522
경기도,용인시 기흥구,마북동,교동마을구성자이3차,매매,103동,15/15,600000000,135.02,OWNER,40p 입주또는투자추천 귀한탑층  뷰최고 거실확장,25.07.17,"['25년이내', '대형평수', '탑층', '방세개']",남향,14690201.451636795
경기도,용인시 기흥구,마북동,교동마을구성자이3차,매매,103동,5/15,640000000,135.02,OWNER,급 세안고 용인플렛폼시티 투자용 추천,25.07.14,"['25년이내', '대형평수', '방세개', '화장실두개']",남향,15669548.215079248
경기도,용인시 기흥구,마북동,교동마을구성자이3차,매매,103동,15/15,600000000,135.02,NONE,올확장형 탑층 주거환경 최고,25.07.01,"['25년이내', '대형평수', '탑층', '방세개']",남동향,14690201.451636795
경기도,용인시 기흥구,마북동,교동마을구성자이3차,매매,105동,14/15,580000000,113.86,OWNER,입주일편리.주인거주관리잘된집.탁트인전망,25.07.18,"['25년이내', '방세개', '화장실두개', '고층']",남향,16839586.334094502
경기도,용인시 기흥구,마북동,교동마을구성자이3차,매매,103동,3/15,540000000,113.86,OWNER,즉시입주가능 확장형 깨끗하게 관리한집,25.07.14,"['25년이내', '방세개', '화장실두개', '세대당 1.5대이상']",남향,15678235.552432815
경기도,용인시 기흥구,마북동,교동마을구성자이3차,매매,104동,중/15,550000000,113.86,OWNER,"급매, 입주 또는 주인 세안고, 조망좋음, 구성역",25.07.19,"['25년이내', '급매', '방세개', '화장실두개']",남향,15968573.247848235
경기도,용인시 기흥구,마북동,교동마을구성자이3차,매매,105동,중/15,570000000,113.86,OWNER,기본이나 깨끗하게 관리된 집,25.07.17,"['25년이내', '방세개', '화장실두개', '중층']",남향,16549248.638679082
경기도,용인시 기흥구,마북동,교동마을구성자이3차,매매,104동,중/15,580000000,113.86,DOC,"세안고, 구성역, 전망좋음",25.07.12,"['25년이내', '방세개', '화장실두개', '중층']",남동향,16839586.334094502
경기도,용인시 기흥구,마북동,교동마을구성자이3차,매매,105동,15/15,670000000,113.86,OWNER,"복층,특올수리,전망최고",25.06.26,"['25년이내', '올수리', '복층', '탑층']",남동향,19452625.592833307
경기도,용인시 기흥구,마북동,교동마을구성자이3차,매매,105동,중/15,620000000,113.86,NDOC1,"트인전망굿,일조굿,관리된이쁜집,전세안고천천히이사",25.06.30,"['25년이내', '방세개', '화장실두개', '중층']",남향,18000937.11575619
경기도,용인시 기흥구,마북동,교동마을구성자이3차,매매,103동,중/15,560000000,113.86,OWNER,앞뒤 트여 일조 조망좋은집 입주가능 깨끗,25.06.27,"['25년이내', '방세개', '화장실두개', '중층']",남동향,16258910.943263657
경기도,용인시 기흥구,마북동,교동마을동양파라곤,매매,104동,14/15,750000000,194.53,OWNER,정상입주,25.07.21,"['15년이내', '대형평수', '방네개이상', '화장실두개']",남향,12745277.078085644
경기도,용인시 기흥구,마북동,교동마을동양파라곤,매매,104동,저/15,740000000,194.53,NDOC1,",주인거주로 매우깨끗, 층간소음 없어요. 조정가",25.07.21,"['15년이내', '대형평수', '방네개이상', '화장실두개']",남동향,12575340.050377835
경기도,용인시 기흥구,마북동,교동마을동양파라곤,매매,106동,고/20,850000000,194.53,OWNER,앞뒤트인선호동 효율적수납공간으로 넓고쾌적한내부 공원화단지 넉넉한주차,25.07.17,"['15년이내', '대형평수', '방네개이상', '화장실두개']",남동향,14444647.355163729
경기도,용인시 기흥구,마북동,교동마을동양파라곤,전세,104동,고/15,490000000,194.53,OWNER,"협의가능, 준신축 컨디션, 입주일 맞춰드림, 평지 초등인근, GTX개통",25.07.16,"['15년이내', '대형평수', '화장실두개', '방네개이상']",남동향,8326914.35768262
경기도,용인시 기흥구,마북동,교동마을동양파라곤,매매,104동,15/15,800000000,194.53,OWNER,전세안고 입주시협의가 탑층 넓은내부공간 쾌적한단지,25.07.08,"['15년이내', '대형평수', '탑층', '방네개이상']",남동향,13594962.216624686
경기도,용인시 기흥구,마북동,교동마을동양파라곤,매매,104동,7/15,800000000,194.53,OWNER,"깨끗수리, 평지 앞뒤 전망 굿, GTX 구성역 개통, 학세 숲세 마트권 ",25.07.04,"['15년이내', '대형평수', '화장실두개', '방네개이상']",남서향,13594962.216624686
경기도,용인시 기흥구,마북동,교동마을동양파라곤,매매,106동,중/20,800000000,194.53,DOC,"트인조망,초등인접,교통 상권편리",25.07.11,"['15년이내', '대형평수', '방네개이상', '화장실두개']",남동향,13594962.216624686
경기도,용인시 기흥구,마북동,교동마을동양파라곤,매매,101동,12/20,710000000,155.94,OWNER,"급매,초등인접,교통 상권이용편리",25.07.19,"['15년이내', '급매', '대형평수', '방네개이상']",남동향,15051348.91624984
경기도,용인시 기흥구,마북동,교동마을동양파라곤,매매,102동,11/20,730000000,155.94,OWNER,정상입주 초등교인접 공원화단지 넉넉한주차 생활환경 굿,25.07.12,"['15년이내', '대형평수', '방네개이상', '화장실두개']",남동향,15475330.575862514
경기도,용인시 기흥구,마북동,교동마을동양파라곤,전세,102동,11/20,500000000,155.94,OWNER,"수리,아주깨끗,교통 편의시설 편리,초등인접.",25.07.11,"['15년이내', '대형평수', '방네개이상', '화장실두개']",남동향,10599541.49031679
경기도,용인시 기흥구,마북동,교동마을동양파라곤,매매,105동,4/15,750000000,155.94,OWNER,세안고 깨끗하게 관리된집,25.07.10,"['15년이내', '대형평수', '방네개이상', '화장실두개']",남서향,15899312.235475184
경기도,용인시 기흥구,마북동,교동마을동양파라곤,매매,101동,저/20,700000000,155.94,NDOC1,정상입주  주인거주로 아주깨끗하게 관리 모든조건협의가,25.07.15,"['15년이내', '대형평수', '방네개이상', '화장실두개']",남동향,14839358.086443506
경기도,용인시 기흥구,마북동,교동마을동양파라곤,월세,103동,중/15,"5,000/200",155.94,NDOC1,"도배,led등,보일러교체. 잘 관리된 매물 입니다.",25.07.07,"['15년이내', '보일러교체', '대형평수', '방네개이상']",남동향,
경기도,용인시 기흥구,마북동,교동마을동양파라곤,매매,102동,중/20,730000000,155.94,NDOC1,"조명, 도배, 싱크대교체이력있음. 단지조망, 주인거주로 깔끔함",25.07.07,"['15년이내', '주방교체', '대형평수', '방네개이상']",남동향,15475330.575862514
경기도,용인시 기흥구,마북동,교동마을동양파라곤,매매,101동,중/20,705000000,155.94,NDOC1,"급매. 평지채광굿 입구동, 교동초 도보학세권.입지굿",25.07.07,"['15년이내', '급매', '대형평수', '방네개이상']",남동향,14945353.501346672
경기도,용인시 기흥구,마북동,교동마을동양파라곤,매매,105동,중/15,760000000,155.94,OWNER,"올확장,아주깨끗,상권편리,초등인접,GTX구성역개통,플랫폼시티호재",25.07.07,"['15년이내', '대형평수', '방네개이상', '화장실두개']",남동향,16111303.065281522
경기도,용인시 기흥구,마북동,교동마을동양파라곤,매매,102동,저/20,720000000,155.94,DOC,밝고 상태좋음.빠른입주,25.07.08,"['15년이내', '대형평수', '방네개이상', '화장실두개']",남서향,15263339.746056177
경기도,용인시 기흥구,마북동,교동마을동양파라곤,매매,103동,고/15,750000000,155.94,OWNER,중심상권 이용용이. 초품아. 수납공간 풍부,25.06.26,"['15년이내', '대형평수', '방네개이상', '화장실두개']",남동향,15899312.235475184
경기도,용인시 기흥구,마북동,교동마을동양파라곤,매매,101동,4/20,700000000,155.94,NONE,,25.07.21,"['15년이내', '대형평수', '방네개이상', '화장실두개']",남향,14839358.086443506
경기도,용인시 기흥구,마북동,교동마을동양파라곤,매매,103동,고/15,740000000,155.55,OWNER,"주인거주,집상태아주좋음,휘트니스장좋음,탄천이용좋음",25.07.21,"['15년이내', '대형평수', '방네개이상', '화장실두개']",남동향,15726653.166184507
경기도,용인시 기흥구,마북동,교동마을동양파라곤,매매,103동,2/15,740000000,155.55,OWNER,"남향으로 햇살 좋고, 잔잔한 전망이 안정감 있어요.",25.07.02,"['15년이내', '대형평수', '방네개이상', '화장실두개']",남서향,15726653.166184507
경기도,용인시 기흥구,마북동,교동마을동양파라곤,매매,103동,11/15,830000000,155.55,OWNER,B타입 올확장 정남향 주인거주로 관리잘된집,25.06.30,"['15년이내', '대형평수', '방네개이상', '화장실두개']",남향,17639354.226936676
경기도,용인시 기흥구,마북동,교동마을동양파라곤,매매,108동,20/20,630000000,109,OWNER,｜33.｜세안고｜갭 2.4｜귀한 탑층｜전망굿｜미래가치투자｜,25.07.21,"['15년이내', '탑층', '방세개', '화장실두개']",남동향,19106830.733944956
경기도,용인시 기흥구,마북동,교동마을동양파라곤,매매,108동,20/20,680000000,109,OWNER,집주인 전세 또는 월세로 2년 거주 조건,25.07.18,"['15년이내', '탑층', '방세개', '화장실두개']",남동향,20623245.871559635
경기도,용인시 기흥구,마북동,교동마을동양파라곤,매매,107동,중/20,600000000,109,OWNER,"급매, 관리잘 된 예쁜집, 초등 가까운 단지, 상가,버스이용편리",25.07.19,"['15년이내', '급매', '방세개', '화장실두개']",남동향,18196981.651376147
경기도,용인시 기흥구,마북동,교동마을동양파라곤,매매,107동,중/20,650000000,109,OWNER,,25.07.14,"['15년이내', '방세개', '화장실두개', '중층']",남동향,19713396.78899083
경기도,용인시 기흥구,마북동,교동마을동양파라곤,매매,107동,5/20,680000000,109,OWNER,"최신형 삼성시스템에어컨 청정살균, 넓은 전용창고 별도, 초등 바로옆 평지",25.07.07,"['15년이내', '화장실두개', '방세개', '세대당 1.5대이상']",남서향,20623245.871559635
경기도,용인시 기흥구,마북동,교동마을동양파라곤,매매,108동,저/20,670000000,109,OWNER,"주인세대,상권교통이용편리,주차장편리,초등학교인근,초입동",25.07.14,"['15년이내', '방세개', '화장실두개', '세대당 1.5대이상']",남동향,20319962.8440367
경기도,용인시 기흥구,마북동,교동마을동양파라곤,월세,107동,고/20,"3,000/180",109,DOC,"정상입주,수리되어깨끗함,채광,전망좋아요",25.07.17,"['15년이내', '융자금없는', '방세개', '화장실두개']",남동향,
경기도,용인시 기흥구,마북동,교동마을동양파라곤,매매,107동,18/20,650000000,109,DOC,전망좋은집  주인거주로  상태굿,25.07.09,"['15년이내', '방세개', '화장실두개', '고층']",남서향,19713396.78899083
경기도,용인시 기흥구,마북동,교동마을마북e편한세상,매매,103동,2/10,670000000,169.49,OWNER,입주일 협의 공원뷰 너무 조용하고 관리 잘된집 급매,25.07.17,"['25년이내', '급매', '대형평수', '방네개이상']",남향,13067885.715971444
경기도,용인시 기흥구,마북동,교동마을마북e편한세상,매매,103동,6/10,700000000,169.49,OWNER,"햇살 가득하고 공원앞 전망 좋은집, 입주일 협의합니다.",25.07.11,"['25년이내', '대형평수', '방네개이상', '화장실두개']",남향,13653014.927134344
경기도,용인시 기흥구,마북동,교동마을마북e편한세상,매매,103동,2/10,690000000,169.49,NONE,,25.07.17,"['25년이내', '대형평수', '방네개이상', '화장실두개']",남향,13457971.85674671
경기도,용인시 기흥구,마북동,교동마을마북e편한세상,매매,105동,5/18,640000000,164.45,OWNER,앞 전망 좋은집 로얄동  햇살좋고  주인 거주로 관리가 잘된집입니다,25.07.17,"['25년이내', '대형평수', '방네개이상', '화장실두개']",남향,12865323.198540593
경기도,용인시 기흥구,마북동,교동마을마북e편한세상,매매,102동,9/18,690000000,164.45,OWNER,"햇살가득남향,주인거주로깨끗",25.07.17,"['25년이내', '대형평수', '방네개이상', '화장실두개']",남향,13870426.573426576
경기도,용인시 기흥구,마북동,교동마을마북e편한세상,전세,105동,중/18,450000000,164.45,OWNER,앞전망 막힘없는 해잘드는 정남향.보증보험가입 가능,25.07.21,"['25년이내', '대형평수', '방네개이상', '화장실두개']",남향,9045930.373973854
경기도,용인시 기흥구,마북동,교동마을마북e편한세상,매매,101동,중/18,700000000,164.45,OWNER,"각방장농및수납,도배교체,LRD교체,남향 ,확장형,전세안고도가능",25.07.21,"['25년이내', '대형평수', '방네개이상', '화장실두개']",남향,14071447.248403773
경기도,용인시 기흥구,마북동,교동마을마북e편한세상,매매,105동,1/18,650000000,164.45,OWNER,,25.07.14,"['25년이내', '1층', '대형평수', '방네개이상']",남향,13066343.873517789
경기도,용인시 기흥구,마북동,교동마을마북e편한세상,매매,105동,15/18,690000000,164.45,DOCV2,전망좋은집    주인거주로 상태 양호,25.07.18,"['25년이내', '대형평수', '방네개이상', '화장실두개']",남동향,13870426.573426576
경기도,용인시 기흥구,마북동,교동마을마북e편한세상,매매,102동,중/18,690000000,164.45,OWNER,마북IC 단대후문 대단지연구소초입 거주환경우수아파트,25.07.17,"['25년이내', '대형평수', '방세개', '화장실두개']",남향,13870426.573426576
경기도,용인시 기흥구,마북동,교동마을마북e편한세상,매매,102동,중/18,700000000,164.45,OWNER,"즉시입주,로얄층,남향,집깨끗,구성역죽전역이용가능,추천합니다",25.07.17,"['25년이내', '대형평수', '방세개', '화장실두개']",남향,14071447.248403773
경기도,용인시 기흥구,마북동,교동마을마북e편한세상,매매,101동,중/18,640000000,164.45,NDOC1,정상입주  도배새로  깨끗하게 관리 잘된집,25.07.14,"['25년이내', '대형평수', '방네개이상', '화장실두개']",남향,12865323.198540593
경기도,용인시 기흥구,마북동,교동마을마북e편한세상,매매,105동,중/18,700000000,164.45,OWNER,전세안고  소액 2.2억 갭투자 사방이 숲으로  숲전망너무 좋은집 급매,25.07.11,"['25년이내', '급매', '대형평수', '방네개이상']",남향,14071447.248403773
경기도,용인시 기흥구,마북동,교동마을마북e편한세상,매매,102동,11/18,705000000,164.45,DOC,수리 상태깨끗 정상입주,25.07.15,"['25년이내', '대형평수', '방네개이상', '화장실두개']",북향,14171957.58589237
경기도,용인시 기흥구,마북동,교동마을마북e편한세상,매매,105동,고/18,730000000,164.45,OWNER,리조트전망  주인 거주로  너무 관리 잘된집,25.07.04,"['25년이내', '대형평수', '방네개이상', '화장실두개']",남향,14674509.273335362
경기도,용인시 기흥구,마북동,교동마을마북e편한세상,매매,102동,저/18,650000000,164.45,OWNER,"올수리,확장 ,햇살 잘 드는 정남형,주인거주로 완전 깨끗,입주일 협의가능",25.06.24,"['25년이내', '올수리', '대형평수', '방네개이상']",남향,13066343.873517789
경기도,용인시 기흥구,마북동,교동마을마북e편한세상,매매,102동,12/18,700000000,164.45,NONE,하시입주 주거환경 최고 마북IC옆,25.07.01,"['25년이내', '대형평수', '방네개이상', '화장실두개']",남향,14071447.248403773
경기도,용인시 기흥구,마북동,교동마을마북e편한세상,매매,102동,14/18,560000000,132.31,OWNER,"최저가 급매, 로열동층,  주인거주 관리굿, 공기청정 ",25.07.15,"['25년이내', '급매', '대형평수', '화장실두개']",남동향,13991683.168316832
경기도,용인시 기흥구,마북동,교동마을마북e편한세상,매매,105동,9/18,670000000,132.31,OWNER,"최근 올수리 확장, 샤시 시스템 에어컨 싱크대 화장실, 신축급 컨디션 ",25.07.15,"['25년이내', '올수리', '대형평수', '화장실두개']",남서향,16740049.504950495
경기도,용인시 기흥구,마북동,교동마을마북e편한세상,매매,105동,12/18,700000000,132.31,OWNER,"로얄동,조용하고 환하며 깨끗한집, 날짜 모두조율가능 합니다.",25.07.14,"['25년이내', '대형평수', '방세개', '화장실두개']",남동향,17489603.96039604
경기도,용인시 기흥구,마북동,교동마을마북e편한세상,매매,101동,9/18,590000000,132.31,OWNER,급매 방은 3개  이지만 다른 공간을 넓직하게  활용도를 높인 구조임,25.07.11,"['25년이내', '급매', '대형평수', '방세개']",남서향,14741237.623762377
경기도,용인시 기흥구,마북동,교동마을마북e편한세상,매매,102동,중/18,560000000,132.31,OWNER,초급매 베란다 활용하기 좋은 비확장 주인거주로  깨끗하게 관리되었어요,25.07.11,"['25년이내', '급매', '대형평수', '방세개']",남동향,13991683.168316832
경기도,용인시 기흥구,마북동,교동마을마북e편한세상,매매,102동,중/18,620000000,132.31,OWNER,"구조좋고 깨끗히 관리잘된집 비확장,전망굿",25.07.03,"['25년이내', '대형평수', '방세개', '화장실두개']",남서향,15490792.079207921
경기도,용인시 기흥구,마북동,교동마을마북e편한세상,매매,102동,14/18,560000000,132.31,NONE,"급매 최저가, 입주가능, 컨디션굿, 분당권 미금역 진입용이, 주차편리",25.07.14,"['25년이내', '급매', '대형평수', '방세개']",남동향,13991683.168316832
경기도,용인시 기흥구,마북동,교동마을마북e편한세상,매매,105동,중/18,670000000,132.31,NONE,"올수리 샤시 확장 시스템에어컨, 신축급 컨디션, 주차편리, 법화산조망",25.07.14,"['25년이내', '올수리', '대형평수', '방세개']",남서향,16740049.504950495
경기도,용인시 기흥구,마북동,교동마을마북e편한세상,매매,102동,중/18,620000000,132.31,NONE,"정상확출,관리잘된집,전망굿,비확장",25.07.05,"['25년이내', '대형평수', '방세개', '화장실두개']",남서향,15490792.079207921
경기도,용인시 기흥구,마북동,교동마을마북e편한세상,매매,107동,3/14,600000000,113.53,OWNER,"갭투자물건,전망좋음,남향,집상태아주좋음",25.07.14,"['25년이내', '방세개', '화장실두개', '세대당1대']",남향,17470897.560116272
경기도,용인시 기흥구,마북동,교동마을마북e편한세상,매매,104동,7/15,570000000,113.53,OWNER,"전세안고,올확장,햇살가득남향,막힘없는전망굿,GTX구성역.플시배후지",25.07.14,"['25년이내', '방세개', '화장실두개', '중층']",남향,16597352.682110457
경기도,용인시 기흥구,마북동,교동마을마북e편한세상,매매,108동,12/14,580000000,113.53,OWNER,추천매물 확장형 입주가능 법화산 둘레길  시스템에어컨4대등 최근  올수리,25.07.11,"['25년이내', '올수리', '방세개', '화장실두개']",남동향,16888534.308112394
경기도,용인시 기흥구,마북동,교동마을마북e편한세상,매매,107동,저/14,550000000,113.53,OWNER,"확장형,앞에 막힘 없는 잔잔한뷰",25.07.14,"['25년이내', '방세개', '화장실두개', '세대당1대']",남향,16014989.430106582
경기도,용인시 기흥구,마북동,교동마을마북e편한세상,매매,106동,중/17,580000000,113.53,OWNER,로얄동  햇살좋고  주인 거주로 깨끗하게 관리가 잘된집입니다,25.07.04,"['25년이내', '방세개', '화장실두개', '중층']",남향,16888534.308112394
경기도,용인시 기흥구,마북동,교동마을마북e편한세상,매매,104동,고/15,610000000,113.53,DOC,층고 높아서 개방감이 있는   우물형 천장  조망 채광 너무 좋습니다,25.07.11,"['25년이내', '방세개', '화장실두개', '고층']",남향,17762079.186118208
경기도,용인시 기흥구,마북동,교동마을마북e편한세상2차,매매,201동,15/15,620000000,148.07,OWNER,싹다 올수리 된 주인세대로 집 아주 깔끔,25.07.21,"['15년이내', '올수리', '대형평수', '탑층']",남동향,13842011.886270009
경기도,용인시 기흥구,마북동,교동마을마북e편한세상2차,매매,203동,14/15,600000000,148.07,OWNER,급매물 올수리 올확장 전망 조용한단지,25.07.18,"['15년이내', '올수리', '급매', '대형평수']",남동향,13395495.373809686
경기도,용인시 기흥구,마북동,교동마을마북e편한세상2차,매매,203동,중/15,630000000,148.07,DOC,숲전망 일부수리,25.07.19,"['15년이내', '대형평수', '방네개이상', '화장실두개']",남동향,14065270.142500171
경기도,용인시 기흥구,마북동,교동마을마북e편한세상2차,매매,201동,저/15,590000000,148.07,OWNER,세안고 매매. 가성비 좋은 아파트.,25.07.01,"['15년이내', '대형평수', '방네개이상', '화장실두개']",남동향,13172237.117579525
경기도,용인시 기흥구,마북동,교동마을마북e편한세상2차,매매,202동,고/14,600000000,147.47,DOC,갭2억.  트인전망이 시원하고 깨끗하게 잘 관리했어요.,25.07.10,"['15년이내', '대형평수', '방네개이상', '화장실두개']",남동향,13449996.609479895
경기도,용인시 기흥구,마북동,교동마을신창,매매,102동,고/18,340000000,110.25,OWNER,"갭투자,수리함,남향 ,전세끼고 ,적은자금으로 내집미리마련,",25.07.21,"['25년이상', '방세개', '화장실두개', '고층']",남서향,10194711.111111112
경기도,용인시 기흥구,마북동,교동마을신창,매매,102동,고/18,380000000,110.25,OWNER,"세안고 소액투자 매매, 플시 호재",25.07.21,"['25년이상', '방세개', '화장실두개', '고층']",남서향,11394088.888888888
경기도,용인시 기흥구,마북동,교동마을신창,매매,102동,고/18,380000000,110.25,OWNER,"주인거주,통풍잘되고 ,하루종일 해가 잘들음,수리함",25.06.30,"['25년이상', '방세개', '화장실두개', '고층']",남서향,11394088.888888888
경기도,용인시 기흥구,마북동,교동마을신창,매매,102동,4/18,380000000,110.23,OWNER,"하시입주,일부수리,로얄동",25.07.21,"['25년이상', '방세개', '화장실두개', '저층']",남동향,11396156.218815206
경기도,용인시 기흥구,마북동,교동마을신창,매매,102동,고/18,400000000,110.23,OWNER,,25.07.21,"['25년이상', '방세개', '화장실두개', '고층']",남향,11995953.91454232
경기도,용인시 기흥구,마북동,교동마을신창,매매,102동,1/18,325000000,110.23,OWNER,"갭투자,전세안고가능,화장실2주방 수리잘되여있음",25.07.14,"['25년이상', '1층', '주방교체', '방세개']",남동향,9746712.555565637
경기도,용인시 기흥구,마북동,교동마을신창,매매,102동,저/18,410000000,110.23,OWNER,주인세대거주 33P 밝고 따뜻한 수리된 집 GTX구성역대중교통이용편리,25.07.21,"['25년이상', '방세개', '화장실두개', '저층']",남동향,12295852.76240588
경기도,용인시 기흥구,마북동,교동마을신창,매매,102동,5/18,420000000,110.23,DOCV2,올수리  주인거주로 상태양호  전망 좋은집,25.07.09,"['25년이상', '올수리', '방세개', '화장실두개']",남동향,12595751.610269437
경기도,용인시 기흥구,마북동,교동마을신창,매매,101동,저/18,330000000,110.23,OWNER,,25.07.07,"['25년이상', '방세개', '화장실두개', '저층']",남동향,9896661.979497414
경기도,용인시 기흥구,마북동,교동마을신창,매매,102동,15/18,400000000,110.23,OWNER,"조정가,아주깨끗,산전망최고,지하주차엘베연결",25.06.30,"['25년이상', '방세개', '화장실두개', '고층']",남동향,11995953.91454232
경기도,용인시 기흥구,마북동,교동마을신창,매매,102동,중/18,370000000,110.23,OWNER,"남향,전망좋음,정상입주",25.06.30,"['25년이상', '방세개', '화장실두개', '중층']",남서향,11096257.370951647
경기도,용인시 기흥구,마북동,교동마을신창,매매,102동,중/18,410000000,110.23,OWNER,"샷시포함올수리함,사계절산뷰,정상입주",25.06.30,"['25년이상', '올수리', '방세개', '화장실두개']",남동향,12295852.76240588
경기도,용인시 기흥구,마북동,교동마을신창,매매,102동,중/18,390000000,110.23,OWNER,주인거주 방1확장,25.06.30,"['25년이상', '방세개', '화장실두개', '중층']",남동향,11696055.066678762
경기도,용인시 기흥구,마북동,교동마을신창,매매,102동,4/18,380000000,110.23,NONE,"부분수리,깨끗함,빠른입주",25.07.18,"['25년이상', '방세개', '화장실두개', '저층']",남동향,11396156.218815206
경기도,용인시 기흥구,마북동,교동마을신창,매매,102동,15/18,400000000,110.23,NONE,"입주확실,부분수리아주깨끗,산전망최고,지하주차엘베연결",25.07.05,"['25년이상', '방세개', '화장실두개', '고층']",남향,11995953.91454232
경기도,용인시 기흥구,마북동,교동마을신창,매매,102동,중/18,370000000,110.23,NONE,급매,25.07.04,"['25년이상', '급매', '방세개', '화장실두개']",남서향,11096257.370951647
경기도,용인시 기흥구,마북동,교동마을신창,매매,103동,18/18,350000000,77.64,OWNER,"올수리, 갭투자가능,탑층 ,GTX개통",25.07.21,"['25년이상', '올수리', '탑층', '방세개']",남동향,14902431.092220504
경기도,용인시 기흥구,마북동,교동마을신창,매매,102동,10/18,340000000,77.64,OWNER,"입주또는세안고,전망최고,단지앞정류장",25.07.19,"['25년이상', '방세개', '화장실한개', '중층']",남동향,14476647.346728493
경기도,용인시 기흥구,마북동,교동마을신창,매매,103동,18/18,350000000,77.64,MOBL,주인실거주.깔끔관리.입주협의,25.07.16,"['25년이상', '탑층', '방세개', '화장실한개']",남향,14902431.092220504
경기도,용인시 기흥구,마북동,교동마을신창,전세,101동,1/18,250000000,77.64,OWNER,"올수리 ,샤시및전체수리함,주인거주,탄천이용편리, 확장형",25.07.15,"['25년이상', '올수리', '1층', '방세개']",남동향,10644593.637300361
경기도,용인시 기흥구,마북동,교동마을신창,매매,102동,중/18,350000000,77.64,OWNER,"주인거주,2년전수리함,산조망뷰굿,정상입주",25.07.21,"['25년이상', '방세개', '화장실한개', '중층']",남동향,14902431.092220504
경기도,용인시 기흥구,마북동,교동마을신창,매매,102동,중/18,350000000,77.64,OWNER,star. 전세끼고. 빠른거레 원함.  내부 깨끗.,25.07.19,"['25년이상', '방세개', '화장실한개', '중층']",남동향,14902431.092220504
경기도,용인시 기흥구,마북동,교동마을신창,매매,101동,저/18,330000000,77.64,OWNER,"샤시교체,주인거주,정상입주,지하주차장연결",25.07.18,"['25년이상', '방세개', '화장실한개', '저층']",남동향,14050863.601236477
경기도,용인시 기흥구,마북동,교동마을신창,매매,104동,고/18,350000000,77.64,OWNER,"화장실.LED등교체,햇살가득남향,GTX구성역.플시배후지",25.07.17,"['25년이상', '방세개', '화장실한개', '고층']",남향,14902431.092220504
경기도,용인시 기흥구,마북동,교동마을신창,매매,104동,고/18,350000000,77.64,OWNER,"수리깨끗,로얄동로얄층,햇살가득남향,지하주차엘베연결",25.07.17,"['25년이상', '방세개', '화장실한개', '고층']",남향,14902431.092220504
경기도,용인시 기흥구,마북동,교동마을신창,매매,104동,고/18,350000000,77.64,OWNER,｜23.｜입주협의｜수리 깨끗｜방1 확장｜지하엘베 연결동｜,25.07.16,"['25년이상', '방세개', '화장실한개', '고층']",남서향,14902431.092220504
경기도,용인시 기흥구,마북동,교동마을신창,매매,102동,중/18,340000000,77.64,OWNER,"전망굿,수리,깨끗,입주협의",25.07.11,"['25년이상', '방세개', '화장실한개', '중층']",남동향,14476647.346728493
경기도,용인시 기흥구,마북동,교동마을신창,매매,103동,중/18,340000000,77.64,DOC,수리된집내부상태아주좋아요,25.07.19,"['25년이상', '방세개', '화장실한개', '중층']",남동향,14476647.346728493
경기도,용인시 기흥구,마북동,교동마을신창,매매,103동,중/18,340000000,77.64,DOC,세안고 전체수리된집,25.07.19,"['25년이상', '방세개', '화장실한개', '중층']",남동향,14476647.346728493
경기도,용인시 기흥구,마북동,교동마을신창,매매,103동,1/18,330000000,77.64,OWNER,세안고 특올수리 매우깨끗함 주차장연결,25.07.01,"['25년이상', '올수리', '1층', '방세개']",남동향,14050863.601236477
경기도,용인시 기흥구,마북동,교동마을신창,매매,103동,고/18,340000000,77.64,DOC,"올수리함, 정상입주,11월입주가능,전망좋음 ,햇살좋음",25.07.14,"['25년이상', '올수리', '방세개', '화장실한개']",남동향,14476647.346728493
경기도,용인시 기흥구,마북동,교동마을신창,매매,102동,14/18,350000000,77.64,DOC,샤시 빼고 올수리. 신창 최고의 전망,25.07.05,"['25년이상', '올수리', '방세개', '화장실한개']",남동향,14902431.092220504
경기도,용인시 기흥구,마북동,교동마을신창,매매,103동,1/18,320000000,77.64,DOC,리모델링한 깔끔한 집,25.07.01,"['25년이상', '1층', '방세개', '화장실한개']",남동향,13625079.855744462
경기도,용인시 기흥구,마북동,교동마을신창,매매,104동,저/18,300000000,77.64,DOC,월세안고.올수리.,25.07.07,"['25년이상', '올수리', '방세개', '화장실한개']",남서향,12773512.364760432
경기도,용인시 기흥구,마북동,교동마을신창,매매,101동,고/18,320000000,77.64,OWNER,"급매,전세안고,깨끗,지하주차엘베연결,단지앞정류장",25.06.25,"['25년이상', '급매', '방세개', '화장실한개']",남동향,13625079.855744462
경기도,용인시 기흥구,마북동,교동마을신창,매매,103동,고/18,320000000,77.64,NDOC1,"세안고 층간소음 걱정없는 탑층, 수리되어 깨끗합니다,",25.06.23,"['25년이상', '방세개', '화장실한개', '고층']",남동향,13625079.855744462
경기도,용인시 기흥구,마북동,교동마을신창,매매,104동,저/18,370000000,77.64,DOC,일부수리 전망 일조량 확보,25.06.28,"['25년이상', '방세개', '화장실한개', '주차가능']",남향,15753998.583204534
경기도,용인시 기흥구,마북동,교동마을신창,매매,103동,18/18,350000000,77.64,NONE,"12월입주협의,올수리,층간소음없는탑층,지하주차엘베연결",25.07.09,"['25년이상', '올수리', '탑층', '방세개']",남동향,14902431.092220504
경기도,용인시 기흥구,마북동,교동마을신창,매매,104동,16/18,350000000,77.64,NONE,"수리아주깨끗,햇살가득남향,전망굿,지하주차엘베연결",25.07.05,"['25년이상', '방세개', '화장실한개', '고층']",남향,14902431.092220504
경기도,용인시 기흥구,마북동,교동마을신창,매매,103동,17/18,340000000,77.64,NONE,,25.07.05,"['25년이상', '방세개', '화장실한개', '고층']",남동향,14476647.346728493
경기도,용인시 기흥구,마북동,교동마을신창,매매,102동,10/18,340000000,77.64,NONE,"빠른입주가,산전망최고,지하주차엘베연결",25.07.05,"['25년이상', '방세개', '화장실한개', '중층']",남동향,14476647.346728493
경기도,용인시 기흥구,마북동,교동마을쌍용,매매,101동,15/16,610000000,172.86,OWNER,"예쁘게올수리된집,입구동,전망좋고 햇살좋은 숲세권",25.07.21,"['25년이내', '올수리', '대형평수', '방네개이상']",남향,11665676.559065139
경기도,용인시 기흥구,마북동,교동마을쌍용,매매,106동,3/16,570000000,172.86,OWNER,남향 올수리 정상입주 조망굿 법화산인접,25.07.21,"['25년이내', '올수리', '대형평수', '방네개이상']",남향,10900714.161749393
경기도,용인시 기흥구,마북동,교동마을쌍용,매매,104동,중/16,510000000,172.86,OWNER,수리된 남향의 깨끗한 집,25.07.21,"['25년이내', '대형평수', '방네개이상', '화장실두개']",남향,9753270.565775773
경기도,용인시 기흥구,마북동,교동마을쌍용,매매,103동,11/16,650000000,172.86,OWNER,"최근특올수리,산조망,에어컨5대",25.07.15,"['25년이내', '올수리', '대형평수', '방네개이상']",남향,12430638.956380885
경기도,용인시 기흥구,마북동,교동마을쌍용,월세,103동,13/16,3억/40,172.86,OWNER,"올수리,산전망최고,햇살가득남향,넘편한지하주차엘베연결",25.07.14,"['25년이내', '올수리', '대형평수', '방네개이상']",남향,
경기도,용인시 기흥구,마북동,교동마을쌍용,전세,103동,13/16,400000000,172.86,OWNER,"조정가,올수리,산전망최고,햇살가득남향,지하주차엘베연결",25.07.14,"['25년이내', '올수리', '대형평수', '방네개이상']",남향,7649623.973157468
경기도,용인시 기흥구,마북동,교동마을쌍용,매매,104동,1/16,600000000,172.86,OWNER,작년에 올수리한 마당 있는 집. 필로티1층이라 사생활 보호 잘됨,25.07.14,"['25년이내', '올수리', '마당', '1층']",남향,11474435.959736204
경기도,용인시 기흥구,마북동,교동마을쌍용,매매,103동,고/16,720000000,172.86,OWNER,"올수리.다락방과 있고, 층고 높은 탑층. 계단공사 완료. 뷰 맛집",25.07.18,"['25년이내', '올수리', '복층', '대형평수']",남향,13769323.151683444
경기도,용인시 기흥구,마북동,교동마을쌍용,매매,101동,1/16,600000000,172.86,OWNER,1층 단독정원. 수리 깨끗. 세대개인창고. 주인거주,25.07.11,"['25년이내', '마당', '1층', '대형평수']",남서향,11474435.959736204
경기도,용인시 기흥구,마북동,교동마을쌍용,매매,104동,저/16,530000000,172.86,OWNER,"GTX구성역.플시배후지,관리잘된깨끗한집,남향,넘편한지하주차엘베연결",25.07.14,"['25년이내', '대형평수', '방네개이상', '화장실두개']",남향,10135751.764433645
경기도,용인시 기흥구,마북동,교동마을쌍용,매매,105동,중/16,610000000,172.86,OWNER,"올수리. 빠른입주 가능하며, 전망이 너무 좋아요.",25.07.14,"['25년이내', '올수리', '대형평수', '방네개이상']",남향,11665676.559065139
경기도,용인시 기흥구,마북동,교동마을쌍용,매매,103동,중/16,550000000,172.86,OWNER,"법화산뷰아주좋음,주인거주로 깨끗,정상입주,주차가넉넉함",25.07.07,"['25년이내', '대형평수', '방네개이상', '화장실두개']",남향,10518232.963091519
경기도,용인시 기흥구,마북동,교동마을쌍용,매매,106동,7/16,530000000,172.86,OWNER,"조절가,씽크대교체,햇살가득정남향,넘편한지하주차.엘베연결",25.06.24,"['25년이내', '대형평수', '방네개이상', '화장실두개']",남향,10135751.764433645
경기도,용인시 기흥구,마북동,교동마을쌍용,매매,103동,고/16,590000000,172.86,OWNER,거실확장형. 최고의 전망. 깨끗하게 관리 잘 한 집,25.06.30,"['25년이내', '대형평수', '방네개이상', '화장실두개']",남향,11283195.360407267
경기도,용인시 기흥구,마북동,교동마을쌍용,매매,106동,저/16,520000000,172.86,OWNER,"월세안고,급매,수리되어깨끗",25.06.30,"['25년이내', '급매', '대형평수', '방네개이상']",남향,9944511.16510471
경기도,용인시 기흥구,마북동,교동마을쌍용,매매,103동,고/16,550000000,172.86,DOC,"주인거주, 로얄동 로얄층, 정상입주, 주차편함,  숲속뷰",25.06.24,"['25년이내', '대형평수', '방네개이상', '화장실두개']",남향,10518232.963091519
경기도,용인시 기흥구,마북동,교동마을쌍용,매매,106동,7/16,530000000,172.86,NONE,"급매,조절가,씽크대교체,정남향,넘편한지하주차엘베연결",25.07.17,"['25년이내', '급매', '대형평수', '방네개이상']",남향,10135751.764433645
경기도,용인시 기흥구,마북동,교동마을엘지자이,매매,107동,4/17,570000000,161.23,OWNER,"남향.전망좋음,주일실거주로 집상태아주좋음",25.07.21,"['25년이내', '대형평수', '방네개이상', '화장실두개']",남서향,11687015.13365999
경기도,용인시 기흥구,마북동,교동마을엘지자이,매매,101동,1/20,530000000,161.23,OWNER,"2층 높이의 1층, 채광좋음, 부분수리.",25.07.21,"['25년이내', '1층', '대형평수', '방네개이상']",남서향,10866873.72077157
경기도,용인시 기흥구,마북동,교동마을엘지자이,매매,107동,1/17,530000000,161.23,OWNER,층간소음에서 자유로운 1층.  저렴하게 매수하여 넓게 생활하세요.,25.07.19,"['25년이내', '1층', '대형평수', '방네개이상']",남서향,10866873.72077157
경기도,용인시 기흥구,마북동,교동마을엘지자이,매매,106동,10/17,570000000,161.23,OWNER,48 방4 입주또는갭투 상태굿 쾌적한마을 확트인뷰 조용한동,25.07.17,"['25년이내', '대형평수', '방네개이상', '화장실두개']",남향,11687015.13365999
경기도,용인시 기흥구,마북동,교동마을엘지자이,매매,107동,15/17,630000000,161.23,OWNER,샷시포함 특올수리  하시입주 조망굿,25.07.14,"['25년이내', '올수리', '대형평수', '방네개이상']",남서향,12917227.25299262
경기도,용인시 기흥구,마북동,교동마을엘지자이,매매,106동,4/17,570000000,161.23,DOC,주인거주로  집상태 양호,25.07.18,"['25년이내', '대형평수', '방네개이상', '화장실두개']",남향,11687015.13365999
경기도,용인시 기흥구,마북동,교동마을엘지자이,매매,106동,17/17,580000000,161.23,DOC,"전망좋은집,정상입주",25.07.17,"['25년이내', '대형평수', '탑층', '방네개이상']",남서향,11892050.486882096
경기도,용인시 기흥구,마북동,교동마을엘지자이,매매,106동,15/17,600000000,161.23,OWNER,마법 같은 행복한 집 ,25.06.26,"['25년이내', '대형평수', '방네개이상', '화장실두개']",남서향,12302121.193326306
경기도,용인시 기흥구,마북동,교동마을엘지자이,매매,101동,1/20,530000000,161.23,NONE,"로얄입구동,채광좋음",25.07.03,"['25년이내', '1층', '대형평수', '방네개이상']",남향,10866873.72077157
경기도,용인시 기흥구,마북동,교동마을엘지자이,월세,103동,18/20,"5,000/150",119.78,OWNER,수리된 집. 입주일 자유롭게 맞출 수 있어요.,25.07.14,"['25년이내', '방세개', '화장실두개', '고층']",남서향,
경기도,용인시 기흥구,마북동,교동마을엘지자이,월세,103동,고/20,"5,000/130",119.78,NDOC1,하루종일해잘드는 남향집  정상입주가능,25.07.16,"['25년이내', '방세개', '화장실두개', '고층']",남향,
경기도,용인시 기흥구,마북동,교동마을엘지자이,매매,102동,13/20,530000000,119.78,DOC,주인거주세대로 깨끗하게 관리잘 한 집. 폴딩도어,25.07.18,"['25년이내', '방세개', '화장실두개', '중층']",남향,14627367.256637169
경기도,용인시 기흥구,마북동,교동마을엘지자이,매매,105동,1/18,460000000,119.78,DOC,남향 아이들 키우기좋은집 상태양호,25.07.18,"['25년이내', '1층', '방세개', '화장실두개']",남동향,12695450.82651528
경기도,용인시 기흥구,마북동,교동마을엘지자이,매매,102동,저/20,480000000,119.78,OWNER,"전세안고갭투자,수리함,전망좋음,조용,편안한생활",25.07.14,"['25년이내', '방세개', '화장실두개', '세대당1대']",남동향,13247426.949407248
경기도,용인시 기흥구,마북동,교동마을엘지자이,매매,102동,고/20,530000000,119.78,OWNER,"수리함,전망좋음,정상입주,법화산등산로연결",25.07.14,"['25년이내', '방세개', '화장실두개', '고층']",남동향,14627367.256637169
경기도,용인시 기흥구,마북동,교동마을엘지자이,매매,104동,중/20,510000000,119.78,OWNER,"전세안고,트인전망굿,수리깨끗,GTX구성역.플시배후지",25.07.14,"['25년이내', '방세개', '화장실두개', '중층']",남동향,14075391.1337452
경기도,용인시 기흥구,마북동,교동마을엘지자이,매매,103동,2/20,490000000,119.78,DOC,"편안한높이에 안정감있는 뷰,주인거주.",25.07.18,"['25년이내', '방세개', '화장실두개', '세대당1대']",남동향,13523415.010853233
경기도,용인시 기흥구,마북동,교동마을엘지자이,매매,104동,저/20,470000000,119.78,DOC,거실 확장형. 빠른입주도 가능. 잔잔한 전망이 예뻐요.,25.07.14,"['25년이내', '방세개', '화장실두개', '세대당1대']",남동향,12971438.887961263
경기도,용인시 기흥구,마북동,교동마을엘지자이,매매,103동,고/20,520000000,119.78,DOC,햇쌀좋은 남향.조망좋음,25.07.10,"['25년이내', '방세개', '화장실두개', '고층']",남서향,14351379.195191184
경기도,용인시 기흥구,마북동,교동마을엘지자이,매매,104동,저/20,460000000,119.78,OWNER,,25.06.26,"['25년이내', '방세개', '화장실두개', '세대당1대']",남동향,12695450.82651528
경기도,용인시 기흥구,마북동,교동마을엘지자이,월세,103동,19/20,"5,000/130",119.78,NONE,깨끗 전망 쾌적,25.07.10,"['25년이내', '방세개', '화장실두개', '고층']",남향,
경기도,용인시 기흥구,마북동,교동마을정광,매매,105동,8/18,470000000,109.05,OWNER,부분수리 주인세대거주 남향 초등교5분,25.07.21,"['25년이상', '방세개', '화장실두개', '중층']",남향,14247766.620816141
경기도,용인시 기흥구,마북동,교동마을정광,매매,104동,9/18,430000000,109.05,NDOC1,"숲세권, 신발장 주방 인테리어, 방 하나 확장, 입주협의가능",25.07.21,"['25년이상', '방한개', '화장실두개', '중층']",남동향,13035190.73819349
경기도,용인시 기흥구,마북동,교동마을정광,매매,105동,11/18,400000000,109.05,OWNER,"숲전망굿,초등인접,GTX.플랫폼시티배후지,수리후 들어오세요",25.07.17,"['25년이상', '방세개', '화장실두개', '중층']",남동향,12125758.826226503
경기도,용인시 기흥구,마북동,교동마을정광,매매,104동,8/18,420000000,109.05,NDOC1,"싱크대.화장실 도배장판 2년전수리,세안고",25.07.14,"['25년이상', '방세개', '화장실두개', '중층']",남동향,12732046.767537827
경기도,용인시 기흥구,마북동,교동마을정광,매매,106동,고/18,440000000,109.05,NDOC1,"신축급 화이티 올수리, 첫입주,  초품아 도보5분 , 숲세권, 남향전망굿",25.07.16,"['25년이상', '올수리', '방세개', '화장실두개']",남향,13338334.708849154
경기도,용인시 기흥구,마북동,교동마을정광,매매,104동,고/18,375000000,109.05,OWNER,"화장실2개 수리,주방,방1확장,주인거주,전망좋음",25.07.14,"['25년이상', '방세개', '화장실두개', '고층']",남동향,11367898.899587346
경기도,용인시 기흥구,마북동,교동마을정광,매매,105동,12/18,480000000,109.05,DOC,"용인플랫폼시티 호재, 법화산인접, 로얄동 로얄층, 전망좋음",25.07.17,"['25년이상', '방세개', '화장실두개', '중층']",남동향,14550910.591471804
경기도,용인시 기흥구,마북동,교동마을정광,매매,103동,고/18,430000000,109.05,OWNER,남향.집상태아주좋음기본수리함.협의이사가능.초등학교바로인접,25.07.11,"['25년이상', '방세개', '화장실두개', '고층']",남서향,13035190.73819349
경기도,용인시 기흥구,마북동,교동마을정광,매매,105동,저/18,400000000,109.05,OWNER,"부분수리깨끗,초등인접,조망굿.GTX구성역,플시배후지",25.07.10,"['25년이상', '방세개', '화장실두개', '세대당1대']",남동향,12125758.826226503
경기도,용인시 기흥구,마북동,교동마을정광,매매,103동,저/18,380000000,109.05,OWNER,"급매,남향,초등인접,GTX구성역.플랫폼시티배후지",25.07.10,"['25년이상', '급매', '방세개', '화장실두개']",남향,11519470.884915177
경기도,용인시 기흥구,마북동,교동마을정광,매매,104동,저/18,420000000,109.05,OWNER,"o급매o  즉시입주가능, 유치원, 초등 근접동, 상권 이용 편리",25.07.10,"['25년이상', '급매', '방세개', '화장실두개']",남동향,12732046.767537827
경기도,용인시 기흥구,마북동,교동마을정광,매매,105동,저/18,405000000,109.05,DOC,"낭향의아늑한조망,수리,초등인접",25.07.19,"['25년이상', '방세개', '화장실두개', '세대당1대']",남향,12277330.811554335
경기도,용인시 기흥구,마북동,교동마을정광,매매,105동,중/18,410000000,109.05,DOC,주인거주로 상태양호,25.07.18,"['25년이상', '방세개', '화장실두개', '중층']",남향,12428902.796882166
경기도,용인시 기흥구,마북동,교동마을정광,매매,105동,저/18,410000000,109.05,NDOC1,2년전 일부수리.안방붙박이장 설치. 주인거주로 깔끔.,25.07.07,"['25년이상', '방세개', '화장실두개', '세대당1대']",남동향,12428902.796882166
경기도,용인시 기흥구,마북동,교동마을정광,매매,104동,중/18,405000000,109.05,OWNER,"씽크대교체,작은방확장,산조망굿,초등인접",25.07.07,"['25년이상', '방세개', '화장실두개', '중층']",남동향,12277330.811554335
경기도,용인시 기흥구,마북동,교동마을정광,매매,104동,고/18,400000000,109.05,OWNER,"전세안고,수리깨끗,산전망최고,초등인접,GTX구성역.플시배후지",25.07.07,"['25년이상', '방세개', '화장실두개', '고층']",남동향,12125758.826226503
경기도,용인시 기흥구,마북동,교동마을정광,매매,105동,고/18,410000000,109.05,DOC,"하시입주,로얄동,로얄층,채광,전망굿,플랫폼시티인접으로상승세",25.07.17,"['25년이상', '방세개', '화장실두개', '고층']",남향,12428902.796882166
경기도,용인시 기흥구,마북동,교동마을정광,매매,103동,11/18,420000000,109.05,DOC,남향  집상태 양호,25.07.09,"['25년이상', '방세개', '화장실두개', '중층']",남동향,12732046.767537827
경기도,용인시 기흥구,마북동,교동마을정광,매매,103동,14/18,410000000,109.05,DOC,급매. 남향의 햇살 좋고 전망 있어요.,25.07.07,"['25년이상', '급매', '방세개', '화장실두개']",남서향,12428902.796882166
경기도,용인시 기흥구,마북동,교동마을정광,월세,106동,8/18,1억/80,109.05,DOC,"정상입주,일부수리,",25.07.04,"['25년이상', '방세개', '화장실두개', '중층']",동향,
경기도,용인시 기흥구,마북동,교동마을정광,매매,105동,중/18,410000000,109.05,OWNER,"올수리,방확장,전망굿,초등인접,GTX구성역.플랫폼시티배후지",25.06.30,"['25년이상', '올수리', '방세개', '화장실두개']",남동향,12428902.796882166
경기도,용인시 기흥구,마북동,교동마을정광,매매,104동,3/18,400000000,109.05,DOC,올 수리된 집,25.07.01,"['25년이상', '올수리', '방세개', '화장실두개']",남동향,12125758.826226503
경기도,용인시 기흥구,마북동,교동마을정광,매매,104동,13/18,400000000,109.05,NONE,"전세안고,수리깨끗,막힘없는산전망굿,초등인접",25.07.05,"['25년이상', '방세개', '화장실두개', '고층']",남동향,12125758.826226503
경기도,용인시 기흥구,마북동,교동마을정광,매매,104동,3/18,400000000,109.05,NONE,"수리아주깨끗,산전망굿,초등인접,생활편리",25.07.05,"['25년이상', '방세개', '화장실두개', '세대당1대']",남동향,12125758.826226503
경기도,용인시 기흥구,마북동,교동마을정광,매매,103동,고/18,430000000,109.05,NONE,"정상입주,남향,수리됨,채광전망좋아요",25.06.23,"['25년이상', '방세개', '화장실두개', '고층']",남향,13035190.73819349
경기도,용인시 기흥구,마북동,교동마을정광,매매,104동,3/18,380000000,76.92,OWNER,최근올수리 방3욕2개로 구조좋음 유치원 초등교인접,25.07.21,"['25년이상', '올수리', '방세개', '화장실두개']",남향,16331231.14924597
경기도,용인시 기흥구,마북동,교동마을정광,매매,101동,5/11,340000000,76.92,OWNER,"올확장,채광.전망굿,초등인접.GTX구성역.플랫폼시티배후지",25.07.17,"['25년이상', '방세개', '화장실두개', '중층']",남서향,14612154.186167447
경기도,용인시 기흥구,마북동,교동마을정광,매매,102동,13/16,360000000,76.92,DOCV2,화장실 신발장 교체  씽크대 보일러 교체,25.07.18,"['25년이상', '보일러교체', '방세개', '화장실두개']",남향,15471692.66770671
경기도,용인시 기흥구,마북동,교동마을정광,매매,104동,중/18,350000000,76.92,OWNER,남향으로 올수리. 주인거주세대로 깨끗하게 관리 잘 했어요.,25.07.18,"['25년이상', '올수리', '방세개', '화장실두개']",남서향,15041923.426937077
경기도,용인시 기흥구,마북동,교동마을정광,매매,104동,고/18,365000000,76.92,OWNER,"협의가,수리아주깨끗,햇살가득남향,초등인접",25.07.17,"['25년이상', '방세개', '화장실두개', '고층']",남향,15686577.288091524
경기도,용인시 기흥구,마북동,교동마을정광,매매,102동,저/16,340000000,76.92,OWNER,"거실.방확장,초등인접,GTX구성역.플랫폼시티배후지",25.07.14,"['25년이상', '방세개', '화장실두개', '세대당1대']",남동향,14612154.186167447
경기도,용인시 기흥구,마북동,교동마을정광,매매,102동,8/16,350000000,76.92,OWNER,"갭투자물건 앞뒤전망,방 1확장,수리함",25.07.07,"['25년이상', '방세개', '화장실두개', '중층']",남동향,15041923.426937077
경기도,용인시 기흥구,마북동,교동마을정광,매매,106동,12/18,340000000,76.92,DOC,"정상입주,남향,앞뒤트여 채광,전망좋아요",25.07.17,"['25년이상', '방세개', '화장실두개', '중층']",남향,14612154.186167447
경기도,용인시 기흥구,마북동,교동마을정광,매매,102동,중/16,340000000,76.92,NDOC1,"학세권 , 전망굿, 주인거주로 깨끗, 보일러교체",25.07.10,"['25년이상', '보일러교체', '방세개', '화장실두개']",남동향,14612154.186167447
경기도,용인시 기흥구,마북동,교동마을정광,매매,102동,5/16,360000000,76.92,DOCV2,확장 욕실 수리,25.07.09,"['25년이상', '욕실수리', '방세개', '화장실두개']",남동향,15471692.66770671
경기도,용인시 기흥구,마북동,교동마을정광,매매,104동,저/18,340000000,76.92,DOC,정상입주 작은방 거실확장 수리,25.07.19,"['25년이상', '방세개', '화장실두개', '세대당1대']",남향,14612154.186167447
경기도,용인시 기흥구,마북동,교동마을정광,매매,102동,저/16,340000000,76.92,NDOC1,"빠른 입주가능. 주인거주로  깔끔 ,올수리함.",25.07.07,"['25년이상', '올수리', '방세개', '화장실두개']",남동향,14612154.186167447
경기도,용인시 기흥구,마북동,교동마을정광,매매,101동,9/11,350000000,76.92,OWNER,"샷시교체 올확장,매우깨끗,남향,숲전망",25.07.01,"['25년이상', '방세개', '화장실두개', '고층']",남향,15041923.426937077
경기도,용인시 기흥구,마북동,교동마을정광,매매,101동,2/11,350000000,76.92,OWNER,"방확장,안방붙박이,남향,조망굿,초등인접,GTX구성역배후지",25.06.30,"['25년이상', '방세개', '화장실두개', '세대당1대']",남향,15041923.426937077
경기도,용인시 기흥구,마북동,교동마을정광,매매,104동,저/18,330000000,76.92,DOC,"정상입주,남향,",25.07.16,"['25년이상', '방세개', '화장실두개', '세대당1대']",남향,14182384.945397817
경기도,용인시 기흥구,마북동,교동마을정광,매매,106동,5/18,370000000,76.92,OWNER,"수리깨끗,방확장,햇살가득남향,전망굿,초등인접,GTX구성역.플시배후지",25.06.25,"['25년이상', '방세개', '화장실두개', '세대당1대']",남향,15901461.90847634
경기도,용인시 기흥구,마북동,교동마을정광,매매,101동,고/11,400000000,76.92,OWNER,"화이트톤완벽올수리,거실확장,햇살가득남향,전망굿,초등인접",25.06.27,"['25년이상', '올수리', '방세개', '화장실두개']",남향,17190769.63078523
경기도,용인시 기흥구,마북동,교동마을정광,매매,104동,5/18,312000000,76.92,NONE,"초급매,정상확출,올확장,햇살가득남향,초등인접",25.07.17,"['25년이상', '급매', '방세개', '화장실두개']",남향,13408800.31201248
경기도,용인시 기흥구,마북동,교동마을정광,매매,104동,중/18,350000000,76.92,NONE,"정상확출,올수리,햇살가득남향,초등인접",25.07.17,"['25년이상', '올수리', '방세개', '화장실두개']",남향,15041923.426937077
경기도,용인시 기흥구,마북동,교동마을현대필그린,전세,109동,14/17,550000000,236.6,OWNER,"올수리 남향 로열동 로열층, 스카이라인 전망 앞뒤 베리굿,  주인거주",25.07.21,"['25년이내', '융자금없는', '올수리', '대형평수']",남향,7684622.781065089
경기도,용인시 기흥구,마북동,교동마을현대필그린,전세,110동,5/17,460000000,236.6,OWNER,"정남향햇살가득집, 방4화2,2가족이 생활할수이있음,가격조정가능함",25.07.21,"['25년이내', '융자금없는', '대형평수', '방네개이상']",남향,6427139.053254439
경기도,용인시 기흥구,마북동,교동마을현대필그린,매매,109동,7/17,800000000,236.6,OWNER,"입주 투자 가능, 남향 로열동 로열층 탁트인 전망, GTX A 구성역개통",25.07.21,"['25년이내', '대형평수', '화장실두개', '방네개이상']",남향,11177633.136094676
경기도,용인시 기흥구,마북동,교동마을현대필그린,매매,109동,10/17,660000000,236.6,OWNER,"입주 및 투자 가능, 정남향 로열동 로열층,거주환경좋은 대형평형 주차편리",25.07.21,"['25년이내', '대형평수', '방네개이상', '화장실두개']",남향,9221547.337278107
경기도,용인시 기흥구,마북동,교동마을현대필그린,매매,109동,16/17,700000000,236.6,OWNER,"트인전망,2세대도넉넉해요,가격절충가",25.07.17,"['25년이내', '대형평수', '방네개이상', '화장실두개']",남향,9780428.99408284
경기도,용인시 기흥구,마북동,교동마을현대필그린,매매,110동,저/17,750000000,236.6,OWNER,올수리 후문입구동 풍부한일조량 동간거리넓어 쾌적한내부 넉넉한주차,25.07.17,"['25년이내', '올수리', '대형평수', '방네개이상']",남향,10479031.065088758
경기도,용인시 기흥구,마북동,교동마을현대필그린,매매,109동,5/17,750000000,236.6,OWNER,두세대거주로도 안성맞춤 플시영향권 후문초입편리 두대주차무료의 넉넉한주차장,25.07.10,"['25년이내', '대형평수', '방네개이상', '화장실두개']",남동향,10479031.065088758
경기도,용인시 기흥구,마북동,교동마을현대필그린,매매,109동,14/17,880000000,236.6,OWNER,"풍수가 인정한 명당, 정남향 로열층, 올수리,  스카이 라인 골프장조망굿",25.07.08,"['25년이내', '올수리', '대형평수', '화장실두개']",남향,12295396.449704144
경기도,용인시 기흥구,마북동,교동마을현대필그린,월세,109동,14/17,2억/140,236.6,OWNER,"올수리, 포세린 바닥, 방2 확장, 장기거주가능, 앞뒤 시원한 전망 청정",25.07.05,"['25년이내', '융자금없는', '올수리', '대형평수']",남향,
경기도,용인시 기흥구,마북동,교동마을현대필그린,매매,110동,6/17,690000000,236.6,OWNER,"최저가 입주급매, 정남향 로열동층, 한성골프장 조망굿, GTX 구성역개통",25.07.03,"['25년이내', '급매', '대형평수', '화장실두개']",남향,9640708.579881657
경기도,용인시 기흥구,마북동,교동마을현대필그린,매매,109동,13/17,700000000,236.6,OWNER,"울수리, 정남향 밝은 로열동 로열층 관리비 저렴, 대형마트 골프장 숲세권",25.06.30,"['25년이내', '대형평수', '화장실두개', '방네개이상']",남향,9780428.99408284
경기도,용인시 기흥구,마북동,교동마을현대필그린,매매,109동,고/17,800000000,236.6,DOC,투자하실분 매도인 그대로 전세 또는 월세 거주조건 ,25.07.11,"['25년이내', '대형평수', '방네개이상', '화장실두개']",남향,11177633.136094676
경기도,용인시 기흥구,마북동,교동마을현대필그린,매매,109동,10/17,660000000,236.6,DOC,"남향의 트인전망,깨끗,입주협의",25.06.26,"['25년이내', '대형평수', '방네개이상', '화장실두개']",남향,9221547.337278107
경기도,용인시 기흥구,마북동,교동마을현대필그린,월세,109동,고/17,2억/140,236.6,NONE,"로열동 로열층, 올수리, 수납완벽, 지하주차엘베연결 주차여유, ",25.07.14,"['25년이내', '올수리', '대형평수', '방네개이상']",남향,
경기도,용인시 기흥구,마북동,교동마을현대필그린,전세,109동,고/17,500000000,236.6,NONE,"정남향 로열동 로열층, 인조대리석 바닥, 수납완벽, 툭터진 앞뒤 조망굿",25.07.10,"['25년이내', '융자금없는', '대형평수', '방네개이상']",남향,6986020.7100591725
경기도,용인시 기흥구,마북동,교동마을현대필그린,전세,110동,5/17,450000000,236.6,NONE,"입주일협의가능, 남향 로열동 로열층, 한성골프장숲조망 아늑분위기 주차여유",25.07.05,"['25년이내', '대형평수', '방네개이상', '화장실두개']",남향,6287418.639053254
경기도,용인시 기흥구,마북동,교동마을현대필그린,매매,103동,6/16,590000000,176.29,OWNER,"입구동 편리, 지하주챠 엘베연결, GTX 구성역개통, 주차편리 넉넉",25.07.21,"['25년이내', '화장실두개', '대형평수', '방네개이상']",남동향,11063662.998468433
경기도,용인시 기흥구,마북동,교동마을현대필그린,매매,103동,2/16,590000000,176.29,OWNER,"화장실 싱크대 바닥 등 교체 수리, 층수전망좋음, 지하주차 엘베연결편리 ",25.07.21,"['25년이내', '대형평수', '화장실두개', '방네개이상']",남동향,11063662.998468433
경기도,용인시 기흥구,마북동,교동마을현대필그린,전세,108동,15/17,330000000,176.29,OWNER,"수리깨끗, 전망굿, 주인거주,",25.07.18,"['25년이내', '융자금없는', '대형평수', '방네개이상']",남향,6188150.490668786
경기도,용인시 기흥구,마북동,교동마을현대필그린,매매,110동,4/17,530000000,176.29,OWNER,"정상물건 세안고 급매, 남향 로열동, 지하엘베연결, GTX개통, 공기청정",25.07.16,"['25년이내', '급매', '대형평수', '화장실두개']",남향,9938544.727437746
경기도,용인시 기흥구,마북동,교동마을현대필그린,매매,101동,저/18,600000000,176.29,OWNER,주인거주 앞뒤트임 하루종일햇살 선호도높은초입동,25.07.21,"['25년이내', '대형평수', '방네개이상', '화장실두개']",남동향,11251182.710306881
경기도,용인시 기흥구,마북동,교동마을현대필그린,매매,101동,17/18,680000000,176.29,OWNER,최근특올수리 로얄동 앞뒤조망굿 플시및GTX수혜 조용쾌적함 주인세안고도가능,25.07.15,"['25년이내', '올수리', '대형평수', '방네개이상']",남동향,12751340.405014466
경기도,용인시 기흥구,마북동,교동마을현대필그린,매매,101동,9/18,600000000,176.29,OWNER,"입주가능, 골프장 숲조망, 지하엘베연결, GTX 개통, 주차넉넉",25.07.12,"['25년이내', '대형평수', '화장실두개', '방네개이상']",남동향,11251182.710306881
경기도,용인시 기흥구,마북동,교동마을현대필그린,매매,108동,4/17,580000000,176.29,DOC,하시입주 부분수리깨끗 후문초입동 단지옆소공원 조용하고 쾌적한 생활,25.07.21,"['25년이내', '대형평수', '방네개이상', '화장실두개']",남동향,10876143.286629986
경기도,용인시 기흥구,마북동,교동마을현대필그린,매매,101동,1/18,680000000,176.29,OWNER,"샤시포함 전체 리모델링, 입구동 지하엘베 연결편리, 학세 마트 숲세권",25.07.10,"['25년이내', '1층', '대형평수', '화장실두개']",남동향,12751340.405014466
경기도,용인시 기흥구,마북동,교동마을현대필그린,전세,105동,9/18,330000000,176.29,DOC,"샷시포함 화이트톤으로 올수리함,",25.07.21,"['25년이내', '융자금없는', '올수리', '대형평수']",남동향,6188150.490668786
경기도,용인시 기흥구,마북동,교동마을현대필그린,매매,105동,9/18,530000000,176.29,DOC,"샷시포함 화이트톤으로 올수리함,",25.07.21,"['25년이내', '올수리', '대형평수', '방네개이상']",남동향,9938544.727437746
경기도,용인시 기흥구,마북동,교동마을현대필그린,매매,101동,5/18,600000000,176.29,OWNER,"화이트 올수리 바닥 싱크대 화장실 , GTX 개통, 지하주차엘베 주차넉넉",25.07.08,"['25년이내', '올수리', '대형평수', '화장실두개']",남동향,11251182.710306881
경기도,용인시 기흥구,마북동,교동마을현대필그린,매매,110동,저/17,490000000,176.29,TEL," 정남향, 벚꽃이 집 안까지 들어오는 조용하고 아늑한 집 ",25.07.21,"['25년이내', '대형평수', '방네개이상', '화장실두개']",남향,9188465.880083952
경기도,용인시 기흥구,마북동,교동마을현대필그린,매매,105동,3/18,690000000,176.29,OWNER,"남향 로열동 완전올수리, 아늑 쾌적한 조망, 입구동 지하 엘베연결 편리",25.07.05,"['25년이내', '올수리', '대형평수', '화장실두개']",남서향,12938860.116852915
경기도,용인시 기흥구,마북동,교동마을현대필그린,매매,105동,3/18,600000000,176.29,OWNER,"입주가능 급매물, 남향 밝고 따뜻, 지하주차엘베 주차여유, GTX개통",25.07.05,"['25년이내', '급매', '대형평수', '화장실두개']",남서향,11251182.710306881
경기도,용인시 기흥구,마북동,교동마을현대필그린,매매,101동,3/18,580000000,176.29,OWNER,"로열동 입주가능, 시원 아늑한 전망, 지하주차장 엘베연결, 입구동편리",25.07.05,"['25년이내', '대형평수', '화장실두개', '방네개이상']",남동향,10876143.286629986
경기도,용인시 기흥구,마북동,교동마을현대필그린,매매,101동,14/18,600000000,176.29,OWNER,"빠른 진행가능, 로열동 로열층, 싱크대 화장실 수리잘됨 확장형, 전망굿",25.07.03,"['25년이내', '욕실수리', '대형평수', '화장실두개']",남동향,11251182.710306881
경기도,용인시 기흥구,마북동,교동마을현대필그린,매매,110동,11/17,590000000,176.29,OWNER,"시스템창호, 남향, 수리된 빠른입주가능해요",25.07.02,"['25년이내', '대형평수', '방네개이상', '화장실두개']",남향,11063662.998468433
경기도,용인시 기흥구,마북동,교동마을현대필그린,매매,101동,1/18,590000000,176.29,OWNER,"완전 올수리, 남향 로열동, 숲조망 층간소음해방, 지하주차 엘베연결",25.06.30,"['25년이내', '올수리', '1층', '대형평수']",남동향,11063662.998468433
경기도,용인시 기흥구,마북동,교동마을현대필그린,매매,101동,2/18,590000000,176.29,OWNER,"지하주차장 엘베연결, GTX 개통, 입구동 편리, 일층아님, 이마트 도보",25.06.30,"['25년이내', '대형평수', '화장실두개', '방네개이상']",남동향,11063662.998468433
경기도,용인시 기흥구,마북동,교동마을현대필그린,매매,101동,11/18,650000000,176.29,OWNER,"특올수리,막힘없는전망굿,편리한입구동,GTX구성역.플랫폼시티배후지",25.06.30,"['25년이내', '올수리', '대형평수', '방네개이상']",남동향,12188781.269499123
경기도,용인시 기흥구,마북동,교동마을현대필그린,매매,101동,저/18,620000000,176.29,OWNER,정상입주 씽크 욕실 방2개확장 초입 선호동,25.07.05,"['25년이내', '대형평수', '방두개', '화장실두개']",남동향,11626222.133983778
경기도,용인시 기흥구,마북동,교동마을현대필그린,매매,105동,8/18,560000000,176.29,OWNER,"최저가급매, 남향 로열동로열층, 아늑한숲조망, 지하주차 엘베연결 주차넉넉",25.06.26,"['25년이내', '급매', '대형평수', '화장실두개']",남향,10501103.86295309
경기도,용인시 기흥구,마북동,교동마을현대필그린,매매,101동,저/18,590000000,176.29,DOC,수리기간및 모든조건협의가능 앞뒤트인 초입으로 선호동,25.06.30,"['25년이내', '대형평수', '방네개이상', '화장실두개']",남동향,11063662.998468433
경기도,용인시 기흥구,마북동,교동마을현대필그린,매매,110동,저/17,505000000,176.29,NONE,빠른계약시네고 잔금전인테리어협조 언제든방문 비번보유 ,25.07.21,"['25년이내', '대형평수', '방네개이상', '화장실두개']",남향,9469745.447841626
경기도,용인시 기흥구,마북동,교동마을현대필그린,매매,110동,2/17,505000000,176.29,NONE,"급매,빠른입주가능",25.07.11,"['25년이내', '급매', '대형평수', '방네개이상']",남향,9469745.447841626
경기도,용인시 기흥구,마북동,교동마을현대필그린,매매,101동,8/18,600000000,176.29,NONE,"입주가능, 시설깨끗, 지하엘베연결 편리, 조망굿, GTX 구성역개통",25.07.07,"['25년이내', '대형평수', '방네개이상', '화장실두개']",남동향,11251182.710306881
경기도,용인시 기흥구,마북동,교동마을현대필그린,매매,101동,1/18,590000000,176.29,NONE,"완전올수리, 입주일 맞춰드림, 입구동 지하엘베연결 편리, 초등인근",25.07.07,"['25년이내', '올수리', '1층', '대형평수']",남동향,11063662.998468433
경기도,용인시 기흥구,마북동,교동마을현대필그린,매매,105동,중/18,560000000,176.29,NONE,"남향 로열동로열층, 지하엘베연결, 아늑하고 밝은 집, 수리됨, 세안고",25.06.26,"['25년이내', '대형평수', '방네개이상', '화장실두개']",남향,10501103.86295309
경기도,용인시 기흥구,마북동,교동마을현대필그린,매매,106동,6/18,500000000,119.63,OWNER,현트랜드에 맞게 한샘으로 올수리한 전망좋은 집. 수납공간 풍부,25.07.21,"['25년이내', '올수리', '방세개', '화장실두개']",남동향,13816705.675833823
경기도,용인시 기흥구,마북동,교동마을현대필그린,전세,106동,9/18,330000000,119.63,OWNER,탁트인전망  올수리 주인거주10월13일이후하시입주,25.07.21,"['25년이내', '올수리', '방세개', '화장실두개']",남동향,9119025.746050322
경기도,용인시 기흥구,마북동,교동마을현대필그린,매매,106동,9/18,530000000,119.63,OWNER,시원하게 탁트인전망 화이트톤 올수리  10월13일이후하시입주가능,25.07.21,"['25년이내', '올수리', '방세개', '화장실두개']",남동향,14645708.016383853
경기도,용인시 기흥구,마북동,교동마을현대필그린,매매,102동,11/18,490000000,119.63,OWNER,"입주가능 급매물, 깨끗 밝고 조용, 한성골프장 숲조망, GTX 구성역개통",25.07.19,"['25년이내', '급매', '화장실두개', '방세개']",남서향,13540371.562317146
경기도,용인시 기흥구,마북동,교동마을현대필그린,매매,102동,16/18,480000000,119.63,OWNER,"올수리 세안고, 남향 밝음, 골프장 숲조망, 입구동 지하주차엘베연결",25.07.18,"['25년이내', '올수리', '화장실두개', '방세개']",남서향,13264037.448800469
경기도,용인시 기흥구,마북동,교동마을현대필그린,매매,104동,8/18,490000000,119.63,OWNER,"거실 방 현관 전체 확장 깨끗, 입구동 지하주차 엘베, 초등 마트숲세권",25.07.17,"['25년이내', '화장실두개', '방세개', '중층']",남동향,13540371.562317146
경기도,용인시 기흥구,마북동,교동마을현대필그린,매매,106동,7/18,490000000,119.63,OWNER,수리깨끗. 전망굿.주차장연결,25.07.11,"['25년이내', '방세개', '화장실두개', '중층']",남동향,13540371.562317146
경기도,용인시 기흥구,마북동,교동마을현대필그린,매매,102동,중/18,530000000,119.63,NDOC1,,25.07.14,"['25년이내', '방세개', '화장실두개', '중층']",남향,14645708.016383853
경기도,용인시 기흥구,마북동,교동마을현대필그린,매매,106동,고/18,530000000,119.63,OWNER,"올수리. 햇살 좋고, 트인 전망이 시원해요. 지하주차장 연결",25.07.14,"['25년이내', '올수리', '방세개', '화장실두개']",남동향,14645708.016383853
경기도,용인시 기흥구,마북동,교동마을현대필그린,매매,106동,9/18,550000000,119.63,NDOC1,기본 수리됨. 전망좋은 집. 주차장엘리베이터연결됨. 주인거주로 깔끔함,25.07.07,"['25년이내', '방세개', '화장실두개', '중층']",남동향,15198376.243417205
경기도,용인시 기흥구,마북동,교동마을현대필그린,매매,107동,중/18,490000000,119.63,OWNER,"급매 올수리, 남향 밝고 로열층, 한성골프장 숲전망, GTX개통 주차넉넉",25.07.10,"['25년이내', '올수리', '급매', '화장실두개']",남서향,13540371.562317146
경기도,용인시 기흥구,마북동,교동마을현대필그린,매매,106동,저/18,500000000,119.63,NDOC1,"세안고 매물,막힘없는 뷰로 채광 환기 아주좋아요.",25.07.07,"['25년이내', '방세개', '화장실두개', '세대당 1.5대이상']",남동향,13816705.675833823
경기도,용인시 기흥구,마북동,교동마을현대필그린,매매,104동,2/18,490000000,119.63,OWNER," 입구동 수리잘됨 세안고 갭투, 지하주차엘베 연결편리, 학세 마트숲세권",25.06.30,"['25년이내', '화장실두개', '방세개', '세대당 1.5대이상']",남동향,13540371.562317146
경기도,용인시 기흥구,마북동,교동마을현대필그린,매매,106동,저/18,450000000,119.63,OWNER,부분수리로깨끗 전실 넓은베란다 깔끔한구조 넉넉한주차 엘베연결 선호동,25.07.05,"['25년이내', '방세개', '화장실두개', '세대당 1.5대이상']",남동향,12435035.10825044
경기도,용인시 기흥구,마북동,교동마을현대필그린,매매,106동,저/18,500000000,119.63,NDOC1,완벽올수리 지하주차장연결동 입주가능 확트인전망,25.06.26,"['25년이내', '올수리', '방세개', '화장실두개']",남서향,13816705.675833823
경기도,용인시 기흥구,마북동,교동마을현대필그린,매매,102동,고/18,490000000,119.63,NONE,"올수리 남향 세안고, 앞뒤 전망 굿, 입구동 생활편리, 학세권 마트권
",25.06.26,"['25년이내', '올수리', '방세개', '화장실두개']",남서향,13540371.562317146
경기도,용인시 기흥구,마북동,교동마을현대필그린,매매,106동,저/18,490000000,119.63,NONE,,25.06.24,"['25년이내', '방세개', '화장실두개', '세대당 1.5대이상']",남동향,13540371.562317146
경기도,용인시 기흥구,마북동,교동마을현대홈타운,매매,110동,3/17,665000000,230.95,OWNER,정상입주  부분수리 깨끗합니다,25.07.15,"['25년이내', '대형평수', '방네개이상', '화장실세개']",남서향,9518714.115609441
경기도,용인시 기흥구,마북동,교동마을현대홈타운,매매,110동,3/17,665000000,230.95,NONE,,25.07.18,"['25년이내', '대형평수', '방네개이상', '화장실세개']",남서향,9518714.115609441
경기도,용인시 기흥구,마북동,교동마을현대홈타운,매매,113동,11/18,630000000,186.41,OWNER,법화산조망 조용 풍부한햇살 부분수리로깨끗 초품아,25.07.21,"['25년이내', '대형평수', '방네개이상', '화장실두개']",남향,11172386.406308675
경기도,용인시 기흥구,마북동,교동마을현대홈타운,매매,102동,9/19,560000000,186.41,NDOC1,현공실로 수리기간 드려요   상가입구동 남향집,25.07.18,"['25년이내', '대형평수', '방네개이상', '화장실두개']",남향,9931010.138941044
경기도,용인시 기흥구,마북동,교동마을현대홈타운,매매,102동,6/19,595000000,186.41,OWNER,,25.07.18,"['25년이내', '대형평수', '방네개이상', '화장실두개']",남향,10551698.27262486
경기도,용인시 기흥구,마북동,교동마을현대홈타운,매매,102동,고/19,600000000,186.41,NDOC1,즉시가  상가입구동으로 로얄동 로얄라인 확트인전망,25.07.21,"['25년이내', '대형평수', '방네개이상', '화장실두개']",남향,10640368.006008262
경기도,용인시 기흥구,마북동,교동마을현대홈타운,매매,111동,11/17,585000000,186.41,NDOC1,주인거주로 깨끗하게관리 숲세권,25.07.14,"['25년이내', '대형평수', '방네개이상', '화장실두개']",남동향,10374358.805858055
경기도,용인시 기흥구,마북동,교동마을현대홈타운,매매,113동,저/18,530000000,186.41,OWNER,"입주가능, 초품아, 주인거주 깨끗, 잔잔한 조망",25.07.21,"['25년이내', '대형평수', '방네개이상', '화장실두개']",남향,9398991.738640632
경기도,용인시 기흥구,마북동,교동마을현대홈타운,매매,102동,16/19,600000000,186.41,OWNER,입구가깝고 전망이 좋은 올수리된 집 정상입주 날짜조율가능,25.07.14,"['25년이내', '올수리', '대형평수', '방네개이상']",남향,10640368.006008262
경기도,용인시 기흥구,마북동,교동마을현대홈타운,매매,102동,2/19,600000000,186.41,OWNER,"급매 정남향 풀리모델링, 초품아 마트 숲세권, GTX 구성역 개통",25.07.12,"['25년이내', '급매', '대형평수', '화장실두개']",남향,10640368.006008262
경기도,용인시 기흥구,마북동,교동마을현대홈타운,매매,102동,10/19,610000000,186.41,OWNER,깨끗 쾌적 전망 좋은동,25.07.08,"['25년이내', '대형평수', '방네개이상', '화장실두개']",남향,10817707.472775066
경기도,용인시 기흥구,마북동,교동마을현대홈타운,매매,113동,고/18,600000000,186.41,OWNER,최상의 전망. 도심속에서 산을 보면서 힐링하세요.,25.07.14,"['25년이내', '대형평수', '방네개이상', '화장실두개']",남서향,10640368.006008262
경기도,용인시 기흥구,마북동,교동마을현대홈타운,매매,113동,고/18,700000000,186.41,OWNER,홈타운 최고의 전망을 갖춘 올수리한 집.,25.07.14,"['25년이내', '올수리', '대형평수', '방네개이상']",남향,12413762.673676306
경기도,용인시 기흥구,마북동,교동마을현대홈타운,매매,113동,중/18,630000000,186.41,OWNER,"주인거주 관리, 채광 전망좋음, 입주일협의, 초품아",25.07.08,"['25년이내', '대형평수', '방네개이상', '화장실두개']",남향,11172386.406308675
경기도,용인시 기흥구,마북동,교동마을현대홈타운,매매,111동,6/17,700000000,186.41,OWNER,"로열동 로열층, 숲속 청정 콘도느낌, 입주가능,  학세 청정 숲세 마트권",25.06.30,"['25년이내', '화장실두개', '대형평수', '방네개이상']",남향,12413762.673676306
경기도,용인시 기흥구,마북동,교동마을현대홈타운,매매,113동,중/18,565000000,186.41,OWNER,"개인사정급,앞에 막힘 없는 탁트인 뷰",25.07.03,"['25년이내', '대형평수', '방네개이상', '화장실두개']",남향,10019679.872324446
경기도,용인시 기흥구,마북동,교동마을현대홈타운,전세,113동,중/18,410000000,186.41,OWNER,"앞전망 막힘없는 숲조망,해잘들고 환한집.",25.07.03,"['25년이내', '대형평수', '방네개이상', '화장실두개']",남향,7270918.137438979
경기도,용인시 기흥구,마북동,교동마을현대홈타운,매매,102동,저/19,595000000,186.41,OWNER,깨끗 쾌적 로얄초입동,25.06.25,"['25년이내', '대형평수', '방네개이상', '화장실두개']",남향,10551698.27262486
경기도,용인시 기흥구,마북동,교동마을현대홈타운,전세,113동,중/18,410000000,186.41,DOC,"하시입주,채광,산전망,일부수리",25.06.23,"['25년이내', '대형평수', '방네개이상', '화장실두개']",남향,7270918.137438979
경기도,용인시 기흥구,마북동,교동마을현대홈타운,매매,111동,4/17,650000000,186.41,NONE,깨끗 주인거주,25.07.15,"['25년이내', '대형평수', '방네개이상', '화장실두개']",남동향,11527065.339842284
경기도,용인시 기흥구,마북동,교동마을현대홈타운,매매,113동,7/18,630000000,186.41,NONE,깨끗 정상입주,25.07.08,"['25년이내', '대형평수', '방네개이상', '화장실두개']",남동향,11172386.406308675
경기도,용인시 기흥구,마북동,교동마을현대홈타운,매매,102동,10/19,610000000,186.41,NONE,깨끗 쾌적전망,25.07.08,"['25년이내', '대형평수', '방네개이상', '화장실두개']",남향,10817707.472775066
경기도,용인시 기흥구,마북동,교동마을현대홈타운,매매,102동,15/19,620000000,186.41,NONE,즉시입주가,25.07.03,"['25년이내', '대형평수', '방네개이상', '화장실두개']",남향,10995046.93954187
경기도,용인시 기흥구,마북동,교동마을현대홈타운,매매,102동,5/19,590000000,186.41,NONE,깨끗 로얄입구동,25.06.24,"['25년이내', '대형평수', '방네개이상', '화장실두개']",남향,10463028.539241457
경기도,용인시 기흥구,마북동,교동마을현대홈타운,매매,103동,12/19,550000000,156.02,OWNER,"정상입주가능,주인거주관리잘된물건",25.07.21,"['25년이내', '대형평수', '방네개이상', '화장실두개']",남서향,11653517.177284963
경기도,용인시 기흥구,마북동,교동마을현대홈타운,매매,104동,4/19,555000000,156.02,OWNER,"입주도 갭투도 가능,화이트로 수리 후 주인거주로 관리 잘됨,초등학교초인접",25.07.21,"['25년이내', '대형평수', '방네개이상', '화장실두개']",남서향,11759458.242533008
경기도,용인시 기흥구,마북동,교동마을현대홈타운,매매,103동,7/19,600000000,156.02,OWNER,"로얄동라인, 올수리, 입주일협의",25.07.21,"['25년이내', '올수리', '대형평수', '방네개이상']",남향,12712927.829765415
경기도,용인시 기흥구,마북동,교동마을현대홈타운,매매,103동,1/19,580000000,156.02,OWNER,입구동 초품아 로얄단지,25.07.21,"['25년이내', '1층', '대형평수', '방네개이상']",남향,12289163.568773234
경기도,용인시 기흥구,마북동,교동마을현대홈타운,전세,104동,5/19,380000000,156.02,OWNER,깨끗. 교동초단지,25.07.18,"['25년이내', '융자금없는', '대형평수', '방네개이상']",남향,8051520.95885143
경기도,용인시 기흥구,마북동,교동마을현대홈타운,매매,114동,2/19,550000000,156.02,OWNER,"GTX구성역.플시배후지,채광.조망굿,초품아",25.07.17,"['25년이내', '대형평수', '방네개이상', '화장실두개']",남서향,11653517.177284963
경기도,용인시 기흥구,마북동,교동마을현대홈타운,매매,105동,5/19,560000000,156.02,OWNER,정상 단지초입위치 플시및GTX수혜단지 입주일협의가 초품아 조용쾌적함,25.07.15,"['25년이내', '대형평수', '방세개', '화장실두개']",남동향,11865399.307781054
경기도,용인시 기흥구,마북동,교동마을현대홈타운,매매,105동,중/19,560000000,156.02,OWNER,"햇살좋은남향,학교가까운입구동",25.07.21,"['25년이내', '대형평수', '방네개이상', '화장실두개']",남동향,11865399.307781054
경기도,용인시 기흥구,마북동,교동마을현대홈타운,매매,105동,17/19,520000000,156.02,OWNER,급매물 정상입주 전망굿 주인거주 관리잘되어 깨끗한집 ,25.07.14,"['25년이내', '급매', '대형평수', '방네개이상']",동향,11017870.785796693
경기도,용인시 기흥구,마북동,교동마을현대홈타운,매매,103동,고/19,620000000,156.02,NDOC1,샷시까지 올수리 시스템에어콘 입주가능,25.07.18,"['25년이내', '올수리', '대형평수', '방네개이상']",남향,13136692.090757595
경기도,용인시 기흥구,마북동,교동마을현대홈타운,매매,114동,15/19,560000000,156.02,OWNER,빠른입주가능 로얄층 부분수리 전망,25.07.12,"['25년이내', '대형평수', '방네개이상', '화장실두개']",남서향,11865399.307781054
경기도,용인시 기흥구,마북동,교동마을현대홈타운,매매,112동,저/18,600000000,156.02,OWNER,부분수리 법화산조망 조용 초품아,25.07.17,"['25년이내', '대형평수', '방네개이상', '화장실두개']",남동향,12712927.829765415
경기도,용인시 기흥구,마북동,교동마을현대홈타운,매매,104동,5/19,580000000,156.02,DOC,세 안고,25.07.18,"['25년이내', '대형평수', '방네개이상', '화장실두개']",남동향,12289163.568773234
경기도,용인시 기흥구,마북동,교동마을현대홈타운,매매,107동,고/17,620000000,156.02,NDOC1,올수리 확장형  확트인전망 gtx투자추천,25.07.14,"['25년이내', '올수리', '대형평수', '방네개이상']",남동향,13136692.090757595
경기도,용인시 기흥구,마북동,교동마을현대홈타운,매매,103동,11/19,590000000,156.02,NDOC1,올수리.  주인거주로 깔끔. 채광 환기 아주 좋음,25.07.07,"['25년이내', '올수리', '대형평수', '방네개이상']",남향,12501045.699269325
경기도,용인시 기흥구,마북동,교동마을현대홈타운,매매,103동,10/19,580000000,156.02,NDOC1,수리완료  입주또는 세안고 가능,25.07.07,"['25년이내', '대형평수', '방네개이상', '화장실두개']",남향,12289163.568773234
경기도,용인시 기흥구,마북동,교동마을현대홈타운,매매,112동,중/18,590000000,156.02,OWNER,"전망굿 산뷰 힐링집, 집주인 거주로 관리잘된집",25.07.11,"['25년이내', '대형평수', '방네개이상', '화장실두개']",남동향,12501045.699269325
경기도,용인시 기흥구,마북동,교동마을현대홈타운,매매,107동,저/17,520000000,156.02,DOC,전세안고  싱크대 도배장판교체 급매,25.07.21,"['25년이내', '급매', '대형평수', '방네개이상']",남동향,11017870.785796693
경기도,용인시 기흥구,마북동,교동마을현대홈타운,매매,103동,9/19,570000000,156.02,DOCV2,씽크대 교체  집상태 양호,25.07.09,"['25년이내', '대형평수', '방네개이상', '화장실두개']",남향,12077281.438277144
경기도,용인시 기흥구,마북동,교동마을현대홈타운,매매,104동,6/19,560000000,156.02,OWNER,"최고급 인테리어 주인거주 깨끗한 집,남서향으로 햇볕 잘들어 겨울에도 따뜻",25.07.03,"['25년이내', '대형평수', '방네개이상', '화장실두개']",남서향,11865399.307781054
경기도,용인시 기흥구,마북동,교동마을현대홈타운,전세,114동,고/19,380000000,156.02,NDOC1,빠른입주 싱크대교체  주인거주로 아주깨끗하게 관리,25.07.05,"['25년이내', '주방교체', '대형평수', '방네개이상']",남서향,8051520.95885143
경기도,용인시 기흥구,마북동,교동마을현대홈타운,매매,105동,13/19,580000000,156.02,DOC,하시입주  초등학교 가까운단지,25.07.08,"['25년이내', '대형평수', '방네개이상', '화장실두개']",남동향,12289163.568773234
경기도,용인시 기흥구,마북동,교동마을현대홈타운,매매,103동,14/19,650000000,156.02,DOC,"로얄동,햇빛좋은집",25.07.08,"['25년이내', '대형평수', '방네개이상', '화장실두개']",남서향,13772338.482245864
경기도,용인시 기흥구,마북동,교동마을현대홈타운,매매,112동,고/18,580000000,156.02,DOC,전망굿.  조용하고 정상입주 가능,25.07.14,"['25년이내', '대형평수', '방네개이상', '화장실두개']",남동향,12289163.568773234
경기도,용인시 기흥구,마북동,교동마을현대홈타운,전세,112동,18/18,420000000,156.02,NDOC1,층간소음걱정없는 탑층  시원한 숲조망 부분수리로 관리잘된집,25.06.26,"['25년이내', '대형평수', '탑층', '방네개이상']",남동향,8899049.480835792
경기도,용인시 기흥구,마북동,교동마을현대홈타운,전세,105동,17/19,360000000,156.02,NDOC1,내부상태 전망 좋음,25.06.23,"['25년이내', '대형평수', '방네개이상', '화장실두개']",동향,7627756.697859248
경기도,용인시 기흥구,마북동,교동마을현대홈타운,매매,107동,저/17,600000000,156.02,OWNER,주인세대거주 정상입주 잔잔한산조망 초품아 조용한생활환경 ,25.06.28,"['25년이내', '대형평수', '방네개이상', '화장실두개']",남동향,12712927.829765415
경기도,용인시 기흥구,마북동,교동마을현대홈타운,매매,104동,저/19,560000000,156.02,OWNER,,25.06.23,"['25년이내', '대형평수', '방네개이상', '화장실두개']",남향,11865399.307781054
경기도,용인시 기흥구,마북동,교동마을현대홈타운,전세,105동,저/19,420000000,156.02,NDOC1,빠른입주  층간소음걱정없는 피로티,25.06.23,"['25년이내', '대형평수', '방네개이상', '화장실두개']",남동향,8899049.480835792
경기도,용인시 기흥구,마북동,교동마을현대홈타운,전세,114동,고/19,330000000,156.02,DOC,시원한전망  아주깨끗하게 관리잘된집,25.07.01,"['25년이내', '융자금없는', '대형평수', '방네개이상']",남서향,6992110.306370978
경기도,용인시 기흥구,마북동,교동마을현대홈타운,전세,104동,저/19,380000000,156.02,NONE,깨끗.빠른입주,25.07.18,"['25년이내', '대형평수', '방네개이상', '화장실두개']",남향,8051520.95885143
경기도,용인시 기흥구,마북동,교동마을현대홈타운,매매,103동,중/19,550000000,156.02,NONE,"조정가,세안고,로얄동로얄층,남향,초품아",25.07.17,"['25년이내', '대형평수', '방네개이상', '화장실두개']",남향,11653517.177284963
경기도,용인시 기흥구,마북동,교동마을현대홈타운,매매,103동,12/19,530000000,156.02,NONE,"급매,관리잘된집,햇살가득남향,정문입구로얄동,초품아,층간소음없는탑층",25.07.17,"['25년이내', '급매', '대형평수', '방네개이상']",남향,11229752.916292783
경기도,용인시 기흥구,마북동,교동마을현대홈타운,매매,104동,5/19,565000000,156.02,NONE,깨끗 주인거주,25.07.15,"['25년이내', '대형평수', '방네개이상', '화장실두개']",남향,11971340.373029098
경기도,용인시 기흥구,마북동,교동마을현대홈타운,매매,114동,2/19,550000000,156.02,NONE,깨끗 급매,25.07.10,"['25년이내', '급매', '대형평수', '방네개이상']",남서향,11653517.177284963
경기도,용인시 기흥구,마북동,교동마을현대홈타운,매매,103동,중/19,590000000,156.02,NONE,"모든협의가,올수리,햇살가득남향,초품아",25.07.05,"['25년이내', '올수리', '대형평수', '방네개이상']",남향,12501045.699269325
경기도,용인시 기흥구,마북동,교동마을현대홈타운,매매,104동,4/19,555000000,156.02,NONE,올깨끗.,25.07.03,"['25년이내', '대형평수', '방네개이상', '화장실두개']",남향,11759458.242533008
경기도,용인시 기흥구,마북동,교동마을현대홈타운,매매,101동,1/15,520000000,114.98,OWNER,"햇살좋은남향, 학교가깝고 아이키우기좋은 입구동",25.07.21,"['25년이내', '1층', '방세개', '화장실두개']",남향,14950497.47782223
경기도,용인시 기흥구,마북동,교동마을현대홈타운,매매,115동,18/19,500000000,114.98,OWNER,｜35.｜입주협의｜부분수리 깨끗｜개방감 굿｜채광 좋아요｜,25.07.21,"['25년이내', '방세개', '화장실두개', '고층']",남서향,14375478.344059836
경기도,용인시 기흥구,마북동,교동마을현대홈타운,매매,101동,15/15,495000000,114.98,OWNER,초입좋은동 교동초단지 급매,25.07.18,"['25년이내', '급매', '탑층', '방세개']",남향,14231723.560619239
경기도,용인시 기흥구,마북동,교동마을현대홈타운,매매,115동,2/19,530000000,114.98,OWNER,"아늑하게트인전망,수리,세안고",25.07.17,"['25년이내', '방세개', '화장실두개', '세대당 1.5대이상']",남서향,15238007.044703426
경기도,용인시 기흥구,마북동,교동마을현대홈타운,매매,115동,13/19,490000000,114.98,NDOC1,정상입주  시원한전망 주인거주로 깨끗하게 관리잘된집,25.07.14,"['25년이내', '방세개', '화장실두개', '고층']",남서향,14087968.77717864
경기도,용인시 기흥구,마북동,교동마을현대홈타운,매매,106동,중/18,500000000,114.98,NDOC1,하루종일 해잘드는마운틴뷰  현공실로 수리기간 충분히 드려요,25.07.17,"['25년이내', '방세개', '화장실두개', '중층']",남향,14375478.344059836
경기도,용인시 기흥구,마북동,교동마을현대홈타운,매매,106동,저/18,450000000,114.98,NDOC1,"세안고,저렴한가격,초입동,편안하게아이키우기좋아요.",25.07.17,"['25년이내', '방세개', '화장실두개', '세대당 1.5대이상']",남향,12937930.509653853
경기도,용인시 기흥구,마북동,교동마을현대홈타운,매매,115동,고/19,500000000,114.98,OWNER,빠른입주 시원한전망 수리기간충분히 드려요,25.07.15,"['25년이내', '방세개', '화장실두개', '고층']",남서향,14375478.344059836
경기도,용인시 기흥구,마북동,교동마을현대홈타운,매매,106동,1/18,480000000,114.98,OWNER,층간소음해방 어린자녀생활좋음 단지옆초등교 유치원,25.07.08,"['25년이내', '1층', '방세개', '화장실두개']",남향,13800459.210297443
경기도,용인시 기흥구,마북동,교동마을현대홈타운,매매,101동,8/15,550000000,114.98,OWNER,"깨끗,입주일협의",25.06.30,"['25년이내', '방세개', '화장실두개', '중층']",남향,15813026.178465819
경기도,용인시 기흥구,마북동,교동마을현대홈타운,매매,106동,13/18,520000000,114.98,OWNER,,25.06.23,"['25년이내', '방세개', '화장실두개', '고층']",남향,14950497.47782223
경기도,용인시 기흥구,마북동,교동마을현대홈타운,매매,106동,중/18,500000000,114.98,OWNER,"남향의밝은집,초등학교인접,세안고",25.06.23,"['25년이내', '방세개', '화장실두개', '중층']",남향,14375478.344059836
경기도,용인시 기흥구,마북동,교동마을현대홈타운,매매,115동,고/19,490000000,114.98,NONE,깨끗 전망 급매. 26년2월입주,25.07.18,"['25년이내', '급매', '방세개', '화장실두개']",남서향,14087968.77717864
경기도,용인시 기흥구,마북동,교동마을현대홈타운,매매,101동,3/15,500000000,114.98,NONE,정상 깨긋,25.07.15,"['25년이내', '방세개', '화장실두개', '세대당 1.5대이상']",남향,14375478.344059836
경기도,용인시 기흥구,마북동,교동마을현대홈타운,매매,115동,고/19,510000000,114.98,NONE,깨끗전망좋음.,25.07.03,"['25년이내', '방세개', '화장실두개', '고층']",남서향,14662987.910941033
경기도,용인시 기흥구,마북동,교동마을현대홈타운,매매,106동,12/18,500000000,114.98,NONE,빠른입주.조망 교동초5분,25.07.03,"['25년이내', '방세개', '화장실두개', '중층']",남향,14375478.344059836
경기도,용인시 기흥구,마북동,구성역효성해링턴플레이스,전세,105동,중/15,430000000,114.11,OWNER,늦은입주 초중고인접 교통편리 남향 구성도서관 이용편리,25.07.21,"['10년이내', '방세개', '화장실두개', '중층']",남향,12457168.959775656
경기도,용인시 기흥구,마북동,구성역효성해링턴플레이스,매매,104동,고/15,750000000,114.11,OWNER,"전세안고 매매,매매금액 협의가능",25.07.21,"['10년이내', '방세개', '화장실두개', '고층']",남향,21727620.27867847
경기도,용인시 기흥구,마북동,구성역효성해링턴플레이스,매매,105동,2/15,660000000,114.11,OWNER,"깨끗,초중고인접,GTX구성역세권,생활편리",25.07.14,"['10년이내', '필로티', '방세개', '화장실두개']",남향,19120305.845237054
경기도,용인시 기흥구,마북동,구성역효성해링턴플레이스,매매,105동,중/15,730000000,114.11,NDOC1,"1년세안고,채광좋은 남향,구성 초,중,고 인접단지,플랫폼시티개발수혜단지",25.07.19,"['10년이내', '방세개', '화장실두개', '중층']",남향,21148217.071247045
경기도,용인시 기흥구,마북동,구성역효성해링턴플레이스,매매,105동,중/15,750000000,114.11,OWNER,구성 초중고 인접 구성도서관이용편리 교통편리,25.07.14,"['10년이내', '방세개', '화장실두개', '중층']",남향,21727620.27867847
경기도,용인시 기흥구,마북동,구성역효성해링턴플레이스,매매,105동,6/15,730000000,114.11,DOC,"남향,입주가능,아주 깔끔하고 채광좋은 집",25.07.15,"['10년이내', '방세개', '화장실두개', '중층']",남향,21148217.071247045
경기도,용인시 기흥구,마북동,구성역효성해링턴플레이스,매매,105동,5/15,740000000,114.11,DOC,정상입주 협의가능합니다,25.06.23,"['10년이내', '방세개', '화장실두개', '세대당1대']",남향,21437918.67496276
경기도,용인시 기흥구,마북동,구성역효성해링턴플레이스,매매,101동,8/10,670000000,102.13,OWNER,"즉시입주,햇살좋음,에어컨설치,초중고 인접,조용함",25.07.21,"['10년이내', '방세개', '화장실두개', '고층']",남동향,21686830.02056203
경기도,용인시 기흥구,마북동,구성역효성해링턴플레이스,매매,101동,중/10,670000000,102.13,OWNER,"초중고인근,교통상권이용편리,",25.07.21,"['10년이내', '방세개', '화장실두개', '중층']",남동향,21686830.02056203
경기도,용인시 기흥구,마북동,구성역효성해링턴플레이스,매매,102동,저/14,620000000,102.13,OWNER,정상입주 가능합니다,25.07.21,"['10년이내', '방세개', '화장실두개', '세대당1대']",남서향,20068409.86977382
경기도,용인시 기흥구,마북동,구성역효성해링턴플레이스,매매,101동,고/10,650000000,102.13,NDOC1,세안고매매 2억대투자 플랫폼시티착공 GTX 삼성역 임박,25.07.11,"['10년이내', '방세개', '화장실두개', '고층']",남동향,21039461.960246745
경기도,용인시 기흥구,마북동,구성역효성해링턴플레이스,매매,102동,저/14,600000000,100.91,OWNER,초중고 도보가능한  조용하고 깨끗한 단지,25.07.19,"['10년이내', '방세개', '화장실두개', '세대당1대']",남동향,19655841.839262713
경기도,용인시 기흥구,마북동,구성역효성해링턴플레이스,매매,101동,3/10,600000000,85.25,OWNER,"깨끗,주인거주",25.07.14,"['10년이내', '방세개', '화장실두개', '세대당1대']",남서향,23266521.9941349
경기도,용인시 기흥구,마북동,구성역효성해링턴플레이스,매매,102동,2/14,560000000,85.25,OWNER,단지뷰 너무 예쁜집 깨끗합니다,25.07.05,"['10년이내', '방세개', '화장실두개', '세대당1대']",남동향,21715420.52785924
경기도,용인시 기흥구,마북동,구성역효성해링턴플레이스,매매,103동,7/10,570000000,85.25,OWNER,전세안고 매매,25.06.23,"['10년이내', '방세개', '화장실두개', '고층']",남서향,22103195.894428153
경기도,용인시 기흥구,마북동,구성역효성해링턴플레이스,매매,106동,4/14,570000000,84.14,OWNER,"세안고,깨끗, 채광좋은 남향, 구성 초,중,고 인접, 플랫폼시티개발호재",25.07.19,"['10년이내', '방세개', '화장실두개', '세대당1대']",남향,22394787.85357737
경기도,용인시 기흥구,마북동,구성역효성해링턴플레이스,매매,106동,중/14,580000000,84.14,OWNER,"입주,관리깨끗, 채광좋은 남향, 구성 초,중,고 인접, 플랫폼시티개발호재",25.07.19,"['10년이내', '방세개', '화장실두개', '중층']",남향,22787678.868552413
경기도,용인시 기흥구,마북동,구성역효성해링턴플레이스,매매,104동,중/15,610000000,84.14,OWNER,"시에2대,수리깨끗,채광좋은 남향,구성 초,중,고인접,플랫폼시티개발호재",25.07.19,"['10년이내', '방세개', '화장실두개', '중층']",남향,23966351.91347754
경기도,용인시 기흥구,마북동,구성역효성해링턴플레이스,매매,101동,2/10,600000000,84.14,OWNER,세안고 신축처럼 깨끗한 집,25.07.11,"['10년이내', '방세개', '화장실두개', '세대당1대']",남동향,23573460.898502495
경기도,용인시 기흥구,마북동,구성역효성해링턴플레이스,매매,106동,고/14,600000000,84.14,NONE,,25.07.04,"['10년이내', '방세개', '화장실두개', '고층']",남향,23573460.898502495
경기도,용인시 기흥구,마북동,구성우림,매매,104동,3/13,700000000,158.88,OWNER,"48p 빠른입주도가 단지뷰 최근올수리,샷시, 씽크대교체 에4 초중고인접",25.07.17,"['25년이상', '올수리', '대형평수', '방네개이상']",남동향,14564762.713997988
경기도,용인시 기흥구,마북동,구성우림,전세,104동,저/13,500000000,158.88,OWNER,"48p 빠른입주도가 단지뷰 최근올수리,샷시, 씽크대교체 에4 초중고인접",25.07.17,"['25년이상', '올수리', '대형평수', '방네개이상']",남동향,10403401.93856999
경기도,용인시 기흥구,마북동,구성우림,매매,104동,고/13,785000000,158.88,OWNER,전세안고 특올수리 전망 구성역gtx 플랫폼시티 도보권역,25.07.17,"['25년이상', '올수리', '대형평수', '방네개이상']",남동향,16333341.043554885
경기도,용인시 기흥구,마북동,구성우림,전세,104동,중/13,400000000,158.88,OWNER,"부분수리 해드려요. 싱크대교체, 도배등, 입주일 조정가능",25.07.15,"['25년이상', '주방교체', '대형평수', '방네개이상']",남동향,8322721.550855993
경기도,용인시 기흥구,마북동,구성우림,전세,104동,고/13,450000000,158.88,OWNER,부분수리 되어 있어 깨끗하고 좋아요 잔금일2달정도 협의가능 합니다,25.06.27,"['25년이상', '대형평수', '방네개이상', '화장실두개']",남동향,9363061.744712992
경기도,용인시 기흥구,마북동,구성우림,매매,104동,5/13,750000000,158.88,NONE,정상입주.깨끗,25.07.01,"['25년이상', '대형평수', '방네개이상', '화장실두개']",남향,15605102.907854987
경기도,용인시 기흥구,마북동,구성우림,매매,102동,8/16,610000000,105.68,OWNER,31p  세안고 투자추천 입주도가 초중고바로 부분수리 뷰예쁜집,25.07.17,"['25년이상', '방세개', '화장실두개', '중층']",남향,19081461.487509463
경기도,용인시 기흥구,마북동,구성우림,매매,103동,20/20,590000000,105.68,OWNER,수리된집 확트인전망 층간소음걱정없는 탑층 입주일협의,25.07.17,"['25년이상', '탑층', '방세개', '화장실두개']",남동향,18455839.7993944
경기도,용인시 기흥구,마북동,구성우림,매매,103동,1/20,580000000,105.68,OWNER,"급매,올수리,입주일협의,초중고인접",25.07.14,"['25년이상', '올수리', '1층', '급매']",남향,18143028.955336865
경기도,용인시 기흥구,마북동,구성우림,매매,103동,20/20,590000000,105.68,OWNER,전망굿 햇살굿 올수리 깨끗하고 좋아요  날짜 협의가능,25.06.30,"['25년이상', '올수리', '탑층', '방세개']",남동향,18455839.7993944
경기도,용인시 기흥구,마북동,구성우림,매매,102동,고/16,590000000,105.68,OWNER,구성역 인접  전망좋은집 부분수리 입주 협의,25.06.26,"['25년이상', '방세개', '화장실두개', '고층']",남향,18455839.7993944
경기도,용인시 기흥구,마북동,구성우림,매매,103동,2/20,480000000,79.23,OWNER,"깨끗,정상입주",25.07.17,"['25년이상', '방세개', '화장실한개', '저층']",남서향,20027474.441499434
경기도,용인시 기흥구,마북동,구성우림,매매,103동,20/20,530000000,78.86,OWNER,입주 샷시포함올수리 올확장 GTX구성역도보10분 학세권,25.07.21,"['25년이상', '올수리', '탑층', '방세개']",남서향,22217423.915800154
경기도,용인시 기흥구,마북동,구성우림,매매,103동,20/20,500000000,78.86,OWNER,"내부수리, 세안고, 탑층",25.07.21,"['25년이상', '탑층', '방세개', '화장실한개']",남서향,20959833.882830333
경기도,용인시 기흥구,마북동,구성우림,매매,103동,7/20,510000000,78.86,OWNER,"24A, 우림필유 추천매물, 조정가, 전체 리모델링, 초중고, 전망굿",25.07.18,"['25년이상', '방세개', '화장실한개', '중층']",남동향,21379030.56048694
경기도,용인시 기흥구,마북동,구성우림,매매,103동,1/20,460000000,78.86,OWNER,씽크대교체 깨끗함 초중고 입접,25.07.18,"['25년이상', '1층', '방세개', '화장실한개']",남동향,19283047.172203906
경기도,용인시 기흥구,마북동,구성우림,매매,101동,3/14,480000000,78.86,OWNER,전체 올수리되어  깨끗하고 예쁜집 전망굿  잔금일2달 주심될듯요 더블역세,25.07.17,"['25년이상', '올수리', '방세개', '화장실한개']",동향,20121440.52751712
경기도,용인시 기흥구,마북동,구성우림,매매,103동,15/20,530000000,78.86,OWNER,관리잘된 주인세대,25.07.15,"['25년이상', '방세개', '화장실한개', '고층']",남서향,22217423.915800154
경기도,용인시 기흥구,마북동,구성우림,매매,103동,10/20,480000000,78.86,OWNER,"정상입주,전망굿,초중고인접,GTX구성역세권",25.07.15,"['25년이상', '방세개', '화장실한개', '중층']",남서향,20121440.52751712
경기도,용인시 기흥구,마북동,구성우림,매매,101동,중/14,500000000,78.86,OWNER,"거실뷰뻥뷰,일조권짱,수리됨,입주가능하며,컨디션좋은집.이사협의.",25.07.21,"['25년이상', '방세개', '화장실한개', '중층']",남동향,20959833.882830333
경기도,용인시 기흥구,마북동,구성우림,매매,102동,고/16,530000000,78.86,OWNER,전체올수리 전망굿 햇살굿 잔금일 2달정도 협의가능 GTX 더불역세권,25.07.17,"['25년이상', '올수리', '방세개', '화장실한개']",남동향,22217423.915800154
경기도,용인시 기흥구,마북동,구성우림,매매,101동,저/14,495000000,78.86,OWNER,샷시까지 올수리된 집이며 전세안고 매매하는 물건입니다.,25.07.17,"['25년이상', '올수리', '방세개', '화장실한개']",남동향,20750235.54400203
경기도,용인시 기흥구,마북동,구성우림,매매,103동,고/20,495000000,78.86,OWNER,늦은입주가능햐며 전세안고매매도 가능합니다.굿뷰,25.07.16,"['25년이상', '방세개', '화장실한개', '고층']",남동향,20750235.54400203
경기도,용인시 기흥구,마북동,구성우림,매매,103동,고/20,500000000,78.86,OWNER,전체 수리되어 깨끗하고 좋아요 잔금2달잡아주심되어요,25.06.30,"['25년이상', '방세개', '화장실한개', '고층']",남동향,20959833.882830333
경기도,용인시 기흥구,마북동,더숲(도시형),매매,4-B동,4/7,310000000,67.97,NONE,주인거주로 깨끗함 입주협의 교통편리,25.06.30,"['10년이내', '방세개', '화장실두개', '중층']",동향,15077142.121524204
경기도,용인시 기흥구,마북동,더숲(도시형),매매,4-B동,3/7,310000000,61.26,NONE,,25.07.18,"['10년이내', '소형평수', '방세개', '화장실두개']",남향,16728588.801828275
경기도,용인시 기흥구,마북동,블루밍구성더센트럴,매매,115동,13/19,920000000,196.47,OWNER,｜59.｜세안고｜정남향｜GTX 더블 역세권｜가치투자｜,25.07.21,"['25년이내', '대단지', '대형평수', '방네개이상']",남향,15479829.999491015
경기도,용인시 기흥구,마북동,블루밍구성더센트럴,매매,112동,중/19,990000000,196.47,OWNER,"GTX 플시호재단지, 채광좋음, 초중고 학군인접, 교통생활편리",25.07.21,"['25년이내', '대단지', '대형평수', '방네개이상']",남향,16657643.151626203
경기도,용인시 기흥구,마북동,블루밍구성더센트럴,매매,115동,2/19,890000000,196.47,OWNER,｜59.｜급매｜GTX 더블 역세권｜플랫폼시티｜가치투자｜깨끗｜생활편리｜,25.07.14,"['25년이내', '대단지', '급매', '대형평수']",남향,14975052.934290223
경기도,용인시 기흥구,마북동,블루밍구성더센트럴,매매,108동,14/15,1150000000,196.47,DOC,남향 정상입주 GTX구성 초역세권 주차장여유있음 생활편리,25.07.21,"['25년이내', '대단지', '대형평수', '방네개이상']",남향,19349787.499363773
경기도,용인시 기흥구,마북동,블루밍구성더센트럴,전세,106동,1/15,530000000,196.47,DOC,"올수리후 첫입주, GTX구성역 도보거리, 정남향. 교통 주차편리,2층높이",25.07.21,"['25년이내', '융자금없는', '올수리', '대단지']",남향,8917728.151880695
경기도,용인시 기흥구,마북동,블루밍구성더센트럴,매매,115동,중/19,990000000,196.47,OWNER,"입주날짜편리, 아주깨끗, 정남향, 방5",25.07.17,"['25년이내', '대단지', '대형평수', '방네개이상']",남향,16657643.151626203
경기도,용인시 기흥구,마북동,블루밍구성더센트럴,전세,106동,3/15,500000000,196.47,OWNER,정상 도배장판씽크대교체해줌 GTX구성역세권,25.07.03,"['25년이내', '대단지', '대형평수', '방네개이상']",남향,8412951.0866799
경기도,용인시 기흥구,마북동,블루밍구성더센트럴,매매,112동,중/19,1050000000,196.47,OWNER,정남향 최근리모델링 조망굿 플시수혜및GTX구성더블역세권 입주일협의 학군굿,25.07.08,"['25년이내', '대단지', '대형평수', '방네개이상']",남향,17667197.282027792
경기도,용인시 기흥구,마북동,블루밍구성더센트럴,매매,120동,13/18,1020000000,157.66,OWNER,"특올수리,올확장,시스템에어컨",25.07.21,"['25년이내', '올수리', '대단지', '대형평수']",남향,21387166.68780921
경기도,용인시 기흥구,마북동,블루밍구성더센트럴,매매,122동,15/19,980000000,157.66,OWNER,입주 정남향 플시수혜및GTX구성역더블역세권 입주일협의 수리됨 초중고학군굿,25.07.18,"['25년이내', '대단지', '대형평수', '방네개이상']",남향,20548454.268679436
경기도,용인시 기흥구,마북동,블루밍구성더센트럴,매매,122동,3/19,1150000000,157.66,OWNER,입주 정남향 플시및GTX수혜단지 구성역세권 대단지중심선호동 초중고학군좋음,25.07.17,"['25년이내', '대단지', '대형평수', '방네개이상']",남향,24112982.049980972
경기도,용인시 기흥구,마북동,블루밍구성더센트럴,매매,120동,15/18,970000000,157.66,OWNER,입주협의 주인거주 관리굿 정남향  학군인접,25.07.15,"['25년이내', '대단지', '대형평수', '방네개이상']",남향,20338776.163896997
경기도,용인시 기흥구,마북동,블루밍구성더센트럴,매매,122동,중/19,1000000000,157.66,OWNER,입주 정남향 수리됨 플시및GTX구성역더블역세권 입주일협의가능 초중고학군굿,25.07.17,"['25년이내', '대단지', '대형평수', '방네개이상']",남향,20967810.478244327
경기도,용인시 기흥구,마북동,블루밍구성더센트럴,전세,122동,고/19,450000000,157.66,OWNER,융무 정남향 빠른입주가능 수리됨 GTX구성더블역세권 탑층 층간소음X 학군,25.07.16,"['25년이내', '대단지', '대형평수', '방네개이상']",남향,9435514.715209946
경기도,용인시 기흥구,마북동,블루밍구성더센트럴,매매,122동,중/19,900000000,157.66,OWNER,10월입주 정문앞동 정남향,25.07.14,"['25년이내', '대단지', '대형평수', '방네개이상']",남향,18871029.430419892
경기도,용인시 기흥구,마북동,블루밍구성더센트럴,매매,118동,10/19,910000000,157.66,OWNER,정남향 앞동 로얄동 빠른입주가능 플시수혜및GTX구성더블역세권 초중고학군굿,25.07.07,"['25년이내', '대단지', '대형평수', '방네개이상']",남향,19080707.535202336
경기도,용인시 기흥구,마북동,블루밍구성더센트럴,매매,122동,16/19,1150000000,157.66,OWNER,입주 정남향 플시및GTX수혜단지 구성역세권 대단지중심선호동 초중고학군굿,25.07.05,"['25년이내', '대단지', '대형평수', '방네개이상']",남향,24112982.049980972
경기도,용인시 기흥구,마북동,블루밍구성더센트럴,매매,122동,7/19,890000000,157.66,DOC,더블역세권 플시수혜 부분수리 입주청소마쳤습니다,25.07.14,"['25년이내', '대단지', '대형평수', '방네개이상']",남향,18661351.32563745
경기도,용인시 기흥구,마북동,블루밍구성더센트럴,매매,122동,고/19,950000000,157.66,OWNER,정상입주 구성역GTX 도보이용가 플시수혜단지,25.07.10,"['25년이내', '대단지', '대형평수', '방네개이상']",남향,19919419.95433211
경기도,용인시 기흥구,마북동,블루밍구성더센트럴,매매,120동,중/18,1000000000,157.66,OWNER,세안고투자굿 정남향 플시수혜및GTX구성더블역세권 학군좋은초중고인접함,25.07.08,"['25년이내', '대단지', '대형평수', '방네개이상']",남향,20967810.478244327
경기도,용인시 기흥구,마북동,블루밍구성더센트럴,매매,120동,11/18,1020000000,157.66,OWNER,정남향 최근특올수리함 플시수혜및GTX구성역더블역세권 입주일협의가능 학군굿,25.07.01,"['25년이내', '올수리', '대단지', '대형평수']",남향,21387166.68780921
경기도,용인시 기흥구,마북동,블루밍구성더센트럴,매매,122동,중/19,1000000000,157.66,OWNER,"입주일협의, 부분수리, 선호동, 정남향, GTX 플시 수혜",25.07.07,"['25년이내', '대단지', '대형평수', '방네개이상']",남향,20967810.478244327
경기도,용인시 기흥구,마북동,블루밍구성더센트럴,매매,122동,4/19,950000000,157.66,OWNER,올수리후 깨끗하게 관리잘된 집 빠른입주 가능,25.06.30,"['25년이내', '올수리', '대단지', '대형평수']",남향,19919419.95433211
경기도,용인시 기흥구,마북동,블루밍구성더센트럴,매매,118동,중/19,910000000,157.66,OWNER,세안고투자급매 로얄동로얄층굿매물 올수리 플시및GTX구성더블역세권 조정가,25.07.04,"['25년이내', '올수리', '대단지', '급매']",남향,19080707.535202336
경기도,용인시 기흥구,마북동,블루밍구성더센트럴,매매,120동,중/18,910000000,157.66,OWNER,급매물 정남향 플시수혜및GTX구성역더블역세권 빠른입주가능 초중고학군굿,25.07.04,"['25년이내', '대단지', '급매', '대형평수']",남향,19080707.535202336
경기도,용인시 기흥구,마북동,블루밍구성더센트럴,매매,118동,중/19,920000000,157.66,OWNER,세안고투자굿 정남향 앞동 로얄동 수리됨 플시수혜및GTX구성더블역세권 학군,25.07.03,"['25년이내', '대단지', '대형평수', '방네개이상']",남향,19290385.63998478
경기도,용인시 기흥구,마북동,블루밍구성더센트럴,전세,118동,고/19,500000000,157.66,OWNER,"전체 올수리 후 첫입주, 정남향, 입주일협의, 학군인접",25.07.02,"['25년이내', '올수리', '대단지', '대형평수']",남향,10483905.239122164
경기도,용인시 기흥구,마북동,블루밍구성더센트럴,매매,118동,4/19,930000000,157.66,OWNER,남향으로밝고깨끗한집.입주일편리.,25.06.23,"['25년이내', '대단지', '대형평수', '방네개이상']",남향,19500063.744767223
경기도,용인시 기흥구,마북동,블루밍구성더센트럴,매매,118동,18/19,930000000,157.66,OWNER,정상입주 최고로얄 전망굿 정남향,25.06.23,"['25년이내', '대단지', '대형평수', '방네개이상']",남향,19500063.744767223
경기도,용인시 기흥구,마북동,블루밍구성더센트럴,매매,120동,저/18,1000000000,157.66,OWNER,정상 정남향 플시수혜및GTX구성역더블역세권 입주일협의가능 초중고학군좋음,25.06.26,"['25년이내', '대단지', '대형평수', '방네개이상']",남향,20967810.478244327
경기도,용인시 기흥구,마북동,블루밍구성더센트럴,매매,122동,중/19,1100000000,157.66,NONE,｜47.｜입주협의｜정남향｜입구동｜올수리｜폴딩도어｜중문｜GTX 플시투자굿｜,25.07.21,"['25년이내', '올수리', '대단지', '대형평수']",남향,23064591.52606876
경기도,용인시 기흥구,마북동,블루밍구성더센트럴,매매,122동,고/19,1150000000,157.66,NONE,｜47.｜주인거주｜정남향｜입구동｜플시GTX 호재투자 및 실거주추천｜,25.07.21,"['25년이내', '대단지', '대형평수', '방네개이상']",남향,24112982.049980972
경기도,용인시 기흥구,마북동,블루밍구성더센트럴,매매,122동,7/19,890000000,157.66,NONE,정남향 빠른입주가능 플시수혜및GTX구성역더블역세권 매우깨끗함 초중고학군굿,25.07.16,"['25년이내', '대단지', '대형평수', '방네개이상']",남향,18661351.32563745
경기도,용인시 기흥구,마북동,블루밍구성더센트럴,매매,114동,5/20,750000000,109.02,OWNER,세안고 GTX구성역 더블역세권 최근수리 깨끗 교육 주거환경 좋음.,25.07.15,"['25년이내', '대단지', '방세개', '화장실두개']",동향,22742054.210236654
경기도,용인시 기흥구,마북동,블루밍구성더센트럴,매매,114동,중/20,800000000,109.02,OWNER,빠른입주가능 대단지중심귀한3베이구조 플시수혜및GTX구성더블역세권 학군좋음,25.07.19,"['25년이내', '대단지', '방세개', '화장실두개']",동향,24258191.157585766
경기도,용인시 기흥구,마북동,블루밍구성더센트럴,매매,114동,고/20,800000000,109.02,OWNER,긴세안고.구성역더블역세권.부분수리.플랫폼시티수혜단지.초중고인접.,25.07.19,"['25년이내', '대단지', '방세개', '화장실두개']",동향,24258191.157585766
경기도,용인시 기흥구,마북동,블루밍구성더센트럴,매매,125동,중/17,750000000,109.02,OWNER,급매 세안고투자 3베이구조 정남향,25.07.17,"['25년이내', '대단지', '급매', '방세개']",남향,22742054.210236654
경기도,용인시 기흥구,마북동,블루밍구성더센트럴,매매,114동,5/20,850000000,109.02,OWNER,정상입주 샷시포함 특올수리 올확장,25.07.09,"['25년이내', '올수리', '대단지', '방세개']",동향,25774328.10493488
경기도,용인시 기흥구,마북동,블루밍구성더센트럴,매매,125동,8/17,800000000,109.02,OWNER,정남향 귀한3베이구조 플시수혜및GTX구성더블역세권 입주일협의가능 학군좋음,25.07.08,"['25년이내', '대단지', '방세개', '화장실두개']",남향,24258191.157585766
경기도,용인시 기흥구,마북동,블루밍구성더센트럴,매매,114동,15/20,850000000,109.02,OWNER,"귀한3베이, GTX 플시 수혜, 초중고인접, 거실확장, 입주또는 투자",25.07.04,"['25년이내', '대단지', '방세개', '화장실두개']",동향,25774328.10493488
경기도,용인시 기흥구,마북동,블루밍구성더센트럴,매매,125동,2/17,800000000,109.02,OWNER,정상입주 3베이 올수리 올확장 GTX구성역세권 대단지,25.07.03,"['25년이내', '올수리', '대단지', '방세개']",남향,24258191.157585766
경기도,용인시 기흥구,마북동,블루밍구성더센트럴,매매,125동,저/17,750000000,109.02,DOCV2,"GTX구성역세권, 남향, 일부수리, 초중고인접,하늘공원,마북공원인접",25.07.14,"['25년이내', '대단지', '방세개', '화장실두개']",남향,22742054.210236654
경기도,용인시 기흥구,마북동,블루밍구성더센트럴,매매,117동,14/20,850000000,107.83,OWNER,정상 대단지중심선호동 플시수혜및GTX구성더블역세 입주일협의가 올수리 학군,25.07.21,"['25년이내', '올수리', '대단지', '방세개']",동향,26058770.750255033
경기도,용인시 기흥구,마북동,블루밍구성더센트럴,매매,103동,10/14,900000000,107.83,OWNER,세안고투자굿 올수리 로얄동 뻥뷰 플시최대수혜및GTX구성역더블초역세권 학군,25.07.21,"['25년이내', '올수리', '역세권', '대단지']",남향,27591639.617917094
경기도,용인시 기흥구,마북동,블루밍구성더센트럴,매매,123동,4/14,750000000,107.83,OWNER,세안고투자굿 앞동 볕아주잘듬 정남향 플시수혜및GTX구성더블역세권 초품아,25.07.21,"['25년이내', '대단지', '방세개', '화장실두개']",남향,22993033.01493091
경기도,용인시 기흥구,마북동,블루밍구성더센트럴,매매,127동,1/17,690000000,107.83,OWNER,"샤시포함 올수리, 빠른입주가능, 정남향",25.07.21,"['25년이내', '올수리', '대단지', '1층']",남향,21153590.373736437
경기도,용인시 기흥구,마북동,블루밍구성더센트럴,매매,126동,3/20,690000000,107.83,OWNER,수리후 즉시입주가능 전망굿 조용한동,25.07.21,"['25년이내', '대단지', '방세개', '화장실두개']",동향,21153590.373736437
경기도,용인시 기흥구,마북동,블루밍구성더센트럴,매매,113동,20/20,850000000,107.83,OWNER,최근샤시포함특올수리함 대단지중심 플시및GTX수혜단지 구성역세권 학군좋음,25.07.19,"['25년이내', '올수리', '대단지', '탑층']",동향,26058770.750255033
경기도,용인시 기흥구,마북동,블루밍구성더센트럴,매매,119동,14/20,750000000,107.83,OWNER,32.매우깨끗.수리됨.입주.금액.원하시는 조건을 최대한 맞춰드리겠습니다,25.07.19,"['25년이내', '대단지', '방세개', '화장실두개']",동향,22993033.01493091
경기도,용인시 기흥구,마북동,블루밍구성더센트럴,매매,127동,13/17,780000000,107.83,OWNER,세안고투자 최근샤시포함특올수리 올확장 정남향 플시수혜및GTX구성더블역세권,25.07.18,"['25년이내', '올수리', '대단지', '방세개']",남향,23912754.33552815
경기도,용인시 기흥구,마북동,블루밍구성더센트럴,매매,126동,13/20,730000000,107.83,OWNER,정상입주 거실방확장 수리 전망굿,25.07.18,"['25년이내', '대단지', '방세개', '화장실두개']",동향,22379885.46786609
경기도,용인시 기흥구,마북동,블루밍구성더센트럴,매매,113동,1/20,750000000,107.83,OWNER,입주 대단지중심선호동 플시수혜및GTX구성역더블역세권 입주일협의 학군굿,25.07.18,"['25년이내', '대단지', '1층', '방세개']",동향,22993033.01493091
경기도,용인시 기흥구,마북동,블루밍구성더센트럴,매매,117동,2/20,750000000,107.83,OWNER,입주일협의 대단지중심 입구 올수리 거실확장 플시수혜및GTX구성더블역세권,25.07.17,"['25년이내', '올수리', '대단지', '방세개']",동향,22993033.01493091
경기도,용인시 기흥구,마북동,블루밍구성더센트럴,매매,113동,13/20,800000000,107.83,OWNER,세안고투자굿 대단지중심선호동 올수리 올확장 플시수혜및GTX구성더블역세권,25.07.17,"['25년이내', '올수리', '대단지', '방세개']",동향,24525901.882592972
경기도,용인시 기흥구,마북동,블루밍구성더센트럴,매매,124동,10/20,700000000,107.83,OWNER,급매물 언제든입주가능 플시수혜및GTX구성역더블역세권 숲조망 쾌적함 학군굿,25.07.17,"['25년이내', '대단지', '급매', '방세개']",동향,21460164.14726885
경기도,용인시 기흥구,마북동,블루밍구성더센트럴,매매,126동,9/20,720000000,107.83,OWNER,32 구성역도보 입주협의 초중고인접 조용한동 관리잘됨 부분수리됨,25.07.17,"['25년이내', '대단지', '방세개', '화장실두개']",동향,22073311.694333676
경기도,용인시 기흥구,마북동,블루밍구성더센트럴,매매,102동,11/13,930000000,107.83,OWNER,"올수리, 로얄동, 전망최고, 입주일협의가능",25.07.17,"['25년이내', '올수리', '대단지', '방세개']",남향,28511360.938514333
경기도,용인시 기흥구,마북동,블루밍구성더센트럴,매매,123동,6/14,780000000,107.83,OWNER,남향로얄라인 세안고투자하세요,25.07.17,"['25년이내', '대단지', '방세개', '화장실두개']",남향,23912754.33552815
경기도,용인시 기흥구,마북동,블루밍구성더센트럴,매매,113동,8/20,800000000,107.83,OWNER,정상입주 올수리 학교앞 선호동,25.07.17,"['25년이내', '올수리', '대단지', '방세개']",동향,24525901.882592972
경기도,용인시 기흥구,마북동,블루밍구성더센트럴,전세,113동,15/20,430000000,107.83,OWNER,융무 입주일협의 대단지중심선호동 GTX구성더블역세권 부분수리 초중고학군굿,25.07.16,"['25년이내', '대단지', '방세개', '화장실두개']",동향,13182672.261893721
경기도,용인시 기흥구,마북동,블루밍구성더센트럴,매매,121동,1/20,750000000,107.83,OWNER,"빠른입주가능, GTX구성더블역세권, 플시호재, 초중고 인접, 교통생활편리",25.07.15,"['25년이내', '대단지', '1층', '방세개']",동향,22993033.01493091
경기도,용인시 기흥구,마북동,블루밍구성더센트럴,매매,103동,중/14,870000000,107.83,OWNER,"로얄동,남향,세안고 투자,GTX 구성역세권,교통 생활편리",25.07.21,"['25년이내', '역세권', '대단지', '방세개']",남향,26671918.297319856
경기도,용인시 기흥구,마북동,블루밍구성더센트럴,매매,119동,17/20,750000000,107.83,OWNER,정상입주협의 구성역세권,25.07.14,"['25년이내', '대단지', '방세개', '화장실두개']",동향,22993033.01493091
경기도,용인시 기흥구,마북동,블루밍구성더센트럴,매매,113동,고/20,830000000,107.83,OWNER,최근샤시포함특올수리 플시수혜및GTX구성더블역세권 거실및방확장 입주일협의가,25.07.18,"['25년이내', '올수리', '대단지', '방세개']",동향,25445623.203190207
경기도,용인시 기흥구,마북동,블루밍구성더센트럴,매매,113동,중/20,800000000,107.83,OWNER,입주 대단지중심선호동 플시수혜및GTX구성더블역세권 초중고학군굿,25.07.18,"['25년이내', '대단지', '방세개', '화장실두개']",동향,24525901.882592972
경기도,용인시 기흥구,마북동,블루밍구성더센트럴,월세,126동,17/20,1억/120,107.83,OWNER,"공원전망 부분수리, 집깨끗, 주거＆교육 환경 굿,더블역세권",25.07.11,"['25년이내', '대단지', '방세개', '화장실두개']",동향,
경기도,용인시 기흥구,마북동,블루밍구성더센트럴,매매,124동,20/20,750000000,107.83,OWNER,"올수리, 전망굿,탑층 다락방,초중고인접,더블역세권",25.07.11,"['25년이내', '올수리', '대단지', '탑층']",동향,22993033.01493091
경기도,용인시 기흥구,마북동,블루밍구성더센트럴,매매,126동,14/20,750000000,107.83,OWNER,전망굿. 초중고인접. 주인거주. 더블역세권,25.07.11,"['25년이내', '대단지', '방세개', '화장실두개']",동향,22993033.01493091
경기도,용인시 기흥구,마북동,블루밍구성더센트럴,매매,124동,1/20,710000000,107.83,OWNER,주인거주깨끗.조용한동.초중고인접.구성역세권,25.07.11,"['25년이내', '대단지', '1층', '방세개']",동향,21766737.920801263
경기도,용인시 기흥구,마북동,블루밍구성더센트럴,매매,127동,7/17,795000000,107.83,OWNER,정남향 샤시포함특올수리 폴딩도어 플시수혜및GTX구성더블역세권 입주일협의,25.07.11,"['25년이내', '올수리', '대단지', '방세개']",남향,24372614.995826766
경기도,용인시 기흥구,마북동,블루밍구성더센트럴,매매,113동,중/20,800000000,107.83,OWNER,입주 대단지중심 플시수혜및GTX구성역더블역세권 입주일협의가 선호동 학군굿,25.07.16,"['25년이내', '대단지', '방세개', '화장실두개']",동향,24525901.882592972
경기도,용인시 기흥구,마북동,블루밍구성더센트럴,매매,119동,19/20,730000000,107.83,OWNER,급매 전망굿 입주 또는 주전세가능,25.07.09,"['25년이내', '대단지', '급매', '방세개']",동향,22379885.46786609
경기도,용인시 기흥구,마북동,블루밍구성더센트럴,매매,102동,2/13,830000000,107.83,OWNER,세안고 정남향 구성역5분,25.07.09,"['25년이내', '대단지', '방세개', '화장실두개']",남향,25445623.203190207
경기도,용인시 기흥구,마북동,블루밍구성더센트럴,매매,127동,고/17,780000000,107.83,OWNER,｜32.｜입주협의｜정남향｜특올수리｜더블 역세권｜가치투자｜,25.07.15,"['25년이내', '올수리', '대단지', '방세개']",남향,23912754.33552815
경기도,용인시 기흥구,마북동,블루밍구성더센트럴,매매,126동,10/20,720000000,107.83,OWNER,세안고투자 방1확장 전망좋고 조용함 조정가능 초중고인접,25.07.08,"['25년이내', '대단지', '방세개', '화장실두개']",동향,22073311.694333676
경기도,용인시 기흥구,마북동,블루밍구성더센트럴,매매,111동,중/17,730000000,107.83,OWNER,앞뒤 막힘없는 조망 기본 입주협의가능,25.07.14,"['25년이내', '대단지', '방세개', '화장실두개']",동향,22379885.46786609
경기도,용인시 기흥구,마북동,블루밍구성더센트럴,매매,124동,저/20,760000000,107.83,OWNER,입주 공원조망 플시수혜및GTX구성더블역세권 조용쾌적 초중고학군굿,25.07.14,"['25년이내', '대단지', '방세개', '화장실두개']",동향,23299606.788463324
경기도,용인시 기흥구,마북동,블루밍구성더센트럴,매매,127동,9/17,800000000,107.83,OWNER,"남향,일부수리,초중고인접,9월말부터 입주,GTX구성역세권",25.07.07,"['25년이내', '대단지', '방세개', '화장실두개']",남향,24525901.882592972
경기도,용인시 기흥구,마북동,블루밍구성더센트럴,매매,111동,14/17,750000000,107.83,OWNER,｜32.｜입주협의｜전망 좋은 동｜부분수리 깨끗｜GTX더블역세권｜가치투자｜,25.07.07,"['25년이내', '대단지', '방세개', '화장실두개']",동향,22993033.01493091
경기도,용인시 기흥구,마북동,블루밍구성더센트럴,매매,111동,11/17,830000000,107.83,OWNER,대단지중심앞뒤뻥뷰 화이트수리 올확장 플시수혜및GTX구성더블역세 입주일협의,25.07.05,"['25년이내', '대단지', '방세개', '화장실두개']",동향,25445623.203190207
경기도,용인시 기흥구,마북동,블루밍구성더센트럴,매매,124동,4/20,750000000,107.83,OWNER,"정상입주,gtx구성역세권,부분수리,정원뷰,초중고근접",25.07.04,"['25년이내', '대단지', '방세개', '화장실두개']",동향,22993033.01493091
경기도,용인시 기흥구,마북동,블루밍구성더센트럴,월세,105동,중/13,"5,000/160",107.83,OWNER,올수리 GTX구성역더블초역세권 9월초입주협의 주거생활및학군굿 1억에140,25.07.10,"['25년이내', '올수리', '역세권', '대단지']",남동향,
경기도,용인시 기흥구,마북동,블루밍구성더센트럴,전세,126동,고/20,430000000,107.83,OWNER,샷시까지올수리 정상입주 전망좋은동 구성역세권,25.07.10,"['25년이내', '융자금적은', '올수리', '대단지']",동향,13182672.261893721
경기도,용인시 기흥구,마북동,블루밍구성더센트럴,매매,119동,7/20,730000000,107.83,OWNER,빠른입주가능 구성역세권대단지 조정가능,25.07.03,"['25년이내', '대단지', '방세개', '화장실두개']",동향,22379885.46786609
경기도,용인시 기흥구,마북동,블루밍구성더센트럴,전세,119동,5/20,370000000,107.83,OWNER,｜32.｜입주협의｜더블 역세권｜초중고 학세권｜부분수리 해드림｜,25.07.03,"['25년이내', '융자금적은', '대단지', '방세개']",동향,11343229.620699251
경기도,용인시 기흥구,마북동,블루밍구성더센트럴,매매,117동,2/20,750000000,107.83,DOC,정상  GTX더블역세권 주인거주 올수리깨끗  입주일협의,25.07.14,"['25년이내', '올수리', '대단지', '방세개']",동향,22993033.01493091
경기도,용인시 기흥구,마북동,블루밍구성더센트럴,매매,123동,고/14,780000000,107.83,OWNER,갭적은세안고투자굿 최근올수리 정남향 앞동 플시수혜및GTX구성역더블역세권,25.07.08,"['25년이내', '올수리', '대단지', '방세개']",남향,23912754.33552815
경기도,용인시 기흥구,마북동,블루밍구성더센트럴,매매,126동,저/20,750000000,107.83,OWNER,"세안고, 올수리, GTX 플시 호재, 초중고 인접",25.07.07,"['25년이내', '올수리', '대단지', '방세개']",동향,22993033.01493091
경기도,용인시 기흥구,마북동,블루밍구성더센트럴,월세,126동,5/20,"5,000/150",107.83,OWNER,"특올수리.기존올수리에 도배,장판,칠 신규설치. 힐링초록숲뷰.장기거주가능",25.07.01,"['25년이내', '융자금없는', '올수리', '대단지']",동향,
경기도,용인시 기흥구,마북동,블루밍구성더센트럴,매매,119동,중/20,750000000,107.83,OWNER,"주인거주 관리, 구성역더블역세권, 초중고인접, 교통생활편리",25.07.04,"['25년이내', '대단지', '방세개', '화장실두개']",동향,22993033.01493091
경기도,용인시 기흥구,마북동,블루밍구성더센트럴,매매,111동,15/17,870000000,107.83,DOC,"정상,앞뒤전망굿,깨끗",25.07.07,"['25년이내', '대단지', '방세개', '화장실두개']",동향,26671918.297319856
경기도,용인시 기흥구,마북동,블루밍구성더센트럴,매매,121동,중/20,730000000,107.83,OWNER,"짧은세안고, 입주일협의, 초중고 인접, 교통생활편리",25.07.02,"['25년이내', '대단지', '방세개', '화장실두개']",동향,22379885.46786609
경기도,용인시 기흥구,마북동,블루밍구성더센트럴,매매,117동,고/20,850000000,107.83,OWNER,"학교앞선호동, GTX구성더블역세권 플시수혜, 입주일협의",25.07.02,"['25년이내', '대단지', '방세개', '화장실두개']",동향,26058770.750255033
경기도,용인시 기흥구,마북동,블루밍구성더센트럴,매매,117동,중/20,800000000,107.83,OWNER,l 강추 l 올수리 l 공실 . 입주일 협의가능 l,25.07.02,"['25년이내', '올수리', '대단지', '방세개']",동향,24525901.882592972
경기도,용인시 기흥구,마북동,블루밍구성더센트럴,매매,103동,중/14,1000000000,107.83,DOC,올수리 전망좋은매물 GTX구성역세권  주차장최고 생활편리,25.07.11,"['25년이내', '올수리', '역세권', '대단지']",남향,30657377.353241213
경기도,용인시 기흥구,마북동,블루밍구성더센트럴,매매,116동,고/20,800000000,107.83,OWNER,세안고 투자하실분  깨끗  gtx 구성역세권,25.06.30,"['25년이내', '대단지', '방세개', '화장실두개']",동향,24525901.882592972
경기도,용인시 기흥구,마북동,블루밍구성더센트럴,매매,117동,6/20,810000000,107.83,OWNER,주인거주. 정문입구. 초중고인접. 구성역세권,25.06.23,"['25년이내', '대단지', '방세개', '화장실두개']",동향,24832475.656125385
경기도,용인시 기흥구,마북동,블루밍구성더센트럴,매매,105동,중/13,900000000,107.83,OWNER,입주 플시최대수혜및GTX구성더블초역세권 입주일협의 수리됨 주거및학군굿,25.06.27,"['25년이내', '역세권', '대단지', '방세개']",남동향,27591639.617917094
경기도,용인시 기흥구,마북동,블루밍구성더센트럴,매매,116동,중/20,820000000,107.83,OWNER,수리.엄청깨끗.주인전세안도 가능,25.06.26,"['25년이내', '대단지', '방세개', '화장실두개']",동향,25139049.429657795
경기도,용인시 기흥구,마북동,블루밍구성더센트럴,매매,103동,고/14,1000000000,107.83,OWNER,세안고투자굿 정남향 앞동 로얄동 수리됨 플시및GTX구성더블초역세권 학군굿,25.06.26,"['25년이내', '역세권', '대단지', '방세개']",남향,30657377.353241213
경기도,용인시 기흥구,마북동,블루밍구성더센트럴,매매,126동,고/20,740000000,107.83,OWNER,｜32.｜입주협의｜수리깨끗｜주인 전세가능｜트인전망 개방감굿｜더블 역세권｜,25.06.26,"['25년이내', '대단지', '방세개', '화장실두개']",동향,22686459.241398502
경기도,용인시 기흥구,마북동,블루밍구성더센트럴,매매,119동,중/20,740000000,107.83,OWNER,"급매,올수리,초중고인접,구성역,GTX수혜단지",25.06.26,"['25년이내', '올수리', '대단지', '급매']",동향,22686459.241398502
경기도,용인시 기흥구,마북동,블루밍구성더센트럴,매매,103동,저/14,850000000,107.83,OWNER,올수리  정상입주  GTX구성역세권  주차장여유 생활편리,25.06.26,"['25년이내', '올수리', '역세권', '대단지']",남향,26058770.750255033
경기도,용인시 기흥구,마북동,블루밍구성더센트럴,매매,116동,저/20,830000000,107.83,DOC,"내외부 삿시 포함 신규 특 올수리, 전세 승계",25.06.24,"['25년이내', '올수리', '대단지', '방세개']",동향,25445623.203190207
경기도,용인시 기흥구,마북동,블루밍구성더센트럴,매매,124동,중/20,700000000,107.83,NONE,｜32.｜입주협의｜구성역 더블역세권｜GTX  플시 입지굿｜초중고학세권｜,25.07.02,"['25년이내', '대단지', '방세개', '화장실두개']",동향,21460164.14726885
경기도,용인시 기흥구,마북동,블루밍구성더센트럴,전세,104동,1/12,350000000,79.16,OWNER,"부분수리로 깨끗, 구성역 인접동, 확장형, 채광좋아요",25.07.21,"['25년이내', '대단지', '1층', '방세개']",동향,14616280.3183426
경기도,용인시 기흥구,마북동,블루밍구성더센트럴,매매,101동,4/12,780000000,79.16,OWNER,｜24.｜세안고｜올확장 수리｜GTX 더블 초역세권｜가치투자｜생활편리｜,25.07.18,"['25년이내', '역세권', '대단지', '방세개']",동향,32573424.709449224
경기도,용인시 기흥구,마북동,블루밍구성더센트럴,매매,101동,중/12,800000000,79.16,MOBL,특 올수리,25.07.21,"['25년이내', '올수리', '역세권', '대단지']",동향,33408640.72764023
경기도,용인시 기흥구,마북동,블루밍구성더센트럴,월세,107동,6/13,"2억 5,000/40",79.16,OWNER,GTX구성역더블초역세권 입주일협의 부분수리해줌 주거및학군굿 보증금조정가,25.07.11,"['25년이내', '대단지', '방세개', '화장실두개']",동향,
경기도,용인시 기흥구,마북동,블루밍구성더센트럴,매매,101동,4/12,780000000,79.16,NONE,"짧은세안고,올수리,GTX구성역세권",25.07.18,"['25년이내', '올수리', '역세권', '대단지']",동향,32573424.709449224
경기도,용인시 기흥구,마북동,삼거마을삼성래미안1차,매매,115동,11/20,1150000000,218.55,OWNER,66.방4.입주협의.원하시는 조건을 최대한 맞춰드리겠습니다,25.07.21,"['25년이내', '대단지', '대형평수', '방네개이상']",남향,17394887.89750629
경기도,용인시 기흥구,마북동,삼거마을삼성래미안1차,매매,115동,16/20,1100000000,218.55,OWNER,세안고 정남향 조망 플시수혜및GTX구성더블역세권 귀한대형 초품아 학군굿,25.07.19,"['25년이내', '대단지', '대형평수', '방네개이상']",남향,16638588.42370167
경기도,용인시 기흥구,마북동,삼거마을삼성래미안1차,전세,115동,저/20,650000000,218.55,OWNER,융무 정남향 최근올수리 귀한대형 GTX구성역더블역세권 초품아 초중고학군굿,25.07.10,"['25년이내', '올수리', '대단지', '대형평수']",남향,9831893.159460077
경기도,용인시 기흥구,마북동,삼거마을삼성래미안1차,매매,115동,고/20,1220000000,218.55,OWNER,입주또는주인세안고  최근특올수리  조정가능 최고로얄 전망굿,25.07.08,"['25년이내', '올수리', '대단지', '대형평수']",남향,18453707.160832763
경기도,용인시 기흥구,마북동,삼거마을삼성래미안1차,매매,115동,16/20,1100000000,218.55,NONE,,25.07.19,"['25년이내', '대단지', '대형평수', '방네개이상']",남향,16638588.42370167
경기도,용인시 기흥구,마북동,삼거마을삼성래미안1차,월세,113동,5/20,1억/220,184.51,OWNER,정남향 GTX구성역더블역세권 입주일협의 초품아 쾌적함 초중고학군굿 보조가,25.07.21,"['25년이내', '대단지', '대형평수', '방네개이상']",남향,
경기도,용인시 기흥구,마북동,삼거마을삼성래미안1차,매매,113동,5/20,1100000000,184.51,OWNER,정상 정남향 플시수혜및GTX구성더블역세권 입주일협의가 쾌적함 초품아,25.07.21,"['25년이내', '대단지', '대형평수', '방네개이상']",남향,19708219.066717252
경기도,용인시 기흥구,마북동,삼거마을삼성래미안1차,매매,111동,4/20,980000000,184.51,OWNER,갭적은세안고급매물 정남향 플시수혜및GTX구성더블역세권 쾌적함 초품아 학군,25.07.21,"['25년이내', '대단지', '급매', '대형평수']",남향,17558231.53216628
경기도,용인시 기흥구,마북동,삼거마을삼성래미안1차,매매,111동,2/20,1000000000,184.51,OWNER,"입주일협의, 부분수리 깨끗, 초중고인접, GTX 플시호재",25.07.21,"['25년이내', '대단지', '대형평수', '방네개이상']",남향,17916562.787924774
경기도,용인시 기흥구,마북동,삼거마을삼성래미안1차,매매,107동,2/20,990000000,184.51,OWNER,55.방4.입주.금액.원하시는 조건을 최대한 맞춰드리겠습니다,25.07.21,"['25년이내', '대단지', '대형평수', '방네개이상']",남향,17737397.16004553
경기도,용인시 기흥구,마북동,삼거마을삼성래미안1차,매매,108동,18/20,1070000000,184.51,OWNER,55.방4.입주.금액.원하시는 조건을 최대한 맞춰드리겠습니다,25.07.21,"['25년이내', '대단지', '대형평수', '방네개이상']",남향,19170722.183079507
경기도,용인시 기흥구,마북동,삼거마을삼성래미안1차,매매,110동,12/20,1050000000,184.51,OWNER,"최근부분수리, 아주깨끗, 입주매물",25.07.21,"['25년이내', '대단지', '대형평수', '방네개이상']",남향,18812390.927321017
경기도,용인시 기흥구,마북동,삼거마을삼성래미안1차,매매,111동,15/20,1080000000,184.51,OWNER,정상입주협의 올수리 정남향 조용한동,25.07.21,"['25년이내', '올수리', '대단지', '대형평수']",남향,19349887.810958758
경기도,용인시 기흥구,마북동,삼거마을삼성래미안1차,매매,107동,16/20,1100000000,184.51,OWNER,주인거주 정남향 기본,25.07.21,"['25년이내', '대단지', '대형평수', '방네개이상']",남향,19708219.066717252
경기도,용인시 기흥구,마북동,삼거마을삼성래미안1차,매매,110동,1/20,1050000000,184.51,OWNER,입주 최근올수리 플시및GTX수혜단지 정남향 앞동 개인정원 층간소음x 학군,25.07.18,"['25년이내', '올수리', '마당', '대단지']",남향,18812390.927321017
경기도,용인시 기흥구,마북동,삼거마을삼성래미안1차,매매,113동,16/20,1100000000,184.51,OWNER,"탑층 옥탑방, 전망 아주 굿, 방 4개",25.07.18,"['25년이내', '대단지', '대형평수', '방네개이상']",남향,19708219.066717252
경기도,용인시 기흥구,마북동,삼거마을삼성래미안1차,매매,113동,19/20,1080000000,184.51,OWNER,55.방4.입주.금액조정.원하시는 조건을 최대한 맞춰드리겠습니다,25.07.18,"['25년이내', '대단지', '대형평수', '방네개이상']",남향,19349887.810958758
경기도,용인시 기흥구,마북동,삼거마을삼성래미안1차,매매,110동,3/20,1080000000,184.51,OWNER,"로얄동,정남향,따뜻하고밝은집,구성역및GTX역이용편리,추천합니다",25.07.14,"['25년이내', '대단지', '대형평수', '방네개이상']",남향,19349887.810958758
경기도,용인시 기흥구,마북동,삼거마을삼성래미안1차,매매,113동,2/20,1000000000,184.51,OWNER,"쾌적한동,전세안고투자추천,초중고인접,GTX구성역이용편리,추천합니다",25.07.14,"['25년이내', '대단지', '대형평수', '방네개이상']",남향,17916562.787924774
경기도,용인시 기흥구,마북동,삼거마을삼성래미안1차,매매,108동,10/20,1180000000,184.51,OWNER,,25.07.14,"['25년이내', '대단지', '대형평수', '방네개이상']",남향,21141544.089751236
경기도,용인시 기흥구,마북동,삼거마을삼성래미안1차,매매,107동,1/20,1200000000,184.51,OWNER,"샷시제외 올수리, 단독정원, GTX 플시수혜, 입주일협의, 학군인접",25.07.14,"['25년이내', '올수리', '마당', '대단지']",남향,21499875.34550973
경기도,용인시 기흥구,마북동,삼거마을삼성래미안1차,매매,111동,중/20,1300000000,184.51,OWNER,입주일협의 정남향 특올수리 플시수혜및GTX구성더블역세권 초품아 학군좋음,25.07.19,"['25년이내', '올수리', '대단지', '대형평수']",남향,23291531.62430221
경기도,용인시 기흥구,마북동,삼거마을삼성래미안1차,매매,111동,고/20,1050000000,184.51,OWNER,"정상입주.GTX용인역,플랫폼시티수혜.초중고인접.정남향.",25.07.18,"['25년이내', '대단지', '대형평수', '방네개이상']",남향,18812390.927321017
경기도,용인시 기흥구,마북동,삼거마을삼성래미안1차,매매,108동,11/20,1150000000,184.51,OWNER,55.방4.입주가능.원하시는 조건을 최대한 맞춰드리겠습니다 .,25.07.11,"['25년이내', '대단지', '대형평수', '방네개이상']",남향,20604047.20611349
경기도,용인시 기흥구,마북동,삼거마을삼성래미안1차,매매,110동,5/20,1150000000,184.51,DOC,전망좋은동 깨끗  정상입주,25.07.21,"['25년이내', '대단지', '대형평수', '방네개이상']",남향,20604047.20611349
경기도,용인시 기흥구,마북동,삼거마을삼성래미안1차,매매,110동,중/20,1150000000,184.51,OWNER,"더블역세권 대단지, 조정가",25.07.17,"['25년이내', '대단지', '대형평수', '방네개이상']",남향,20604047.20611349
경기도,용인시 기흥구,마북동,삼거마을삼성래미안1차,전세,107동,12/20,500000000,184.51,OWNER,융무 깨끗하게관리잘된집 정상입주 GTX구성역세권,25.07.07,"['25년이내', '대단지', '대형평수', '방네개이상']",남향,8958281.393962387
경기도,용인시 기흥구,마북동,삼거마을삼성래미안1차,매매,113동,8/20,1100000000,184.51,OWNER,55.방4.입주.금액조정.원하시는 조건을 최대한 맞춰드리겠습니다,25.07.07,"['25년이내', '대단지', '대형평수', '방네개이상']",남향,19708219.066717252
경기도,용인시 기흥구,마북동,삼거마을삼성래미안1차,매매,110동,19/20,1200000000,184.51,DOC,"55,로얄층,정남향,GTX서울역연장임박,용산플랫폼시티호재,입주가능",25.07.18,"['25년이내', '대단지', '대형평수', '방네개이상']",남향,21499875.34550973
경기도,용인시 기흥구,마북동,삼거마을삼성래미안1차,매매,108동,저/20,1320000000,184.51,OWNER,"입주 또는 세안고 가능,  관리잘된집,  녹지조망",25.07.10,"['25년이내', '대단지', '대형평수', '방네개이상']",남향,23649862.880060703
경기도,용인시 기흥구,마북동,삼거마을삼성래미안1차,매매,113동,13/20,1150000000,184.51,OWNER,정상 일부수리 깨끗,25.07.02,"['25년이내', '대단지', '대형평수', '방네개이상']",남향,20604047.20611349
경기도,용인시 기흥구,마북동,삼거마을삼성래미안1차,매매,113동,2/20,1000000000,184.51,OWNER,전세5.7억세안고 정남향 4층높이 차분한조망 플시수혜및GTX구성더블역세권,25.06.26,"['25년이내', '대단지', '대형평수', '방네개이상']",남향,17916562.787924774
경기도,용인시 기흥구,마북동,삼거마을삼성래미안1차,매매,111동,중/20,1050000000,184.51,OWNER,급매물 정남향 플시수혜및GTX구성뎌블역세권 입주일협의가능 조용쾌적 초품아,25.07.02,"['25년이내', '대단지', '급매', '대형평수']",남향,18812390.927321017
경기도,용인시 기흥구,마북동,삼거마을삼성래미안1차,월세,110동,중/20,"5,000/200",184.51,OWNER,"일부수리, 아주깨끗, 융자없음",25.06.30,"['25년이내', '융자금없는', '대단지', '대형평수']",남향,
경기도,용인시 기흥구,마북동,삼거마을삼성래미안1차,월세,108동,저/20,"5,000/220",184.51,OWNER,"부분수리, GTX 구성더블역세권, 학군인접, 교통생활편리, 입주일협의",25.06.25,"['25년이내', '대단지', '대형평수', '방네개이상']",남향,
경기도,용인시 기흥구,마북동,삼거마을삼성래미안1차,매매,108동,저/20,1310000000,184.51,OWNER,"선호동, gtx구성역, 플랫폼시티 수혜",25.06.25,"['25년이내', '대단지', '대형평수', '방네개이상']",남향,23470697.25218146
경기도,용인시 기흥구,마북동,삼거마을삼성래미안1차,매매,110동,19/20,1150000000,184.51,NONE,｜55.｜빠른입주가능｜로얄동｜정남향｜GTX 더블역세권｜초품아｜,25.07.21,"['25년이내', '대단지', '대형평수', '방네개이상']",남향,20604047.20611349
경기도,용인시 기흥구,마북동,삼거마을삼성래미안1차,매매,110동,고/20,1060000000,184.51,NONE,정상입주 전망 정남향,25.07.10,"['25년이내', '대단지', '대형평수', '방네개이상']",남향,18991556.555200264
경기도,용인시 기흥구,마북동,삼거마을삼성래미안1차,매매,110동,고/20,1100000000,184.51,NONE,"입주또는세안고,GTX개통더블역세권,투자추천",25.07.03,"['25년이내', '대단지', '대형평수', '방네개이상']",남향,19708219.066717252
경기도,용인시 기흥구,마북동,삼거마을삼성래미안1차,월세,113동,5/20,"5,000/240",184.51,NONE,"입주협의,보증금조정가,집상태좋음",25.07.01,"['25년이내', '대단지', '대형평수', '방네개이상']",남향,
경기도,용인시 기흥구,마북동,삼거마을삼성래미안1차,매매,107동,저/20,990000000,184.51,NONE,"급매,조정가능,빠른입주가능",25.06.27,"['25년이내', '대단지', '급매', '대형평수']",남향,17737397.16004553
경기도,용인시 기흥구,마북동,삼거마을삼성래미안1차,매매,114동,10/20,1150000000,162.12,OWNER,입주 정남향 플시수혜및GTX구성역더블역세권 입주일협의가 초품아 학군굿,25.07.21,"['25년이내', '대단지', '대형평수', '방네개이상']",남향,23449622.193436958
경기도,용인시 기흥구,마북동,삼거마을삼성래미안1차,매매,117동,4/18,950000000,162.12,OWNER,급매 입주일협의 잔잔한조망 플시수혜및GTX구성더블역세권 초품아 학군굿,25.07.21,"['25년이내', '대단지', '급매', '대형평수']",남동향,19371427.02936097
경기도,용인시 기흥구,마북동,삼거마을삼성래미안1차,월세,117동,10/18,"5,000/200",162.12,OWNER,부분수리 조용하고 쾌적한 동 하시입주,25.07.21,"['25년이내', '대단지', '대형평수', '방네개이상']",남동향,
경기도,용인시 기흥구,마북동,삼거마을삼성래미안1차,매매,105동,19/20,1150000000,162.12,OWNER,49.방4.주전세가능.금액조정.원하시는 조건을 최대한 맞춰드리겠습니다.,25.07.21,"['25년이내', '대단지', '대형평수', '방네개이상']",남향,23449622.193436958
경기도,용인시 기흥구,마북동,삼거마을삼성래미안1차,매매,104동,11/20,1100000000,162.12,OWNER,49.방4.입주.금액.원하시는 조건을 최대한 맞춰드리겠습니다,25.07.21,"['25년이내', '대단지', '대형평수', '방네개이상']",남향,22430073.40241796
경기도,용인시 기흥구,마북동,삼거마을삼성래미안1차,매매,116동,7/20,1030000000,162.12,OWNER,"짧은세안고,조정가능,투자추천",25.07.18,"['25년이내', '대단지', '대형평수', '방네개이상']",남향,21002705.094991367
경기도,용인시 기흥구,마북동,삼거마을삼성래미안1차,매매,104동,5/20,1200000000,162.12,OWNER,정남향 플시최대수혜및GTX구성역더블초역세권 입주협의가능 초품아 주거학군굿,25.07.18,"['25년이내', '대단지', '대형평수', '방네개이상']",남향,24469170.98445596
경기도,용인시 기흥구,마북동,삼거마을삼성래미안1차,매매,116동,10/20,1070000000,162.12,OWNER,"입주협의,GTX개통,집상태좋음",25.07.18,"['25년이내', '대단지', '대형평수', '방네개이상']",남향,21818344.127806563
경기도,용인시 기흥구,마북동,삼거마을삼성래미안1차,매매,117동,4/18,1020000000,162.12,OWNER,,25.07.18,"['25년이내', '대단지', '대형평수', '방네개이상']",남향,20798795.336787567
경기도,용인시 기흥구,마북동,삼거마을삼성래미안1차,매매,104동,19/20,1180000000,162.12,OWNER,49.방4.특올수리.입주.금액조정.원하시는 조건을 최대한 맞춰드립니다,25.07.15,"['25년이내', '올수리', '대단지', '대형평수']",남향,24061351.46804836
경기도,용인시 기흥구,마북동,삼거마을삼성래미안1차,매매,116동,중/20,1050000000,162.12,OWNER,"세안고, 전망굿, 올수리, GTX구성역세권, 플시수혜",25.07.21,"['25년이내', '올수리', '대단지', '대형평수']",남향,21410524.611398965
경기도,용인시 기흥구,마북동,삼거마을삼성래미안1차,전세,116동,13/20,500000000,162.12,OWNER,"융무,조정가,일부수리깨끗,입주협의",25.07.14,"['25년이내', '융자금없는', '대단지', '대형평수']",남향,10195487.910189983
경기도,용인시 기흥구,마북동,삼거마을삼성래미안1차,매매,112동,16/20,1050000000,162.12,OWNER,모던한 올수리 방3구조 전망도 좋아요,25.07.14,"['25년이내', '올수리', '대단지', '대형평수']",남향,21410524.611398965
경기도,용인시 기흥구,마북동,삼거마을삼성래미안1차,전세,104동,5/20,480000000,162.12,OWNER,융무 수리해줌 정남향 GTX구성더블초역세권 입주일협의 초품아 주거및학군굿,25.07.11,"['25년이내', '대단지', '대형평수', '방네개이상']",남향,9787668.393782383
경기도,용인시 기흥구,마북동,삼거마을삼성래미안1차,매매,112동,8/20,1100000000,162.12,OWNER,49.방4.작은방확장.마루설치.금액.원하시는 조건을 최대한 맞춰드립니다.,25.07.11,"['25년이내', '대단지', '대형평수', '방네개이상']",남향,22430073.40241796
경기도,용인시 기흥구,마북동,삼거마을삼성래미안1차,전세,104동,1/20,485000000,162.12,OWNER,"입구동,싱크대,화장실수리,개인정원",25.07.10,"['25년이내', '융자금없는', '마당', '대단지']",남향,9889623.272884283
경기도,용인시 기흥구,마북동,삼거마을삼성래미안1차,전세,116동,저/20,500000000,162.12,OWNER,융무 정남향 앞동 볕잘듬 GTX구성더블역세권 입주일협의 초품아 학군좋음,25.07.16,"['25년이내', '대단지', '대형평수', '방세개']",남향,10195487.910189983
경기도,용인시 기흥구,마북동,삼거마을삼성래미안1차,매매,117동,중/18,1300000000,162.12,OWNER,입주 샷시빼고 올수리 올확장 전망굿 초중고인접,25.07.15,"['25년이내', '올수리', '대단지', '대형평수']",남동향,26508268.566493955
경기도,용인시 기흥구,마북동,삼거마을삼성래미안1차,매매,117동,고/18,1100000000,162.12,OWNER,"입주협의,전망최고,올수리",25.07.14,"['25년이내', '올수리', '대단지', '대형평수']",남동향,22430073.40241796
경기도,용인시 기흥구,마북동,삼거마을삼성래미안1차,전세,117동,고/18,500000000,162.12,OWNER,"입주협의,융무,올수리",25.07.14,"['25년이내', '융자금없는', '올수리', '대단지']",남동향,10195487.910189983
경기도,용인시 기흥구,마북동,삼거마을삼성래미안1차,월세,116동,저/20,2억/150,162.12,OWNER,융무 정남향 앞동 볕잘듬 GTX구성더블역세권 깨끗함 초품아 학군좋음,25.07.14,"['25년이내', '대단지', '대형평수', '방세개']",남향,
경기도,용인시 기흥구,마북동,삼거마을삼성래미안1차,매매,117동,17/18,1050000000,162.12,OWNER,"입주협의,주인거주로집상태좋음,전망나옴",25.07.07,"['25년이내', '대단지', '대형평수', '방네개이상']",남동향,21410524.611398965
경기도,용인시 기흥구,마북동,삼거마을삼성래미안1차,매매,105동,저/20,1150000000,162.12,OWNER,중층.49.특올수리.방4. 원하시는 조건을 최대한 맞춰드리겠습니다.,25.07.11,"['25년이내', '올수리', '대단지', '대형평수']",남향,23449622.193436958
경기도,용인시 기흥구,마북동,삼거마을삼성래미안1차,매매,117동,고/18,1000000000,162.12,OWNER,"세안고,전망나옴,더블역세권",25.07.10,"['25년이내', '대단지', '대형평수', '방네개이상']",남동향,20390975.820379965
경기도,용인시 기흥구,마북동,삼거마을삼성래미안1차,매매,112동,11/20,1020000000,162.12,OWNER,정상입주 방4개구조 1개확장 일부수리 깨끗,25.07.03,"['25년이내', '대단지', '대형평수', '방네개이상']",남향,20798795.336787567
경기도,용인시 기흥구,마북동,삼거마을삼성래미안1차,매매,105동,12/20,1300000000,162.12,OWNER,입주 플시최대수혜및GTX구성역더블초역세 정남향 로얄동 조망굿 초품아 학군,25.07.01,"['25년이내', '대단지', '대형평수', '방네개이상']",남향,26508268.566493955
경기도,용인시 기흥구,마북동,삼거마을삼성래미안1차,매매,114동,고/20,1050000000,162.12,OWNER,짧은세안고급매 정남향  플시수혜및GTX구성더블역세권 부분수리 초품아 학군,25.07.05,"['25년이내', '대단지', '급매', '대형평수']",남향,21410524.611398965
경기도,용인시 기흥구,마북동,삼거마을삼성래미안1차,매매,117동,16/18,1200000000,162.12,NDOC1,"앞뒤뻥뷰,사생활침해없는조망권,짧은세안고또는입주가,모든협의가능,추천합니다",25.06.28,"['25년이내', '대단지', '대형평수', '방네개이상']",남동향,24469170.98445596
경기도,용인시 기흥구,마북동,삼거마을삼성래미안1차,전세,116동,고/20,470000000,162.12,OWNER,"입주협의,방3",25.06.30,"['25년이내', '융자금없는', '대단지', '대형평수']",남향,9583758.635578584
경기도,용인시 기흥구,마북동,삼거마을삼성래미안1차,매매,116동,저/20,1100000000,162.12,OWNER,"정남향,GTX구성역도보권,해잘들고조용한집,모든협의가능,추천합니다",25.06.28,"['25년이내', '대단지', '대형평수', '방네개이상']",남향,22430073.40241796
경기도,용인시 기흥구,마북동,삼거마을삼성래미안1차,전세,116동,고/20,520000000,162.12,OWNER,융무 정남향 GTX구성역더블역세권 입주일협의가능 수리됨 초품아 학군굿,25.06.27,"['25년이내', '대단지', '대형평수', '방네개이상']",남향,10603307.426597582
경기도,용인시 기흥구,마북동,삼거마을삼성래미안1차,매매,112동,중/20,1050000000,162.12,DOC,"남향,GTX구성역도보권,수서역까지14분,주인거주로밝고환한집,추천합니다",25.06.26,"['25년이내', '대단지', '대형평수', '방네개이상']",남향,21410524.611398965
경기도,용인시 기흥구,마북동,삼거마을삼성래미안1차,매매,116동,저/20,1100000000,162.12,TEL,"관리잘되고 햇살 좋은 남향, GTX 플시 호재, 학군인접, 입주일협의",25.06.23,"['25년이내', '대단지', '대형평수', '방네개이상']",남향,22430073.40241796
경기도,용인시 기흥구,마북동,삼거마을삼성래미안1차,매매,112동,고/20,1070000000,162.12,DOC,전세안고 투자하실분  GTX구성역세권  깨끗,25.06.23,"['25년이내', '대단지', '대형평수', '방네개이상']",남향,21818344.127806563
경기도,용인시 기흥구,마북동,삼거마을삼성래미안1차,매매,112동,7/20,1050000000,162.12,NONE,급매물 정남향 플시및GTX구성역더블역세권 입주일협의 초품아 초중고학군굿,25.07.14,"['25년이내', '대단지', '급매', '대형평수']",남향,21410524.611398965
경기도,용인시 기흥구,마북동,삼거마을삼성래미안1차,매매,116동,중/20,1020000000,162.12,NONE,"세안고,조정가능,더블역세권",25.07.11,"['25년이내', '대단지', '대형평수', '방네개이상']",남향,20798795.336787567
경기도,용인시 기흥구,마북동,삼거마을삼성래미안1차,매매,116동,중/20,1050000000,162.12,NONE,"입주또는세안고,조정가능,더블역세권",25.06.30,"['25년이내', '대단지', '대형평수', '방네개이상']",남향,21410524.611398965
경기도,용인시 기흥구,마북동,삼거마을삼성래미안1차,매매,114동,10/20,1150000000,162.12,NONE,주인거주 관리잘된집 모든협의조정가능,25.06.30,"['25년이내', '대단지', '대형평수', '방네개이상']",남향,23449622.193436958
경기도,용인시 기흥구,마북동,삼거마을삼성래미안1차,매매,104동,19/20,1180000000,162.12,NONE,,25.06.30,"['25년이내', '대단지', '대형평수', '방네개이상']",남향,24061351.46804836
경기도,용인시 기흥구,마북동,삼거마을삼성래미안1차,전세,116동,중/20,500000000,162.12,NONE,"입주협의,조정가,일부수리집상태좋음",25.06.25,"['25년이내', '대단지', '대형평수', '방네개이상']",남향,10195487.910189983
경기도,용인시 기흥구,마북동,삼거마을삼성래미안1차,매매,103동,7/15,1030000000,122.3,OWNER,세인고 로얄동 정남향 조망굿 플시최대수혜및GTX구성더블초역세권 부분수리됨,25.07.19,"['25년이내', '대단지', '방세개', '화장실두개']",남향,27841034.750613246
경기도,용인시 기흥구,마북동,삼거마을삼성래미안1차,매매,103동,11/15,1030000000,122.3,OWNER,"입주협의,전망최고,집상태좋음",25.07.19,"['25년이내', '대단지', '방세개', '화장실두개']",남향,27841034.750613246
경기도,용인시 기흥구,마북동,삼거마을삼성래미안1차,매매,109동,3/20,1150000000,122.3,OWNER,입주 정남향 플시수혜및GTX구성역더블역세권 입주일협의 초품아 초중고학군굿,25.07.17,"['25년이내', '대단지', '방세개', '화장실두개']",남향,31084650.44971382
경기도,용인시 기흥구,마북동,삼거마을삼성래미안1차,매매,102동,6/15,1000000000,122.3,OWNER,36.입구동.입주.금액조정.원하시는 조건을 최대한 맞춰드리겠습니다,25.07.15,"['25년이내', '대단지', '방세개', '화장실두개']",남향,27030130.825838104
경기도,용인시 기흥구,마북동,삼거마을삼성래미안1차,매매,102동,1/15,900000000,122.3,OWNER,"개인정원, 입주협의, 입구동, 2층높이 1층",25.07.14,"['25년이내', '마당', '대단지', '1층']",남향,24327117.743254296
경기도,용인시 기흥구,마북동,삼거마을삼성래미안1차,매매,102동,5/15,970000000,122.3,OWNER,급매 정남향 플시최대수혜및GTX구성더블초역세권 수리됨 초품아 주거및학군굿,25.07.14,"['25년이내', '대단지', '급매', '방세개']",남향,26219226.90106296
경기도,용인시 기흥구,마북동,삼거마을삼성래미안1차,매매,109동,중/20,1150000000,122.3,NDOC1,"최근특올수리됨,입주또는전세가능,GTX구성역초역세권,초중고인접,적극추천해요",25.07.18,"['25년이내', '올수리', '대단지', '방세개']",남향,31084650.44971382
경기도,용인시 기흥구,마북동,삼거마을삼성래미안1차,매매,102동,저/15,950000000,122.3,OWNER,입주협의  올수리  거실 방1확장 개인정원  GTX구성더블역세권,25.07.17,"['25년이내', '올수리', '마당', '대단지']",남향,25678624.2845462
경기도,용인시 기흥구,마북동,삼거마을삼성래미안1차,월세,109동,11/20,"5,000/190",122.3,OWNER,"입주협의,집상태최상,더블역세권",25.07.08,"['25년이내', '융자금없는', '대단지', '방세개']",남향,
경기도,용인시 기흥구,마북동,삼거마을삼성래미안1차,매매,103동,중/15,1100000000,122.3,OWNER,최근특올수리 로얄동 확트인전망 용인플렛폼시티 추천,25.07.15,"['25년이내', '올수리', '대단지', '방세개']",남향,29733143.90842191
경기도,용인시 기흥구,마북동,삼거마을삼성래미안1차,매매,102동,12/15,1000000000,122.3,OWNER,정상 정남향 부분수리 조망굿 플시수혜및GTX구성더블초역세 입주일협의 초품,25.07.05,"['25년이내', '대단지', '방세개', '화장실두개']",남향,27030130.825838104
경기도,용인시 기흥구,마북동,삼거마을삼성래미안1차,매매,109동,저/20,930000000,122.3,OWNER,"GTX구성더블역세권, 초중고인접, 내부상태양호",25.07.10,"['25년이내', '대단지', '방세개', '화장실두개']",남향,25138021.66802944
경기도,용인시 기흥구,마북동,삼거마을삼성래미안1차,매매,101동,고/15,1050000000,122.3,OWNER,정상 로얄 정남향 조망굿 플시최대수혜및GTX구성역더블초역세권 초품아 학군,25.07.08,"['25년이내', '역세권', '대단지', '방세개']",남향,28381637.36713001
경기도,용인시 기흥구,마북동,삼거마을삼성래미안1차,전세,109동,고/20,500000000,122.3,OWNER,"특올수리후첫입주,반려동물X,융무,하시입주",25.07.08,"['25년이내', '융자금없는', '올수리', '대단지']",남향,13515065.412919052
경기도,용인시 기흥구,마북동,삼거마을삼성래미안1차,매매,101동,고/15,1000000000,122.3,OWNER,"거실 주방 확장, 올수리된 집, 초입동, GTX 플시 호재, 전망좋음",25.07.04,"['25년이내', '올수리', '역세권', '대단지']",남향,27030130.825838104
경기도,용인시 기흥구,마북동,삼거마을삼성래미안1차,전세,103동,중/15,450000000,122.3,OWNER,융무 정남향 로얄동 GTX구성더블초역세권 빠른입주도가능 초품아 학군좋음,25.06.24,"['25년이내', '대단지', '방세개', '화장실두개']",남향,12163558.871627148
경기도,용인시 기흥구,마북동,삼거마을삼성래미안1차,매매,103동,11/15,1030000000,122.3,NONE,"로얄동,로얄라인,전망최고,입주협의",25.07.16,"['25년이내', '대단지', '방세개', '화장실두개']",남향,27841034.750613246
경기도,용인시 기흥구,마북동,삼성쉐르빌구성역플랫폼시티,매매,205동,1/11,740000000,217.11,OWNER,"급매,정상입주,부분수리,gtx용인역세권,초중고근접,조용쾌적",25.07.21,"['25년이내', '1층', '급매', '대형평수']",남서향,11267472.249090323
경기도,용인시 기흥구,마북동,삼성쉐르빌구성역플랫폼시티,매매,205동,4/11,800000000,217.11,OWNER,"입주협의,집상태좋음,GTX개통",25.07.21,"['25년이내', '복층', '대형평수', '방네개이상']",남동향,12181051.080097646
경기도,용인시 기흥구,마북동,삼성쉐르빌구성역플랫폼시티,매매,205동,9/11,790000000,217.11,OWNER,"GTX  플랫폼시티호재, 초중고인접, 쾌적한단지",25.07.21,"['25년이내', '대형평수', '방네개이상', '화장실두개']",남서향,12028787.941596426
경기도,용인시 기흥구,마북동,삼성쉐르빌구성역플랫폼시티,전세,203동,9/12,500000000,217.11,OWNER,융무 철골내진설계 GTX구성역더블역세권 입주일협의 조용쾌적 초중고학군굿,25.07.19,"['25년이내', '대형평수', '방네개이상', '화장실두개']",남서향,7613156.925061029
경기도,용인시 기흥구,마북동,삼성쉐르빌구성역플랫폼시티,매매,203동,3/12,730000000,217.11,OWNER,세안고 플시수혜단지 대형평수로 착한가격의 매물이예요,25.07.17,"['25년이내', '대형평수', '방네개이상', '화장실두개']",남서향,11115209.110589102
경기도,용인시 기흥구,마북동,삼성쉐르빌구성역플랫폼시티,매매,205동,저/11,800000000,217.11,NDOC1,세안고.매우깨끗.,25.07.21,"['25년이내', '대형평수', '방네개이상', '화장실두개']",남서향,12181051.080097646
경기도,용인시 기흥구,마북동,삼성쉐르빌구성역플랫폼시티,매매,204동,4/11,920000000,217.11,OWNER,올수리 전망좋은 앞동 빠른입주가,25.07.14,"['25년이내', '올수리', '대형평수', '방네개이상']",남서향,14008208.742112294
경기도,용인시 기흥구,마북동,삼성쉐르빌구성역플랫폼시티,매매,203동,저/12,850000000,217.11,NDOC1,구성 플렛폼시티 수혜단지 .더블역세권.  집상태 아주깨끗함,25.07.21,"['25년이내', '대형평수', '방네개이상', '화장실두개']",남향,12942366.77260375
경기도,용인시 기흥구,마북동,삼성쉐르빌구성역플랫폼시티,매매,201동,12/13,1100000000,217.11,OWNER,입주물건 럭셔리특올수리 로얄동 앞동 플시수혜및GTX구성더블역세권 철골내진,25.07.14,"['25년이내', '올수리', '대형평수', '방네개이상']",남서향,16748945.235134263
경기도,용인시 기흥구,마북동,삼성쉐르빌구성역플랫폼시티,매매,201동,2/13,880000000,217.11,OWNER,정상입주 올수리 로얄동 햇빛전망굿 조정가능,25.07.14,"['25년이내', '올수리', '대형평수', '방네개이상']",남서향,13399156.18810741
경기도,용인시 기흥구,마북동,삼성쉐르빌구성역플랫폼시티,매매,205동,4/11,850000000,217.11,OWNER,정상 구성역세권 조용하고쾌적함,25.07.14,"['25년이내', '대형평수', '방네개이상', '화장실두개']",남서향,12942366.77260375
경기도,용인시 기흥구,마북동,삼성쉐르빌구성역플랫폼시티,매매,204동,1/11,750000000,217.11,OWNER,"타운하우스급,정상입주,일조량충분,gtx용인역세권,초중고근접,조용쾌적",25.07.10,"['25년이내', '1층', '대형평수', '방네개이상']",남서향,11419735.387591543
경기도,용인시 기흥구,마북동,삼성쉐르빌구성역플랫폼시티,전세,205동,고/11,550000000,217.11,OWNER,"최근특올수리, 아주깨끗, 시스템에어컨",25.07.08,"['25년이내', '올수리', '대형평수', '방네개이상']",남서향,8374472.617567131
경기도,용인시 기흥구,마북동,삼성쉐르빌구성역플랫폼시티,매매,205동,고/11,950000000,217.11,OWNER,"샷시포함 최근특올수리, 시스템에어컨, 아주깨끗, 입주매물",25.07.03,"['25년이내', '올수리', '대형평수', '방네개이상']",남서향,14464998.157615954
경기도,용인시 기흥구,마북동,삼성쉐르빌구성역플랫폼시티,매매,204동,4/11,930000000,217.11,OWNER,정상입주 최고로얄 올수리 시스템에어컨 전망굿 초중고인접,25.06.23,"['25년이내', '올수리', '대형평수', '방네개이상']",남서향,14160471.880613515
경기도,용인시 기흥구,마북동,삼성쉐르빌구성역플랫폼시티,매매,204동,5/11,790000000,217.11,DOC,정남향 전망이 트인 로얄동 추천매물 입니다,25.07.01,"['25년이내', '대형평수', '방네개이상', '화장실두개']",남향,12028787.941596426
경기도,용인시 기흥구,마북동,삼성쉐르빌구성역플랫폼시티,매매,201동,중/13,1000000000,217.11,NONE,｜입주협의｜주전가｜구성 더블역세권｜GTX 플시 투자굿｜학세권｜숲세권｜,25.07.21,"['25년이내', '대형평수', '방네개이상', '화장실두개']",남서향,15226313.850122059
경기도,용인시 기흥구,마북동,삼성쉐르빌구성역플랫폼시티,매매,201동,9/13,840000000,178.23,OWNER,로얄동로얄층 수리 주인거주 가격조정,25.07.21,"['25년이내', '대형평수', '방네개이상', '화장실두개']",남서향,15580201.986197611
경기도,용인시 기흥구,마북동,삼성쉐르빌구성역플랫폼시티,매매,202동,6/13,800000000,178.23,OWNER,정상입주  주차넉넉함  초중고 인접  GTX구성역세권 깨끗,25.07.21,"['25년이내', '대형평수', '방네개이상', '화장실두개']",남서향,14838287.605902487
경기도,용인시 기흥구,마북동,삼성쉐르빌구성역플랫폼시티,매매,203동,9/12,800000000,178.23,OWNER,"입주협의, 초중고인접, GTX구성역세권, 플랫폼시티수혜, 쾌적한단지",25.07.21,"['25년이내', '대형평수', '방네개이상', '화장실두개']",남서향,14838287.605902487
경기도,용인시 기흥구,마북동,삼성쉐르빌구성역플랫폼시티,전세,202동,2/13,450000000,178.23,OWNER,융무. 주인거주 아주깨끗. 초중고인접. 일부가구 사용,25.07.19,"['25년이내', '대형평수', '방네개이상', '화장실두개']",남서향,8346536.7783201495
경기도,용인시 기흥구,마북동,삼성쉐르빌구성역플랫폼시티,매매,202동,10/13,800000000,178.23,DOCV2,"정상입주 협의가능, 초중고인접, 조용하고 쾌적함, 마북공원인접",25.07.21,"['25년이내', '대형평수', '방네개이상', '화장실두개']",남서향,14838287.605902487
경기도,용인시 기흥구,마북동,삼성쉐르빌구성역플랫폼시티,매매,203동,고/12,900000000,178.23,OWNER,｜53.｜입주협의｜더블 역세권｜부분수리 깨끗｜쾌적한 단지｜가치투자｜,25.07.21,"['25년이내', '대형평수', '방네개이상', '화장실두개']",남서향,16693073.556640299
경기도,용인시 기흥구,마북동,삼성쉐르빌구성역플랫폼시티,전세,203동,고/12,440000000,178.23,OWNER,｜53.｜입주협의｜더블 역세권｜부분수리 깨끗｜쾌적한 단지｜,25.07.21,"['25년이내', '대형평수', '방네개이상', '화장실두개']",남서향,8161058.183246368
경기도,용인시 기흥구,마북동,삼성쉐르빌구성역플랫폼시티,매매,202동,중/13,1050000000,178.23,OWNER,"전망좋음, 입주가능, 조용하고 주차편리",25.07.21,"['25년이내', '대형평수', '방네개이상', '화장실두개']",남서향,19475252.482747015
경기도,용인시 기흥구,마북동,삼성쉐르빌구성역플랫폼시티,매매,203동,고/12,1000000000,178.23,OWNER,"GTX플시수혜, 조용하고 쾌적한단지, 탑층다락, 입주협의",25.07.21,"['25년이내', '대형평수', '방네개이상', '화장실두개']",남서향,18547859.50737811
경기도,용인시 기흥구,마북동,삼성쉐르빌구성역플랫폼시티,매매,202동,고/13,870000000,178.23,OWNER,"주인거주관리, 전망굿, 조용하며 쾌적한 단지, 초중고인접, GTX구성역",25.07.21,"['25년이내', '대형평수', '방네개이상', '화장실두개']",남서향,16136637.771418953
경기도,용인시 기흥구,마북동,삼성쉐르빌구성역플랫폼시티,매매,201동,2/13,830000000,178.23,OWNER,로얄동. 조용하고 쾌적. 초중고인접,25.07.11,"['25년이내', '대형평수', '방네개이상', '화장실두개']",남서향,15394723.39112383
경기도,용인시 기흥구,마북동,삼성쉐르빌구성역플랫폼시티,매매,201동,10/13,900000000,178.23,OWNER,로얄동 앞동 조망 특올수리 플시및GTX수혜단지 역세권 내진설계,25.07.11,"['25년이내', '올수리', '대형평수', '방네개이상']",남서향,16693073.556640299
경기도,용인시 기흥구,마북동,삼성쉐르빌구성역플랫폼시티,매매,202동,4/13,850000000,178.23,OWNER,｜53.｜빠른입주가능｜주인거주 올수리 깨끗｜더블 역세권｜가치투자｜,25.07.08,"['25년이내', '올수리', '대형평수', '방네개이상']",남서향,15765680.581271393
경기도,용인시 기흥구,마북동,삼성쉐르빌구성역플랫폼시티,매매,203동,5/12,800000000,178.23,OWNER,정상입주 주인거주 깨끗 전원주택같은 조용한단지,25.07.02,"['25년이내', '대형평수', '방네개이상', '화장실두개']",남서향,14838287.605902487
경기도,용인시 기흥구,마북동,삼익리베리움(도시형),전세,A동,8/9,290000000,60.41,DOC,"구성역,GTX 역세권.탄천산책로좋음.신혼부부추천.애완동물X.",25.07.10,"['10년이내', '소형평수', '방세개', '화장실두개']",남서향,15869519.119351102
경기도,용인시 기흥구,마북동,삼익리베리움(도시형),매매,A동,고/9,380000000,60.41,DOC,"짧은세안고.입주가능.구성역,GTX역세권.플랫폼시티수혜단지.",25.07.10,"['10년이내', '소형평수', '방세개', '화장실두개']",남향,20794542.294322137
경기도,용인시 기흥구,마북동,삼익리베리움(도시형),매매,B동,7/9,420000000,54.75,OWNER,"구성역GTX역세권,깨끗함",25.07.21,"['10년이내', '소형평수', '방세개', '화장실두개']",남향,25359446.57534247
경기도,용인시 기흥구,마북동,삼익리베리움(도시형),매매,C동,고/9,340000000,54.75,OWNER,세안고 구성역 도보권,25.07.10,"['10년이내', '소형평수', '방세개', '화장실두개']",남서향,20529075.79908676
경기도,용인시 기흥구,마북동,삼익리베리움(도시형),매매,E동,7/8,340000000,49.81,OWNER,세안고 매매 구성역 도보이용가능합니다.,25.07.14,"['10년이내', '소형평수', '방세개', '화장실한개']",동향,22565085.324232083
경기도,용인시 기흥구,마북동,삼익리베리움(도시형),매매,E동,고/8,350000000,49.81,NONE,,25.06.25,"['10년이내', '소형평수', '방세개', '화장실한개']",동향,23228764.304356556
경기도,용인시 기흥구,마북동,엠스테이(도시형),월세,1동,4/6,500/55,25.36,OWNER,깨끗하게 관리됨,25.07.17,"['10년이내', '화장실한개', '소형평수', '방한개']",북동향,
경기도,용인시 기흥구,마북동,연원마을엘지,매매,103동,4/11,1290000000,185.3,OWNER,입주 정남향 플시최대수혜및GTX구성역더블초역세권 주거생활및학군좋음,25.07.21,"['25년이상', '역세권', '대형평수', '방네개이상']",남향,23013829.73556395
경기도,용인시 기흥구,마북동,연원마을엘지,매매,103동,9/11,1280000000,185.3,OWNER,"특올수리, 관리잘된 집,  GTX 분당선 초역세권, 플랫폼시티호재",25.07.21,"['25년이상', '올수리', '역세권', '대형평수']",남향,22835427.954668105
경기도,용인시 기흥구,마북동,연원마을엘지,전세,104동,7/14,600000000,185.3,OWNER,융자없음 남향 수리,25.07.16,"['25년이상', '역세권', '대형평수', '방네개이상']",남향,10704106.853750674
경기도,용인시 기흥구,마북동,연원마을엘지,월세,104동,고/14,"5,000/210",185.3,OWNER,｜56.｜빠른입주가능｜정남향｜구성 더블 초역세권｜생활편리｜,25.07.21,"['25년이상', '역세권', '대형평수', '방세개']",남향,
경기도,용인시 기흥구,마북동,연원마을엘지,전세,104동,고/14,550000000,185.3,OWNER,｜56.｜융무｜부분수리 깨끗｜정남향｜더블 초역세권｜생활편리｜,25.07.21,"['25년이상', '융자금없는', '역세권', '대형평수']",남향,9812097.949271452
경기도,용인시 기흥구,마북동,연원마을엘지,매매,104동,7/14,1350000000,185.3,OWNER,정상 전체 올수리 GTX구성역 더블역세권 교통편리하고 주거환경 좋음,25.07.14,"['25년이상', '올수리', '역세권', '대형평수']",남향,24084240.420939017
경기도,용인시 기흥구,마북동,연원마을엘지,매매,104동,고/14,1300000000,185.3,OWNER,｜56.｜입주협의｜정남향｜GTX 더블 초역세권｜생활편리｜가치투자｜,25.07.14,"['25년이상', '역세권', '대형평수', '방세개']",남향,23192231.516459797
경기도,용인시 기흥구,마북동,연원마을엘지,전세,104동,3/14,550000000,185.3,OWNER,정상입주 올수리 융자없음 정남향 구성GTX역도보5분,25.06.27,"['25년이상', '올수리', '역세권', '대형평수']",남향,9812097.949271452
경기도,용인시 기흥구,마북동,연원마을엘지,매매,104동,고/14,1400000000,185.3,OWNER,"올수리, 관리잘된집, GTX구성역세권, 플시 수혜, 교통 생활편리",25.06.25,"['25년이상', '올수리', '역세권', '대형평수']",남향,24976249.32541824
경기도,용인시 기흥구,마북동,연원마을엘지,전세,103동,고/11,510000000,185.3,DOC,56.조정가.융자무.씽크대수리.남향으로밝고깨끗한집.,25.07.03,"['25년이상', '역세권', '대형평수', '방네개이상']",남향,9098490.825688073
경기도,용인시 기흥구,마북동,연원마을엘지,매매,103동,9/11,1280000000,185.3,NONE,특 올수리 즉시입주 구성역 초 역세권,25.07.14,"['25년이상', '올수리', '역세권', '대형평수']",남향,22835427.954668105
경기도,용인시 기흥구,마북동,연원마을엘지,전세,103동,8/11,510000000,185.3,NONE,융무 GTX구성더블초역세권 정남향 10월말협의 싱크대교체됨 주거및학군굿,25.07.10,"['25년이상', '융자금없는', '역세권', '주방교체']",남향,9098490.825688073
경기도,용인시 기흥구,마북동,연원마을엘지,매매,101동,3/9,1180000000,162.82,OWNER,"특올수리,최고교통입지",25.07.14,"['25년이상', '올수리', '역세권', '대형평수']",남향,23957906.276870165
경기도,용인시 기흥구,마북동,연원마을엘지,매매,105동,2/17,830000000,108.12,OWNER,입주 앞뒤개방감 플시최대수혜및GTX구성역더블초역세권 주거생활및학군굿,25.07.21,"['25년이상', '방세개', '화장실두개', '세대당1대']",동향,25377372.826489083
경기도,용인시 기흥구,마북동,연원마을엘지,월세,105동,12/17,"3억 2,000/40",108.12,OWNER,융무 앞뒤뻥뷰 GTX구성역더블초역세권 입주일협의 깨끗함 주거및학군굿,25.07.21,"['25년이상', '융자금없는', '방세개', '화장실두개']",동향,
경기도,용인시 기흥구,마북동,연원마을엘지,전세,105동,12/17,430000000,108.12,OWNER,융무 앞뒤뻥뷰 GTX구성역더블초역세권 입주일협의 깨끗함 주거및학군굿,25.07.21,"['25년이상', '방세개', '화장실두개', '고층']",동향,13147313.63300037
경기도,용인시 기흥구,마북동,연원마을엘지,매매,105동,3/17,930000000,108.12,OWNER,최근올수리 정상입주 GTX구성역 더블역세권  대형마트인접 생활권최상,25.07.18,"['25년이상', '올수리', '대형평수', '방세개']",남향,28434887.624861266
경기도,용인시 기흥구,마북동,연원마을엘지,매매,106동,5/13,910000000,108.12,OWNER,로얄동 세안고 GTX용인역 최대수혜단지 대형마트인접  주거환경좋음,25.07.17,"['25년이상', '역세권', '대형평수', '방세개']",남향,27823384.66518683
경기도,용인시 기흥구,마북동,연원마을엘지,매매,105동,5/17,850000000,108.12,OWNER,정상입주  기본상태 깨끗 GTX 구성역  초역세권 주거환경 매우좋음,25.07.15,"['25년이상', '방세개', '화장실두개', '세대당1대']",동향,25988875.786163524
경기도,용인시 기흥구,마북동,연원마을엘지,매매,103동,3/11,1000000000,108.12,OWNER,,25.07.15,"['25년이상', '역세권', '방세개', '화장실두개']",남향,30575147.983721793
경기도,용인시 기흥구,마북동,연원마을엘지,전세,105동,16/17,430000000,108.12,OWNER,융무 올수리 정남향 앞뒤조망 8월말이전언제든 GTX구성더블초역세권 학군굿,25.07.10,"['25년이상', '올수리', '방세개', '화장실두개']",남향,13147313.63300037
경기도,용인시 기흥구,마북동,연원마을엘지,월세,105동,3/17,2억/90,108.12,OWNER,"GTX 분당선 구성역 도보권, 욕실씽크대 교체등 부분수리",25.07.08,"['25년이상', '방세개', '화장실두개', '세대당1대']",남동향,
경기도,용인시 기흥구,마북동,연원마을엘지,전세,106동,고/13,430000000,108.12,OWNER,9월말협의 수리 깨끗  GTX구성역 초역세권 교통편리 주거환경좋음,25.07.11,"['25년이상', '역세권', '방세개', '화장실두개']",남향,13147313.63300037
경기도,용인시 기흥구,마북동,연원마을엘지,매매,105동,고/17,870000000,108.12,OWNER,"입주협의,구성역5분",25.07.10,"['25년이상', '방세개', '화장실두개', '고층']",남동향,26600378.745837957
경기도,용인시 기흥구,마북동,연원마을엘지,매매,103동,중/11,1010000000,108.12,OWNER,"특급인테리어, GTX 초역세, 플시수혜, 학군인접, 입주일협의",25.07.07,"['25년이상', '역세권', '방세개', '화장실두개']",남향,30880899.463559013
경기도,용인시 기흥구,마북동,연원마을엘지,매매,106동,13/13,895000000,108.12,OWNER,로얄동 탑층 일부수리 깨끗 GTX구성역 초역세권 조망굿 생활권좋음,25.06.27,"['25년이상', '역세권', '탑층', '방세개']",남향,27364757.445431
경기도,용인시 기흥구,마북동,연원마을현대,매매,105동,4/18,900000000,221.48,OWNER,"하시입주,조정가,로얄동,서울역정차전에선점하세요",25.07.21,"['25년이상', '대형평수', '방네개이상', '화장실두개']",남동향,13433296.460176991
경기도,용인시 기흥구,마북동,연원마을현대,매매,101동,11/17,1020000000,221.48,OWNER,빠른입주가능 입구동 뒷조망굿 플시수혜및GTX구성역더블역세권 쾌적 학군굿,25.07.17,"['25년이상', '대형평수', '방네개이상', '화장실두개']",남동향,15224402.654867258
경기도,용인시 기흥구,마북동,연원마을현대,매매,105동,1/18,730000000,221.48,OWNER,급매 GTX구성역세권 정상입주 아이들키우기 좋음,25.07.17,"['25년이상', '1층', '급매', '대형평수']",남동향,10895896.017699117
경기도,용인시 기흥구,마북동,연원마을현대,매매,105동,2/18,950000000,221.48,OWNER,"입주매물, 일부수리, 해잘드는 앞트인동, 공원뷰",25.07.17,"['25년이상', '대형평수', '방네개이상', '화장실두개']",남동향,14179590.707964605
경기도,용인시 기흥구,마북동,연원마을현대,전세,107동,4/18,500000000,221.48,OWNER,"gtx구성역도보역세권,로얄동,전망좋음,초중고근접",25.07.17,"['25년이상', '융자금적은', '대형평수', '방네개이상']",남서향,7462942.477876107
경기도,용인시 기흥구,마북동,연원마을현대,매매,104동,1/18,1000000000,221.48,OWNER,입주 수리됨 플시수혜및GTX구성역더블역세권 층간소음X 조용쾌적 학군굿,25.07.16,"['25년이상', '1층', '대형평수', '방네개이상']",남동향,14925884.955752214
경기도,용인시 기흥구,마북동,연원마을현대,월세,101동,8/17,1억/165,221.48,OWNER,수리 깨끗 GTX구성역 더블역세권 교통편리 초중고입접 주거환경좋음,25.07.15,"['25년이상', '대형평수', '방네개이상', '화장실두개']",남동향,
경기도,용인시 기흥구,마북동,연원마을현대,매매,101동,8/17,1000000000,221.48,OWNER,정상 주인거주 GTX구성역세권 초중고인접 입구동,25.07.14,"['25년이상', '대형평수', '방네개이상', '화장실두개']",남동향,14925884.955752214
경기도,용인시 기흥구,마북동,연원마을현대,매매,104동,중/18,1060000000,221.48,NDOC1,세안고.엄청깨끗,25.07.19,"['25년이상', '대형평수', '방네개이상', '화장실두개']",남동향,15821438.053097347
경기도,용인시 기흥구,마북동,연원마을현대,매매,101동,중/17,900000000,221.48,OWNER,｜66.｜입주협의｜GTX 더블역세권｜조용하고 쾌적한 단지｜가치투자｜,25.07.18,"['25년이상', '대형평수', '방네개이상', '화장실두개']",남동향,13433296.460176991
경기도,용인시 기흥구,마북동,연원마을현대,매매,104동,저/18,1150000000,221.48,OWNER,66P 3년전 올수리 초중고 통학편리,25.07.18,"['25년이상', '올수리', '대형평수', '방네개이상']",남동향,17164767.69911505
경기도,용인시 기흥구,마북동,연원마을현대,매매,105동,4/18,1150000000,221.48,OWNER,정상입주 올수리됨 앞동 로얄동 플시및GTX수혜단지 구성역세권 쾌적 학군굿,25.07.11,"['25년이상', '올수리', '대형평수', '방네개이상']",남동향,17164767.69911505
경기도,용인시 기흥구,마북동,연원마을현대,매매,105동,9/18,1050000000,221.48,DOC,깨끗.전망굿,25.07.21,"['25년이상', '대형평수', '방네개이상', '화장실두개']",남동향,15672179.203539826
경기도,용인시 기흥구,마북동,연원마을현대,전세,105동,중/18,500000000,221.48,OWNER,입주일협의가.구성역더블역세권.남동향.초중고인접.,25.07.17,"['25년이상', '대형평수', '방네개이상', '화장실두개']",남동향,7462942.477876107
경기도,용인시 기흥구,마북동,연원마을현대,매매,107동,4/18,1050000000,221.48,OWNER,"입주협의,집상태좋음,GTX개통",25.07.10,"['25년이상', '대형평수', '방네개이상', '화장실두개']",남서향,15672179.203539826
경기도,용인시 기흥구,마북동,연원마을현대,전세,107동,중/18,500000000,221.48,OWNER,"정상입주,부분수리깨끗,전망좋음,gtx구성역세권,초중고근접,",25.07.10,"['25년이상', '융자금없는', '대형평수', '방네개이상']",남서향,7462942.477876107
경기도,용인시 기흥구,마북동,연원마을현대,월세,107동,중/18,1억/170,221.48,OWNER,"정상입주,부분수리깨끗,전망좋음,초중고근접,gtx구성역세권",25.07.10,"['25년이상', '융자금없는', '대형평수', '방네개이상']",남서향,
경기도,용인시 기흥구,마북동,연원마을현대,매매,105동,중/18,900000000,221.48,OWNER,"채광좋은 트인전망, 학군 인접, GTX구성역 플시 수혜, 입주일협의",25.07.07,"['25년이상', '대형평수', '방네개이상', '화장실두개']",남동향,13433296.460176991
경기도,용인시 기흥구,마북동,연원마을현대,매매,107동,고/18,850000000,221.48,DOC,"GTX구성역세권, 초중고인접, 전망좋음, 조용하고 깨끗함",25.07.17,"['25년이상', '대형평수', '방네개이상', '화장실두개']",남서향,12687002.212389382
경기도,용인시 기흥구,마북동,연원마을현대,전세,104동,13/18,480000000,221.48,OWNER,융무 GTX구성역더블역세권 입주일협의가 올수리 조용쾌적함 학군좋음,25.06.26,"['25년이상', '융자금없는', '올수리', '대형평수']",남동향,7164424.778761063
경기도,용인시 기흥구,마북동,연원마을현대,매매,104동,8/18,1100000000,221.48,OWNER,올수리 매우깨끗 주인거주중,25.06.26,"['25년이상', '올수리', '대형평수', '방네개이상']",남동향,16418473.451327436
경기도,용인시 기흥구,마북동,연원마을현대,매매,104동,고/18,950000000,221.48,OWNER,"삐른입주,gtx구성역세권,초중고근접,조용쾌적",25.06.30,"['25년이상', '대형평수', '방네개이상', '화장실두개']",남동향,14179590.707964605
경기도,용인시 기흥구,마북동,연원마을현대,매매,107동,고/18,950000000,221.48,OWNER,"전망좋음, 빠른입주가능",25.06.26,"['25년이상', '대형평수', '방네개이상', '화장실두개']",남서향,14179590.707964605
경기도,용인시 기흥구,마북동,연원마을현대,매매,105동,고/18,1150000000,221.48,OWNER,입주 로얄동 조망굿 수리됨 플시수혜및GTX구성역더블역세권 쾌적함 학군굿,25.06.26,"['25년이상', '대형평수', '방네개이상', '화장실두개']",남동향,17164767.69911505
경기도,용인시 기흥구,마북동,연원마을현대,매매,105동,저/18,1100000000,221.48,OWNER,"최근특올수리, 초중고인접, 쾌적한단지, GTX구성더블역세권, 플시호재",25.06.25,"['25년이상', '올수리', '대형평수', '방네개이상']",남동향,16418473.451327436
경기도,용인시 기흥구,마북동,연원마을현대,매매,107동,중/18,970000000,221.48,NONE,"경부고속도로조망,gtx구성역세권,초중고근접,세안고",25.07.07,"['25년이상', '대형평수', '방네개이상', '화장실두개']",남서향,14478108.407079648
경기도,용인시 기흥구,마북동,연원마을현대,매매,107동,고/18,900000000,221.48,NONE,"전망좋음,초중고근접",25.07.03,"['25년이상', '대형평수', '방네개이상', '화장실두개']",남서향,13433296.460176991
경기도,용인시 기흥구,마북동,연원마을현대,매매,108동,12/17,710000000,111.16,NDOC1,33. 급매. GTX구성더블역세권. 초중고인접. 전세안고 투자추천,25.07.21,"['25년이상', '급매', '방세개', '화장실두개']",남동향,21114675.692695215
경기도,용인시 기흥구,마북동,연원마을현대,매매,103동,1/18,590000000,111.16,NDOC1,"세안고, 수리깨끗",25.07.19,"['25년이상', '1층', '방세개', '화장실두개']",남서향,17545998.11083124
경기도,용인시 기흥구,마북동,연원마을현대,매매,102동,10/18,820000000,111.16,OWNER,입주협의 3베이구조  올수리  로얄동  로얄층  GTX구성 더블역세권,25.07.17,"['25년이상', '올수리', '방세개', '화장실두개']",남서향,24385963.47607053
경기도,용인시 기흥구,마북동,연원마을현대,매매,103동,11/18,690000000,111.16,NDOC1,"즉시입주,초중고인접,GTX구성역세권,추천합니다",25.07.17,"['25년이상', '방세개', '화장실두개', '중층']",남서향,20519896.095717885
경기도,용인시 기흥구,마북동,연원마을현대,매매,108동,8/17,780000000,111.16,OWNER,세안고투자 전실큰3베이 앞뒤개방감 플시수혜및GTX구성역더블역세권 부분수리,25.07.16,"['25년이상', '방세개', '화장실두개', '중층']",남동향,23196404.282115873
경기도,용인시 기흥구,마북동,연원마을현대,매매,102동,14/18,780000000,111.16,OWNER,입주 앞뒤조망 로얄동 특올수리 플시및GTX구성역더블역세권 입주일협의 학군,25.07.16,"['25년이상', '올수리', '방세개', '화장실두개']",남서향,23196404.282115873
경기도,용인시 기흥구,마북동,연원마을현대,매매,103동,10/18,780000000,111.16,OWNER,"신규 올수리,  짧은세안고 투자, GTX 개통, 초품아 지하엘베 주차편리",25.07.15,"['25년이상', '올수리', '테라스', '화장실두개']",남서향,23196404.282115873
경기도,용인시 기흥구,마북동,연원마을현대,매매,102동,16/18,750000000,111.16,OWNER,"로얄동로얄층,전망최고,빠른입주,gtx구성역세권,초중고근접",25.07.14,"['25년이상', '방세개', '화장실두개', '고층']",남서향,22304234.886649873
경기도,용인시 기흥구,마북동,연원마을현대,매매,102동,3/18,880000000,111.16,OWNER,입주일협의 플시수혜및GTX더블역세권 전실큰3베이구조 싱크대교체 학군굿,25.07.11,"['25년이상', '주방교체', '방세개', '화장실두개']",남서향,26170302.267002523
경기도,용인시 기흥구,마북동,연원마을현대,매매,102동,저/18,720000000,111.16,NDOC1,일부수리.전망예쁨.입주가능,25.07.17,"['25년이상', '방세개', '화장실두개', '세대당 1.5대이상']",남동향,21412065.49118388
경기도,용인시 기흥구,마북동,연원마을현대,전세,103동,2/18,390000000,111.16,OWNER,"3베이,정상입주,부분수리깨끗,초중고근접,gtx구성역세권,조용쾌적",25.07.10,"['25년이상', '융자금없는', '방세개', '화장실두개']",남서향,11598202.141057936
경기도,용인시 기흥구,마북동,연원마을현대,매매,103동,2/18,680000000,111.16,OWNER,"짧은세안고,올수리,3bay구조,전실,GTX구성역세권",25.07.08,"['25년이상', '올수리', '방세개', '화장실두개']",남서향,20222506.29722922
경기도,용인시 기흥구,마북동,연원마을현대,매매,103동,저/18,750000000,111.16,DOC,올수리.입주가능,25.07.21,"['25년이상', '올수리', '방세개', '화장실두개']",남서향,22304234.886649873
경기도,용인시 기흥구,마북동,연원마을현대,매매,102동,16/18,800000000,111.16,OWNER,"주인거주, 깨끗하게사용관리, 막힘없는 시원한 전망",25.07.04,"['25년이상', '방세개', '화장실두개', '고층']",남서향,23791183.879093204
경기도,용인시 기흥구,마북동,연원마을현대,매매,102동,10/18,850000000,111.16,DOC,기본깨끗.전망굿.,25.07.14,"['25년이상', '방세개', '화장실두개', '중층']",남서향,25278132.871536527
경기도,용인시 기흥구,마북동,연원마을현대,매매,103동,중/18,697000000,111.16,OWNER,"부분수리깨끗,gtx구성역세권,초증고근접,지하주차장엘베연결",25.07.07,"['25년이상', '방세개', '화장실두개', '중층']",남서향,20728068.95465995
경기도,용인시 기흥구,마북동,연원마을현대,매매,108동,중/17,750000000,111.16,OWNER,｜33.｜입주협의｜올확장 올수리｜3베이 구조｜전실｜더블역세권｜,25.07.05,"['25년이상', '올수리', '방세개', '화장실두개']",남동향,22304234.886649873
경기도,용인시 기흥구,마북동,연원마을현대,매매,103동,9/18,780000000,111.16,NDOC1,"주인용 특올수리, 중문, 중간라인, 입주협의",25.06.28,"['25년이상', '올수리', '방세개', '화장실두개']",남서향,23196404.282115873
경기도,용인시 기흥구,마북동,연원마을현대,매매,103동,저/18,650000000,111.16,DOC,"짧은세안고또는입주협의가능,GTX구성역역세권,입주일등모든협의가능,추천합니다",25.06.25,"['25년이상', '방세개', '화장실두개', '세대당 1.5대이상']",남서향,19330336.901763227
경기도,용인시 기흥구,마북동,연원마을현대,매매,108동,고/17,780000000,111.16,NONE,｜33.｜입주협의｜올수리｜GTX 더블 역세권｜초중고 학세권｜전망 굿｜,25.07.21,"['25년이상', '올수리', '방세개', '화장실두개']",남동향,23196404.282115873
경기도,용인시 기흥구,마북동,연원마을현대,매매,108동,중/17,780000000,111.16,NONE,"세안고,초중고근접,gtx구성역세권,앞뒤전망좋음",25.07.03,"['25년이상', '방세개', '화장실두개', '중층']",남동향,23196404.282115873
경기도,용인시 기흥구,마북동,연원마을현대,매매,106동,4/16,620000000,82.49,OWNER,"급매물, 올수리 화이트인테리어, 지하주차 엘베연결, GTX 구성역개통",25.07.21,"['25년이상', '올수리', '급매', '화장실한개']",남서향,24846486.846890535
경기도,용인시 기흥구,마북동,연원마을현대,매매,106동,6/16,610000000,82.49,OWNER,"빠른입주,인테리어기간지원,전망좋음,초중고근접,gtx구성역세권",25.07.11,"['25년이상', '방세개', '화장실두개', '중층']",남서향,24445737.059037462
경기도,용인시 기흥구,마북동,연원마을현대,매매,106동,14/16,630000000,82.49,OWNER,｜24.｜세안고｜전망 굿｜초중고 학세권｜GTX 가치투자｜,25.07.10,"['25년이상', '방세개', '화장실두개', '고층']",남서향,25247236.63474361
경기도,용인시 기흥구,마북동,용인구성지음재,매매,1동,저/9,365000000,75.34,OWNER,초중고인접 교통편리,25.07.14,"['10년이내', '방세개', '화장실두개', '저층']",서향,16015549.84072206
경기도,용인시 기흥구,마북동,용인구성지음재,매매,1동,고/9,370000000,75.34,OWNER,GTX구성역대중교통이용편리 구성초 바로옆,25.07.12,"['10년이내', '방세개', '화장실두개', '고층']",서향,16234940.93443058
경기도,용인시 기흥구,마북동,용인구성지음재,매매,1동,고/9,360000000,75.34,OWNER,"입주매물, 깨끗",25.07.04,"['10년이내', '방세개', '화장실두개', '고층']",서향,15796158.74701354
경기도,용인시 기흥구,마북동,용인구성지음재,매매,1동,중/9,370000000,75.34,OWNER,"구성역도보가능, 깨끗함, 초중고도보",25.06.26,"['10년이내', '방세개', '화장실두개', '중층']",서향,16234940.93443058
경기도,용인시 기흥구,마북동,용인구성지음재,매매,1동,저/9,335000000,74.87,OWNER,"세안고,초중고인접,구조좋은 남향",25.07.10,"['10년이내', '방세개', '화장실두개', '세안고']",남향,14791478.228930146
경기도,용인시 기흥구,마북동,용인구성지음재,매매,1동,중/9,340000000,74.16,OWNER,긴 전세안고 매매,25.07.21,"['10년이내', '방세개', '화장실두개', '중층']",서향,15155972.222222226
경기도,용인시 기흥구,마북동,용인구성지음재,매매,1동,중/9,350000000,74.16,OWNER,"현재공실,하시가능,집상태좋음,초중고 단거리,역세권도보가능",25.07.14,"['10년이내', '방세개', '화장실두개', '중층']",남동향,15601736.111111112
경기도,용인시 기흥구,마북동,용인구성지음재,매매,1동,4/9,350000000,74.16,NONE,,25.07.15,"['10년이내', '방세개', '화장실두개', '중층']",서향,15601736.111111112
경기도,용인시 기흥구,마북동,용인구성지음재,매매,1동,3/9,320000000,66.29,OWNER,"긴전세안고매매,귀한2룸,밝고깨끗함,GTX구성역인근,생활권편리,추천합니다",25.07.07,"['10년이내', '방두개', '화장실한개', '주차가능']",동향,15957930.3062302
경기도,용인시 기흥구,마북동,용인구성지음재,매매,1동,2/9,315000000,60.75,OWNER,공실 빠른 입주 가능8월8일까지만 입주안되면 세안고 매수깨끗하고 좋아요,25.07.18,"['10년이내', '필로티', '소형평수', '방두개']",남향,17141107.40740741
경기도,용인시 기흥구,마북동,용인구성지음재,매매,1동,9/9,290000000,60.75,OWNER,"세안고 아파트로 등기된 깨끗한 집, 구성역 도보가능, 투자하기 좋음",25.07.07,"['10년이내', '소형평수', '탑층', '방두개']",북향,15780702.05761317
경기도,용인시 기흥구,마북동,용인마북신원아침도시,매매,101동,6/15,500000000,99.2,OWNER,"급매,트인전망,분당진입용이,방거실 확장.",25.07.19,"['10년이내', '급매', '방세개', '화장실두개']",남서향,16662222.782258064
경기도,용인시 기흥구,마북동,용인마북신원아침도시,매매,103동,저/17,470000000,99.2,OWNER,"개인사정급,주인올수리,집상태최상",25.07.21,"['10년이내', '올수리', '방세개', '화장실두개']",남동향,15662489.415322581
경기도,용인시 기흥구,마북동,용인마북신원아침도시,매매,101동,14/15,570000000,99.2,OWNER,"시원하게트인전망,남향,아주깨끗",25.07.11,"['10년이내', '방네개이상', '화장실두개', '고층']",남서향,18994933.971774194
경기도,용인시 기흥구,마북동,용인마북신원아침도시,매매,103동,15/17,600000000,99.2,OWNER,"탑층단독세대,수납우수,전망굿,수리 아주깨끗",25.07.11,"['10년이내', '방세개', '화장실두개', '고층']",남서향,19994667.33870968
경기도,용인시 기흥구,마북동,용인마북신원아침도시,매매,103동,5/17,530000000,99.2,OWNER,"전망좋고 조용한집,깨끗,분당진입용이",25.06.30,"['10년이내', '방세개', '화장실두개', '세대당1대']",남동향,17661956.14919355
경기도,용인시 기흥구,마북동,용인마북신원아침도시,매매,103동,저/17,600000000,99.2,DOC,"주인거주로아주깨끗,입주협의",25.07.10,"['10년이내', '방네개이상', '화장실두개', '세대당1대']",남서향,19994667.33870968
경기도,용인시 기흥구,마북동,용인마북신원아침도시,매매,103동,중/17,590000000,99.2,DOC,"수납공간 우수, 깨끗한 아파트,주인거주",25.06.26,"['10년이내', '화장실두개', '방네개이상', '중층']",남동향,19661422.883064516
경기도,용인시 기흥구,마북동,용인마북신원아침도시,매매,102동,7/18,540000000,96.55,OWNER,"슬라이딩도어 확장, 최근도배.블라인드설치, 탁트인 산조망",25.07.15,"['10년이내', '방세개', '화장실두개', '중층']",남동향,18489113.412739515
경기도,용인시 기흥구,마북동,용인마북신원아침도시,매매,102동,고/18,540000000,96.55,OWNER,트인전망최상 단대후문 마북ic 대단지연구소초입 자차이용시교통편리,25.07.17,"['10년이내', '방세개', '화장실두개', '고층']",남동향,18489113.412739515
경기도,용인시 기흥구,마북동,용인마북신원아침도시,매매,102동,9/18,530000000,87.79,OWNER,입주협의  판상형구조  로얄동 로얄층  조망굿  분당접근편리,25.07.16,"['10년이내', '방세개', '화장실두개', '중층']",남동향,19957467.251395375
경기도,용인시 기흥구,마북동,용인마북신원아침도시,매매,102동,중/18,460000000,87.79,OWNER,"중문 ,집상태아주좋음 ,전망,햇살좋음,구조좋음,빠른입주가능",25.07.21,"['10년이내', '방세개', '화장실두개', '중층']",남동향,17321575.350267686
경기도,용인시 기흥구,마북동,용인마북신원아침도시,매매,102동,9/18,530000000,87.79,OWNER,"트인전망,주인거주,분당집입용이",25.07.14,"['10년이내', '방세개', '화장실두개', '중층']",남동향,19957467.251395375
경기도,용인시 기흥구,마북동,용인마북신원아침도시,전세,102동,8/18,330000000,87.79,DOC,"아주 깔끔하고 좋은 집,정상입주",25.07.21,"['10년이내', '방세개', '화장실두개', '중층']",남동향,12426347.533887686
경기도,용인시 기흥구,마북동,용인마북신원아침도시,매매,102동,중/18,520000000,87.79,OWNER,"26p,확장형,구조좋음,깨끗함7년차",25.07.14,"['10년이내', '방세개', '화장실두개', '중층']",남동향,19580911.26551999
경기도,용인시 기흥구,마북동,용인마북신원아침도시,매매,102동,17/18,530000000,87.79,OWNER,전세안고 단대후문 연구소초입 확장형 트인전망,25.07.08,"['10년이내', '방세개', '화장실두개', '고층']",남향,19957467.251395375
경기도,용인시 기흥구,마북동,용인마북신원아침도시,매매,103동,중/17,525000000,87.79,OWNER,시스템에어컨4대  키친핏냉장고장시공  천연벽지전체시공 화이트수리 주인거주,25.07.10,"['10년이내', '방세개', '화장실두개', '중층']",남서향,19769189.258457683
경기도,용인시 기흥구,마북동,용인마북신원아침도시,매매,102동,8/18,580000000,87.79,DOC,"입주가능,채광좋고 아주 깔끔한 집",25.07.02,"['10년이내', '방세개', '화장실두개', '중층']",남서향,21840247.180772297
경기도,용인시 기흥구,마북동,용인마북신원아침도시,매매,102동,고/18,480000000,87.79,DOC,일조량 전망 확보,25.06.28,"['10년이내', '방세개', '화장실두개', '고층']",남향,18074687.322018456
경기도,용인시 기흥구,마북동,용인마북신원아침도시,매매,102동,저/18,480000000,87.79,DOC,"햇빛밝은 이쁜 아파트,수납공간 우수,주인거주",25.06.26,"['10년이내', '화장실두개', '방세개', '세대당1대']",남서향,18074687.322018456
경기도,용인시 기흥구,마북동,용인마북신원아침도시,매매,103동,6/17,500000000,87.68,OWNER,고급진올수리 시스템에컨4대 빠른입주,25.07.17,"['10년이내', '올수리', '방세개', '화장실두개']",남향,18851419.936131388
경기도,용인시 기흥구,마북동,용인마북신원아침도시,매매,101동,저/15,500000000,87.68,OWNER,정상입주 단지뷰 예쁘고 깨끗하게 관리 잘된집,25.07.21,"['10년이내', '방세개', '화장실두개', '세대당1대']",남서향,18851419.936131388
경기도,용인시 기흥구,마북동,용인마북신원아침도시,매매,103동,16/17,520000000,87.68,OWNER,"전망굿,햇살좋은남향,수납우수,세안고",25.07.14,"['10년이내', '방세개', '화장실두개', '고층']",남서향,19605476.73357664
경기도,용인시 기흥구,마북동,용인마북신원아침도시,매매,101동,저/15,500000000,87.68,OWNER,"인테리어새로함,정상입주,분당,수지,동백나들목,시스템에어컨내장",25.07.14,"['10년이내', '방세개', '화장실두개', '세대당1대']",남서향,18851419.936131388
경기도,용인시 기흥구,마북동,용인마북신원아침도시,매매,101동,12/15,500000000,87.68,DOC,방2개확장 전망좋은집,25.07.09,"['10년이내', '방두개', '화장실두개', '고층']",남향,18851419.936131388
경기도,용인시 기흥구,마북동,용인마북신원아침도시,매매,102동,고/18,510000000,87.68,DOC,"전망좋은 고층,수납공간 우수",25.06.26,"['10년이내', '화장실두개', '방세개', '고층']",남서향,19228448.334854014
경기도,용인시 기흥구,마북동,용인마북신원아침도시,매매,101동,저/15,480000000,87.68,NONE,"급매,전세안고,아주깨끗,올확장,팬트리.줄눈,중문,전망굿",25.07.05,"['10년이내', '급매', '방세개', '화장실두개']",남서향,18097363.13868613
경기도,용인시 기흥구,마북동,용인센트레빌그리니에,전세,103동,15/16,550000000,177.73,S_VR,"복층형 펜트,넓은테라스,전원주택 전단계로 살아보기좋은곳",25.07.11,"['2년이내', '융자금없는', '테라스', '복층']",남향,10230021.662071683
경기도,용인시 기흥구,마북동,용인센트레빌그리니에,전세,101동,15/19,550000000,170.49,DOC,첫입주 탑층 시스템에어컨8대  테라스있음,25.07.10,"['2년이내', '테라스', '복층', '대형평수']",남향,10664448.06146988
경기도,용인시 기흥구,마북동,용인센트레빌그리니에,전세,101동,18/19,520000000,168.54,DOC,"복층형펜트하우스.옥외테라스,시스템에어컨8대. 최상옵션 첫입주",25.07.17,"['2년이내', '융자금없는', '테라스', '복층']",남향,10199407.855701912
경기도,용인시 기흥구,마북동,용인센트레빌그리니에,전세,101동,19/19,520000000,167.1,DOC,신축 최초입주 전망좋은 복층 아파트 임대,25.07.05,"['2년이내', '복층', '대형평수', '탑층']",남향,10287302.214242969
경기도,용인시 기흥구,마북동,용인센트레빌그리니에,매매,102동,고/19,740000000,107.72,OWNER,"협의가,세안고,신축,방4개,시에6대,수납공간우수,GTX구성역.플시배후지",25.07.14,"['2년이내', '방네개이상', '화장실두개', '고층']",남서향,22709625.88191608
경기도,용인시 기흥구,마북동,용인센트레빌그리니에,매매,102동,고/19,780000000,107.72,OWNER,신축. 풀옵션. 시스템에어컨 6대 . 햇살 가득하고 전망 좋음,25.06.26,"['2년이내', '방네개이상', '화장실두개', '고층']",남동향,23937173.226884518
경기도,용인시 기흥구,마북동,용인센트레빌그리니에,매매,101동,중/19,761500000,107.23,DOC,"로얄동 로얄층, 첫입주, 줄눈시공,탄성코트시공되어있음, 깨끗",25.07.08,"['2년이내', '방네개이상', '화장실두개', '중층']",남동향,23476221.929497343
경기도,용인시 기흥구,마북동,용인센트레빌그리니에,매매,102동,고/19,780000000,107.16,OWNER,신축. 뷰맛집. 풀옵션. 앞뒤 공기순환이 잘 돼요.,25.07.07,"['2년이내', '방네개이상', '화장실두개', '고층']",남서향,24062264.837625984
경기도,용인시 기흥구,마북동,용인센트레빌그리니에,전세,103동,15/16,550000000,107.11,DOC,"즉시입주,첫입주,시스템에어컨6대,인덕션,수납충분,확장형",25.06.26,"['2년이내', '방네개이상', '화장실두개', '고층']",남동향,16974901.969937447
경기도,용인시 기흥구,마북동,용인센트레빌그리니에,매매,101동,저/19,730000000,106.37,DOC,,25.07.15,"['2년이내', '방네개이상', '화장실두개', '세대당1대']",남향,22687064.491868008
경기도,용인시 기흥구,마북동,용화마을태영데시앙1,매매,104동,3/15,660000000,105.85,OWNER,"남향,기본집,해잘들음,정상입주가능,",25.07.21,"['25년이내', '방세개', '화장실두개', '세대당1대']",남향,20612358.05384979
경기도,용인시 기흥구,마북동,용화마을태영데시앙1,매매,106동,1/15,620000000,105.85,OWNER,입주시 일부 수리 됨 깨끗합니다,25.07.21,"['25년이내', '1층', '방세개', '화장실두개']",남향,19363124.232404348
경기도,용인시 기흥구,마북동,용화마을태영데시앙1,전세,106동,8/15,390000000,105.85,OWNER,"깨끗한 편임, 정남향, 해 잘듦, 생활편리",25.07.21,"['25년이내', '융자금없는', '방세개', '화장실두개']",남향,12180029.759093057
경기도,용인시 기흥구,마북동,용화마을태영데시앙1,매매,101동,1/15,635000000,105.85,OWNER,기본  방3개 편리한 동  LED 도배  하시가능 농협하나로마트 바로옆 ,25.07.21,"['25년이내', '1층', '방세개', '화장실두개']",남동향,19831586.91544639
경기도,용인시 기흥구,마북동,용화마을태영데시앙1,매매,104동,중/15,685000000,105.85,OWNER,"수리된 남향,해잘들고 조용하며 전세안고 매매 ,환하고 깨끗한 매물",25.07.21,"['25년이내', '방세개', '화장실두개', '중층']",남향,21393129.19225319
경기도,용인시 기흥구,마북동,용화마을태영데시앙1,매매,105동,1/15,630000000,105.85,OWNER,"정상입주,수리되고 남동향으로 환한집,깨끗함,구성,GTX역세권",25.07.14,"['25년이내', '1층', '방세개', '화장실두개']",남동향,19675432.687765706
경기도,용인시 기흥구,마북동,용화마을태영데시앙1,매매,104동,중/15,700000000,105.85,OWNER,정상입주,25.07.17,"['25년이내', '방세개', '화장실두개', '중층']",남향,21861591.87529523
경기도,용인시 기흥구,마북동,용화마을태영데시앙1,매매,102동,12/12,700000000,105.85,OWNER,｜32.｜정남향｜입주협의｜초중고 학세권｜생활편리｜가치투자｜,25.07.05,"['25년이내', '탑층', '방세개', '화장실두개']",남향,21861591.87529523
경기도,용인시 기흥구,마북동,용화마을태영데시앙1,매매,102동,4/12,640000000,105.85,OWNER,"급매,입주일 협의가능",25.07.04,"['25년이내', '급매', '방세개', '화장실두개']",남향,19987741.14312707
경기도,용인시 기흥구,마북동,용화마을태영데시앙1,매매,101동,중/15,700000000,105.85,OWNER,"구성역도보권으로 입지굿, 탄천로연결",25.07.10,"['25년이내', '방세개', '화장실두개', '중층']",남향,21861591.87529523
경기도,용인시 기흥구,마북동,용화마을태영데시앙1,매매,105동,중/15,720000000,105.85,DOC,전세안고 투자 수리된집 로얄동 층 라인 구성역 도보,25.06.26,"['25년이내', '방세개', '화장실두개', '중층']",남동향,22486208.786017954
경기도,용인시 기흥구,마북동,용화마을태영데시앙2,매매,203동,12/15,650000000,106.34,S_VR,"급매,올수리하여 주인이 거주중 전철가까움  채광좋음 ",25.07.14,"['25년이내', '올수리', '급매', '방세개']",남향,20206509.7799511
경기도,용인시 기흥구,마북동,용화마을태영데시앙2,매매,203동,2/15,630000000,106.34,OWNER,"구성역 도보권, 초.중.고 근접단지, 주인거주, 주변인프라 좋아요.",25.07.21,"['25년이내', '방세개', '화장실두개', '세대당1대']",남향,19584771.01749107
경기도,용인시 기흥구,마북동,용화마을태영데시앙2,매매,203동,5/15,700000000,106.34,OWNER,특올수리 컨디션 최상. 구성역세권.  IOT스마트관리시스템,25.07.19,"['25년이내', '올수리', '방세개', '화장실두개']",남향,21760856.686101187
경기도,용인시 기흥구,마북동,용화마을태영데시앙2,매매,201동,11/13,700000000,106.34,OWNER,특올수리.거실확장.주인거주,25.07.18,"['25년이내', '올수리', '방세개', '화장실두개']",남향,21760856.686101187
경기도,용인시 기흥구,마북동,용화마을태영데시앙2,매매,202동,9/15,670000000,106.34,OWNER,"8년전 화이트 올수리,주인거주 관리 깨끗 ,플랫폼시티 개발호재",25.07.17,"['25년이내', '올수리', '방세개', '화장실두개']",남서향,20828248.542411137
경기도,용인시 기흥구,마북동,용화마을태영데시앙2,매매,203동,1/15,600000000,106.34,OWNER,"수리된 남향, 조용한1층이며 하며 즉시입주,날짜조율모두가능",25.07.14,"['25년이내', '1층', '방세개', '화장실두개']",남동향,18652162.873801015
경기도,용인시 기흥구,마북동,용화마을태영데시앙2,매매,203동,6/15,690000000,106.34,OWNER,32 최근올수리 뷰최고 초등학교인접  정상입주 구성역도보가  대형마트바로,25.07.12,"['25년이내', '올수리', '대형평수', '방세개']",남향,21449987.304871168
경기도,용인시 기흥구,마북동,용화마을태영데시앙2,매매,203동,4/15,650000000,106.34,DOCV2,남향으로밝은집.세안고.구성역교통상권가까운아파트.,25.07.18,"['25년이내', '방세개', '화장실두개', '세대당1대']",남향,20206509.7799511
경기도,용인시 기흥구,마북동,용화마을태영데시앙2,전세,203동,중/15,400000000,106.34,OWNER,"올수리,조망굳,정남향,빠른입주 가능",25.07.17,"['25년이내', '융자금없는', '올수리', '방세개']",남향,12434775.249200677
경기도,용인시 기흥구,마북동,용화마을태영데시앙2,매매,202동,12/15,750000000,106.34,OWNER,,25.07.02,"['25년이내', '방세개', '화장실두개', '고층']",남서향,23315203.59225127
경기도,용인시 기흥구,마북동,용화마을태영데시앙2,매매,202동,7/15,650000000,106.34,OWNER,"주인거주,초중고인근,GTX구성역호재,농협하나로",25.06.30,"['25년이내', '방세개', '화장실두개', '중층']",남서향,20206509.7799511
경기도,용인시 기흥구,마북동,용화마을태영데시앙2,매매,203동,11/15,630000000,106.34,OWNER,"깨끗,전세안고",25.06.26,"['25년이내', '방세개', '화장실두개', '고층']",남향,19584771.01749107
경기도,용인시 기흥구,마북동,용화마을태영데시앙2,매매,203동,11/15,650000000,106.34,NONE,현제전세상태임.명도2개월내,25.07.11,"['25년이내', '방세개', '화장실두개', '고층']",남동향,20206509.7799511
경기도,용인시 기흥구,마북동,용화마을태영데시앙2,매매,203동,12/15,680000000,106.34,NONE,이사일협의편해요 올수리로아주깨끗,25.06.27,"['25년이내', '올수리', '방세개', '화장실두개']",남동향,21139117.92364115
경기도,용인시 기흥구,마북동,이룸그랑쥬테(도시형),매매,1동,저/8,260000000,63.72,NDOC1,"주인거주로 깨끗, 도시형아파트",25.07.14,"['10년이내', '방세개', '화장실두개', '주차가능']",남동향,13488764.908976775
경기도,용인시 기흥구,마북동,이룸그랑쥬테(도시형),매매,1동,3/8,300000000,63.72,OWNER,준신축 깨끗 엘베 주차 씨스템ac 유치원 초등교 마트인접,25.07.05,"['10년이내', '방두개', '화장실한개', '중층']",남동향,15563959.510357818
경기도,용인시 기흥구,마북동,포레스테이,매매,1동,7/10,380000000,52.27,DOC,투자물건 세안고 구성역  GTX개통,25.07.09,"['4년이내', '소형평수', '방세개', '화장실한개']",남동향,24032873.54122824
경기도,용인시 기흥구,마북동,포레스테이,매매,1동,7/10,380000000,52.27,NONE,강력추천 초급매 전세끼고 실투자 9천,25.07.14,"['4년이내', '급매', '소형평수', '방세개']",남동향,24032873.54122824
경기도,용인시 기흥구,마북동,포레스테이,매매,1동,고/10,350000000,51.09,OWNER,,25.07.21,"['4년이내', '소형평수', '방두개', '화장실한개']",남동향,22646794.871794872
경기도,용인시 기흥구,마북동,포레스테이,매매,1동,10/10,490000000,48.77,OWNER,펜트하우스 복층 테라스 한성골프장뷰 세안고,25.06.30,"['4년이내', '테라스', '복층', '소형평수']",남서향,33213751.28152553
경기도,용인시 기흥구,마북동,플랫폼시티아이브(도시형),매매,1동,8/8,230000000,29.44,OWNER,세안고 갭투자용 복층형 GTX구성역세권,25.07.21,"['10년이내', '복층', '소형평수', '탑층']",남향,25826445.3125
경기도,용인시 기흥구,마북동,플랫폼시티아이브(도시형),매매,1동,8/8,180000000,27.45,OWNER,전망좋은 풀옵션 복층 도시형아파트,25.07.07,"['10년이내', '복층', '소형평수', '탑층']",남서향,21677278.688524593
경기도,용인시 기흥구,마북동,플랫폼시티아이브(도시형),월세,1동,8/8,"1,000/80",27.45,OWNER,조망좋은 풀옵션 복층 오피스텔,25.07.07,"['10년이내', '융자금없는', '복층', '소형평수']",남서향,
경기도,용인시 기흥구,마북동,플랫폼시티아이브(도시형),월세,1동,8/8,"1,000/80",27.45,NONE,"빠른입주가능,복층,풀옵션",25.07.07,"['10년이내', '융자금없는', '복층', '소형평수']",남서향,
경기도,용인시 기흥구,마북동,플랫폼시티아이브(도시형),전세,1동,7/8,160000000,23.66,OWNER,신축급 복층  구성역 도보가능  입주협의,25.07.14,"['10년이내', '융자금없는', '복층', '필로티']",남서향,22355266.272189353
경기도,용인시 기흥구,마북동,플랫폼시티아이브(도시형),매매,1동,7/8,170000000,23.66,OWNER,구성역 GTX 호재 투자물건 복증 전망굿,25.06.24,"['10년이내', '복층', '필로티', '소형평수']",남서향,23752470.414201185
경기도,용인시 기흥구,마북동,플랫폼시티아이브(도시형),매매,1동,8/8,180000000,22.57,OWNER,"소액투자, 복층형, 플옵션, 임대사업자승계",25.07.17,"['10년이내', '복층', '소형평수', '탑층']",동향,26364257.8644218
경기도,용인시 기흥구,마북동,플랫폼시티아이브(도시형),매매,1동,7/8,190000000,22.57,DOC,입주 풀옵션 복층 뷰나오는 집,25.07.17,"['10년이내', '복층', '필로티', '소형평수']",서향,27828938.856889676
경기도,용인시 기흥구,마북동,플랫폼시티아이브(도시형),매매,1동,7/8,160000000,22.57,OWNER,"세안고, 전망좋음, 복층형, 풀옵션",25.06.30,"['10년이내', '복층', '필로티', '소형평수']",서향,23434895.879486047
경기도,용인시 기흥구,마북동,플랫폼시티아이브(도시형),전세,1동,8/8,170000000,22.57,OWNER,"구성역세권,즉시입주,복층",25.06.30,"['10년이내', '융자금없는', '복층', '소형평수']",서향,24899576.87195392
경기도,용인시 기흥구,마북동,플랫폼시티아이브(도시형),매매,1동,8/8,180000000,22.57,OWNER,"구성역도보7분,풀옵션,복층,즉시입주가능",25.06.30,"['10년이내', '복층', '소형평수', '탑층']",서향,26364257.8644218
경기도,용인시 기흥구,마북동,플랫폼시티아이브(도시형),매매,1동,7/8,210000000,22.57,DOC,"뷰 좋은 호실, 복층형, 풀옵션, 25년3월중 입주가능",25.07.11,"['10년이내', '복층', '필로티', '소형평수']",남서향,30758300.841825437
경기도,용인시 기흥구,마북동,플랫폼시티아이브(도시형),매매,1동,7/8,160000000,22.57,OWNER,복층 세안고 투자  구성역 플렛폼시티  전망좋아요,25.06.24,"['10년이내', '복층', '필로티', '소형평수']",남서향,23434895.879486047
경기도,용인시 기흥구,마북동,플랫폼시티아이브(도시형),월세,1동,7/8,"1,000/80",22.57,DOC,복층 풀옵션 따뜻 융무 깨끗,25.06.26,"['10년이내', '복층', '필로티', '소형평수']",서향,
경기도,용인시 기흥구,마북동,플랫폼시티아이브(도시형),매매,1동,8/8,180000000,22.57,NONE,복층형 플랫폼시티최대수혜및GTX구성더블초역세권 탑층 층간소음X 입주일협의,25.07.16,"['10년이내', '복층', '소형평수', '탑층']",서향,26364257.8644218
경기도,용인시 기흥구,보라동,기흥선비마을삼정,매매,101동,6/18,355000000,107.97,OWNER,급매 빠른입주  교통편리  중심상가 인접 생활편리,25.07.19,"['25년이상', '급매', '방세개', '화장실두개']",남향,10869256.969528574
경기도,용인시 기흥구,보라동,기흥선비마을삼정,매매,101동,13/18,420000000,107.97,OWNER,"샷시제외 전체 수리, 정남향,  중심상권 가까워 생활편리",25.07.18,"['25년이상', '방세개', '화장실두개', '고층']",남향,12859402.611836623
경기도,용인시 기흥구,보라동,기흥선비마을삼정,매매,101동,17/18,360000000,107.97,OWNER,9월협의가능 거실확장형 수리되어 상태 깔끔 중심상가 이용편리,25.07.18,"['25년이상', '방세개', '화장실두개', '고층']",남향,11022345.095859963
경기도,용인시 기흥구,보라동,기흥선비마을삼정,매매,103동,6/18,360000000,107.97,OWNER,"실내 화이트톤으로 인테리어, 전망 좋은 집이에요",25.07.16,"['25년이상', '방세개', '화장실두개', '저층']",남향,11022345.095859963
경기도,용인시 기흥구,보라동,기흥선비마을삼정,매매,101동,3/18,370000000,107.97,DOC,주인거주하여 입주일은 협의 가능합니다,25.07.14,"['25년이상', '방세개', '화장실두개', '주차가능']",남향,11328521.34852274
경기도,용인시 기흥구,보라동,기흥선비마을삼정,매매,101동,9/18,360000000,107.97,OWNER,남향 전망좋음 세안고나 입주협의  전체화이트 올수리 조건협의가능 ,25.07.02,"['25년이상', '올수리', '방세개', '화장실두개']",남향,11022345.095859963
경기도,용인시 기흥구,보라동,기흥선비마을삼정,매매,101동,고/18,370000000,107.97,DOC,"교통편리,중심상권접근성좋아요",25.07.05,"['25년이상', '방세개', '화장실두개', '고층']",남향,11328521.34852274
경기도,용인시 기흥구,보라동,기흥선비마을삼정,매매,101동,저/18,350000000,107.97,OWNER,"정남향, 판상형, 기반 시설 이용 편리한 단지, 입주일 협의",25.06.24,"['25년이상', '방세개', '화장실두개', '저층']",남향,10716168.843197184
경기도,용인시 기흥구,보라동,기흥선비마을삼정,매매,101동,17/18,355000000,107.97,DOC,채광아주 좋으며 상권이용 좋은 단지입니다 입주일은 협의가능해요,25.06.25,"['25년이상', '방세개', '화장실두개', '고층']",남향,10869256.969528574
경기도,용인시 기흥구,보라동,기흥선비마을삼정,매매,102동,4/20,295000000,80.44,OWNER,"남향,실거주자 가성비 좋은 아파트",25.07.16,"['25년이상', '방세개', '화장실한개', '저층']",남향,12123403.468423672
경기도,용인시 기흥구,보라동,기흥선비마을삼정,매매,102동,19/20,330000000,80.44,NDOC1,수리됨 남향 이사협의,25.07.08,"['25년이상', '방세개', '화장실한개', '고층']",남향,13561773.371456988
경기도,용인시 기흥구,보라동,기흥선비마을삼정,매매,102동,고/20,320000000,80.44,OWNER,"확장형,  입주일 협의 가능,  인테리어  및 보일러 교체",25.07.02,"['25년이상', '보일러교체', '방세개', '화장실한개']",동향,13150810.542018898
경기도,용인시 기흥구,보라동,기흥선비마을삼정,월세,102동,19/20,"1억 3,000/30",80.44,NONE,"씽크대 교체 등 일부 수리됨, 정남향",25.07.08,"['25년이상', '방세개', '화장실한개', '고층']",남향,
경기도,용인시 기흥구,보라동,기흥선비마을삼정,매매,102동,3/20,370000000,80.44,NONE,올수리됨(입주빨리도됨),25.07.06,"['25년이상', '올수리', '방세개', '화장실한개']",동향,15205624.689209351
경기도,용인시 기흥구,보라동,기흥선비마을삼정,전세,102동,3/20,270000000,80.44,NONE,수리되어깨끗함(빠른입주도가능),25.07.06,"['25년이상', '융자금없는', '방세개', '화장실한개']",동향,11095996.394828444
경기도,용인시 기흥구,보라동,민속마을신창미션힐,매매,207동,3/20,530000000,210.06,DOCV2,"정남향, 정원뷰,로얄동,초학세권,집상태 깨끗함",25.07.15,"['25년이내', '대형평수', '방네개이상', '화장실두개']",남향,8340788.584214034
경기도,용인시 기흥구,보라동,민속마을신창미션힐,매매,208동,15/20,550000000,210.06,DOC,수리되고  입주정상,25.07.19,"['25년이내', '대형평수', '방네개이상', '화장실두개']",남동향,8655535.32324098
경기도,용인시 기흥구,보라동,민속마을신창미션힐,매매,207동,고/20,500000000,210.06,DOC,확장,25.07.18,"['25년이내', '대형평수', '방네개이상', '화장실두개']",남향,7868668.475673617
경기도,용인시 기흥구,보라동,민속마을신창미션힐,매매,207동,중/20,490000000,210.06,DOC,수리되고 전만좋음,25.07.14,"['25년이내', '대형평수', '방네개이상', '화장실두개']",남향,7711295.106160145
경기도,용인시 기흥구,보라동,민속마을신창미션힐,매매,207동,15/20,550000000,210.06,DOC," 한샘으로 올인테리어 37,000만원 전세안고 2025년5월 초 만기",25.07.08,"['25년이내', '대형평수', '방네개이상', '화장실두개']",남향,8655535.32324098
경기도,용인시 기흥구,보라동,민속마을신창미션힐,매매,208동,중/20,530000000,210.06,DOCV2,깨끗하게 관리된 기본집,25.07.08,"['25년이내', '대형평수', '방네개이상', '화장실두개']",남향,8340788.584214034
경기도,용인시 기흥구,보라동,민속마을신창미션힐,매매,207동,고/20,500000000,210.06,DOC,"최고 인기동 로열층 이며 일부 수리, 잔금전 인테리어 가능",25.07.10,"['25년이내', '대형평수', '방네개이상', '화장실두개']",남향,7868668.475673617
경기도,용인시 기흥구,보라동,민속마을신창미션힐,매매,213동,1/20,430000000,187.45,OWNER,56.산이 보이는 조용한 집. 넓은 텃밭.입주시부터 지금까지 살고 있음,25.07.17,"['25년이내', '1층', '대형평수', '방네개이상']",남동향,7583289.143771673
경기도,용인시 기흥구,보라동,민속마을신창미션힐,매매,213동,5/20,450000000,187.45,DOCV2,"집주인 거주중으로 정말 깨끗하게 관리가 잘 됨, 앞이 막힘없이 트인조망",25.07.15,"['25년이내', '대형평수', '방네개이상', '화장실두개']",남동향,7936000.266737798
경기도,용인시 기흥구,보라동,민속마을신창미션힐,매매,206동,3/20,500000000,187.45,DOC,남향 전망좋아요,25.07.14,"['25년이내', '대형평수', '방네개이상', '화장실두개']",남향,8817778.074153109
경기도,용인시 기흥구,보라동,민속마을신창미션힐,매매,205동,10/20,480000000,187.45,DOCV2,"일부수리되고, 주인거주라 깨끗하게 관리 잘되어 있습니다.",25.07.08,"['25년이내', '대형평수', '방네개이상', '화장실두개']",남향,8465066.951186985
경기도,용인시 기흥구,보라동,민속마을신창미션힐,전세,213동,1/20,340000000,187.45,DOC,"부분 수리하여 깨끗해요, 정원 전망 나와요",25.07.12,"['25년이내', '마당', '1층', '대형평수']",남향,5996089.090424114
경기도,용인시 기흥구,보라동,민속마을신창미션힐,매매,213동,9/20,500000000,187.45,DOC,"거실, 주방, 화장실 리모델링,  산이 보이는 예쁜집",25.07.10,"['25년이내', '대형평수', '방네개이상', '화장실두개']",남동향,8817778.074153109
경기도,용인시 기흥구,보라동,민속마을신창미션힐,매매,213동,2/20,470000000,187.45,DOC,"급매, 올수리되어 아주 깨끗 정원 전망",25.07.10,"['25년이내', '올수리', '마당', '급매']",남동향,8288711.389703922
경기도,용인시 기흥구,보라동,민속마을신창미션힐,매매,206동,중/20,450000000,187.45,DOC,"급매 멋진 산전망의 정남향  최고인기동 로열층,  세안고도  가능",25.07.15,"['25년이내', '급매', '대형평수', '방네개이상']",남향,7936000.266737798
경기도,용인시 기흥구,보라동,민속마을신창미션힐,매매,205동,고/20,460000000,187.45,DOCV2,채광 매우좋음  수리되어  아주 깨끗한집,25.07.08,"['25년이내', '대형평수', '방네개이상', '화장실두개']",남향,8112355.82822086
경기도,용인시 기흥구,보라동,민속마을신창미션힐,매매,213동,중/20,530000000,187.45,DOCV2,"전망좋고, 샷시까지 올수리된 기가막힌집이예요.",25.07.08,"['25년이내', '올수리', '대형평수', '방네개이상']",남향,9346844.758602295
경기도,용인시 기흥구,보라동,민속마을신창미션힐,매매,213동,저/20,460000000,187.45,DOC,"일부수리됨, 입주협의",25.07.12,"['25년이내', '대형평수', '방네개이상', '화장실두개']",남동향,8112355.82822086
경기도,용인시 기흥구,보라동,민속마을신창미션힐,매매,205동,6/20,490000000,187.45,DOC,입주 정상 전망 멋짐,25.07.05,"['25년이내', '대형평수', '방네개이상', '화장실두개']",남향,8641422.512670046
경기도,용인시 기흥구,보라동,민속마을신창미션힐,매매,205동,중/20,500000000,187.45,DOC,"주방, 화장실 등 일부수리되고 깨끗하게 관리된 집",25.07.10,"['25년이내', '대형평수', '방네개이상', '화장실두개']",남향,8817778.074153109
경기도,용인시 기흥구,보라동,민속마을신창미션힐,매매,213동,10/20,500000000,187.45,DOC,"집상태 깨끗,뷰 좋아요",25.07.03,"['25년이내', '대형평수', '방네개이상', '화장실두개']",남동향,8817778.074153109
경기도,용인시 기흥구,보라동,민속마을신창미션힐,매매,206동,16/20,490000000,187.45,DOCV2,로얄동으로 산전망 나옵니다. 부분수리되어 깨끗,25.06.28,"['25년이내', '대형평수', '방네개이상', '화장실두개']",남향,8641422.512670046
경기도,용인시 기흥구,보라동,민속마을신창미션힐,매매,213동,저/20,440000000,187.45,DOC,화장실  싱크대 LED교체  벽지 아주깨끗,25.07.08,"['25년이내', '대형평수', '방네개이상', '화장실두개']",남동향,7759644.705254736
경기도,용인시 기흥구,보라동,민속마을신창미션힐,매매,205동,중/20,450000000,187.45,DOC,입구동  남향 세안고,25.07.08,"['25년이내', '대형평수', '방네개이상', '화장실두개']",남서향,7936000.266737798
경기도,용인시 기흥구,보라동,민속마을신창미션힐,매매,213동,저/20,440000000,187.45,DOC,"부분수리됨, 세안고 천천히 들어오실분",25.06.28,"['25년이내', '대형평수', '방네개이상', '화장실두개']",남동향,7759644.705254736
경기도,용인시 기흥구,보라동,민속마을신창미션힐,매매,213동,고/20,450000000,187.45,DOC,"그림같은 전망 나와요, 천천히 입주하실분",25.06.26,"['25년이내', '대형평수', '방네개이상', '화장실두개']",남향,7936000.266737798
경기도,용인시 기흥구,보라동,민속마을신창미션힐,매매,213동,1/20,430000000,187.45,NONE,1층  기본형  정원 입주일 협의가능 ,25.07.18,"['25년이내', '마당', '1층', '대형평수']",남동향,7583289.143771673
경기도,용인시 기흥구,보라동,민속마을신창미션힐,전세,213동,1/20,340000000,187.45,NONE,"소음걱정없는 1층, 수리되어 깨끗하며 전원주택같은집 ",25.06.24,"['25년이내', '1층', '대형평수', '방네개이상']",남동향,5996089.090424114
경기도,용인시 기흥구,보라동,민속마을신창미션힐,전세,202동,20/20,300000000,154.06,DOC,전망좋은 남향집입니다.날짜협의해요.,25.07.21,"['25년이내', '융자금없는', '대형평수', '탑층']",남향,6437332.857328313
경기도,용인시 기흥구,보라동,민속마을신창미션힐,매매,202동,2/20,440000000,154.06,DOC,입구동  필로티 1층형  빠른입주도 가능,25.07.19,"['25년이내', '필로티', '대형평수', '방네개이상']",남향,9441421.524081528
경기도,용인시 기흥구,보라동,민속마을신창미션힐,매매,202동,17/20,470000000,154.06,DOC,입주일협의가능합니다. ,25.07.18,"['25년이내', '대형평수', '방네개이상', '화장실두개']",남향,10085154.809814358
경기도,용인시 기흥구,보라동,민속마을신창미션힐,매매,201동,저/20,500000000,154.06,DOCV2,"최근 올수리된 집, 정남향이며,  편리한 입구동입니다.",25.07.19,"['25년이내', '올수리', '대형평수', '방네개이상']",남향,10728888.09554719
경기도,용인시 기흥구,보라동,민속마을신창미션힐,매매,201동,고/20,500000000,154.06,DOCV2,"햇살 가득 정남향, 입구동으로 편리,  방3개 확장, 일부수리",25.07.19,"['25년이내', '대형평수', '방세개', '화장실두개']",남향,10728888.09554719
경기도,용인시 기흥구,보라동,민속마을신창미션힐,매매,210동,17/17,430000000,154.06,DOC,"방2개 확장, 산전망나오고 깨끗하게 관리 잘된 집",25.07.15,"['25년이내', '대형평수', '탑층', '방두개']",남향,9226843.762170583
경기도,용인시 기흥구,보라동,민속마을신창미션힐,월세,203동,고/20,"2,500/135",154.06,DOCV2,"정남향, 입구동이라 생활 편리하고 깨끗하게 관리 잘됨",25.07.15,"['25년이내', '대형평수', '방네개이상', '화장실두개']",남향,
경기도,용인시 기흥구,보라동,민속마을신창미션힐,매매,201동,고/20,460000000,154.06,DOC,"싱크대 욕실  수리잘됨,입구동.입주정상  협의",25.07.18,"['25년이내', '욕실수리', '대형평수', '방네개이상']",남향,9870577.047903415
경기도,용인시 기흥구,보라동,민속마을신창미션힐,매매,202동,5/20,470000000,154.06,DOCV2,"싱크대, 욕실등 일부수리됨, 정문과 가까운 로얄동입니다, 세안고 매매",25.07.05,"['25년이내', '대형평수', '방네개이상', '화장실두개']",남향,10085154.809814358
경기도,용인시 기흥구,보라동,민속마을신창미션힐,매매,202동,20/20,440000000,154.06,DOC,전망좋은 남향집입니다.날짜협의해요.,25.07.09,"['25년이내', '대형평수', '탑층', '방네개이상']",남향,9441421.524081528
경기도,용인시 기흥구,보라동,민속마을신창미션힐,매매,203동,20/20,415000000,154.06,DOC,탑층 남향 일부수리 아주깨끗 입주일협의가능,25.07.08,"['25년이내', '대형평수', '탑층', '방네개이상']",남향,8904977.119304167
경기도,용인시 기흥구,보라동,민속마을신창미션힐,매매,203동,중/20,460000000,154.06,DOC,"관리잘된집,정상",25.07.14,"['25년이내', '대형평수', '방네개이상', '화장실두개']",남향,9870577.047903415
경기도,용인시 기흥구,보라동,민속마을신창미션힐,매매,203동,중/20,500000000,154.06,DOC,샷시까지  올수리 컨디션 최상인집입니다.  정남향으로 하루종일 해들어요.,25.07.10,"['25년이내', '올수리', '대형평수', '방네개이상']",남향,10728888.09554719
경기도,용인시 기흥구,보라동,민속마을신창미션힐,매매,210동,저/17,430000000,154.06,DOCV2,"싱크대,  도배, 장판 교체,  일부 수리되어 깨끗합니다.",25.07.05,"['25년이내', '대형평수', '방네개이상', '화장실두개']",남향,9226843.762170583
경기도,용인시 기흥구,보라동,민속마을신창미션힐,매매,203동,저/20,500000000,154.06,DOCV2,"주방 리모델링, 도배, 전등교체 전체적으로 수리해서 깨끗함",25.07.04,"['25년이내', '대형평수', '방네개이상', '화장실두개']",남향,10728888.09554719
경기도,용인시 기흥구,보라동,민속마을신창미션힐,매매,203동,중/20,440000000,154.06,DOC,급매 남향   올수리특   입주정상,25.07.08,"['25년이내', '올수리', '급매', '대형평수']",남향,9441421.524081528
경기도,용인시 기흥구,보라동,민속마을신창미션힐,매매,210동,6/17,395000000,154.06,DOC,"급매, 계약후 수리가능함",25.07.01,"['25년이내', '급매', '대형평수', '방네개이상']",남동향,8475821.59548228
경기도,용인시 기흥구,보라동,민속마을신창미션힐,매매,202동,고/20,580000000,154.06,DOC,"최근샷시까지특올수리,입주또는주인전세4억안고가능,지하주차장연결,밝고환한집",25.07.08,"['25년이내', '올수리', '대형평수', '방네개이상']",남향,12445510.19083474
경기도,용인시 기흥구,보라동,민속마을신창미션힐,전세,210동,고/17,350000000,154.06,DOC,"멋진 산뷰 나오고, 일부 수리되어  깨끗한 집, 입주일 협의해요",25.07.05,"['25년이내', '대형평수', '방네개이상', '화장실두개']",남향,7510221.666883033
경기도,용인시 기흥구,보라동,민속마을신창미션힐,전세,210동,중/17,310000000,154.06,DOC,"수리되어 깨끗, 산전망",25.07.05,"['25년이내', '대형평수', '방네개이상', '화장실두개']",남동향,6651910.619239258
경기도,용인시 기흥구,보라동,민속마을신창미션힐,매매,202동,고/20,450000000,154.06,DOC,입주 정상 기본집,25.06.30,"['25년이내', '대형평수', '방네개이상', '화장실두개']",남향,9655999.285992472
경기도,용인시 기흥구,보라동,민속마을신창미션힐,매매,201동,중/20,440000000,154.06,DOC,"급매 입니다, 입구동 일부수리됨",25.06.27,"['25년이내', '급매', '대형평수', '방네개이상']",남향,9441421.524081528
경기도,용인시 기흥구,보라동,민속마을신창미션힐,월세,210동,저/17,"5,000/140",154.06,NONE,빠른입주가능  기본형 ,25.07.17,"['25년이내', '대형평수', '방네개이상', '화장실두개']",남동향,
경기도,용인시 기흥구,보라동,민속마을신창미션힐,매매,203동,20/20,415000000,154.06,NONE,탑층 남향 일부수리 아주깨끗 입주일협의가능,25.07.15,"['25년이내', '대형평수', '탑층', '방네개이상']",남향,8904977.119304167
경기도,용인시 기흥구,보라동,민속마을신창미션힐,매매,202동,20/20,440000000,154.06,NONE,"26.6.하순 3.3억 전세안고, 탑층, 싱크대교체 등 일부수리 깨끗한집",25.07.11,"['25년이내', '주방교체', '대형평수', '탑층']",남향,9441421.524081528
경기도,용인시 기흥구,보라동,민속마을신창미션힐,매매,203동,고/20,405000000,154.06,NONE,관리잘된 깨끗하고 전망좋은집 추천드림,25.06.28,"['25년이내', '대형평수', '방네개이상', '화장실두개']",남향,8690399.357393224
경기도,용인시 기흥구,보라동,민속마을신창미션힐,매매,204동,고/20,390000000,114.91,DOCV2,"편리한 입구동으로 싱크대, 도배 장판 등 일부수리되어 깨끗하게 관리",25.07.19,"['25년이내', '방세개', '화장실두개', '고층']",남향,11219703.681141764
경기도,용인시 기흥구,보라동,민속마을신창미션힐,매매,211동,13/20,400000000,114.91,DOCV2,"일부 확장수리되고 깨끗하게 관리된 집, 세안고 매매합니다.",25.07.09,"['25년이내', '방세개', '화장실두개', '중층']",남서향,11507388.39091463
경기도,용인시 기흥구,보라동,민속마을신창미션힐,매매,214동,10/18,400000000,114.91,DOC,"올수리되어 아주 깨끗하며, 멋진 산전망",25.07.12,"['25년이내', '올수리', '방세개', '화장실두개']",남서향,11507388.39091463
경기도,용인시 기흥구,보라동,민속마을신창미션힐,매매,209동,고/17,415000000,114.91,DOC,확장 일부수리됨,25.07.18,"['25년이내', '방세개', '화장실두개', '고층']",남동향,11938915.455573928
경기도,용인시 기흥구,보라동,민속마을신창미션힐,매매,211동,6/20,400000000,114.91,DOC,"화이트톤으로 수리되어  깨끗, 채광 및 전망 굿",25.07.10,"['25년이내', '방세개', '화장실두개', '세대당 1.5대이상']",남서향,11507388.39091463
경기도,용인시 기흥구,보라동,민속마을신창미션힐,매매,204동,14/20,430000000,114.91,DOCV2,"부분수리, 관리잘되어 깨끗한집, 편리한 입구동",25.07.05,"['25년이내', '방세개', '화장실두개', '고층']",남향,12370442.520233227
경기도,용인시 기흥구,보라동,민속마을신창미션힐,매매,209동,9/17,450000000,114.91,DOCV2,화이트 올인테리어    넘 예쁜집,25.06.28,"['25년이내', '방세개', '화장실두개', '중층']",남동향,12945811.93977896
경기도,용인시 기흥구,보라동,민속마을신창미션힐,매매,204동,중/20,430000000,114.91,DOC,"거실확장등 일부수리,  입구동이라 편리, 주인거주중으로 입주일 협의해요",25.07.03,"['25년이내', '방세개', '화장실두개', '중층']",남향,12370442.520233227
경기도,용인시 기흥구,보라동,민속마을신창미션힐,전세,209동,중/17,330000000,114.91,DOCV2,화이트 올 인테리어  확장 너무예쁜집  ,25.06.28,"['25년이내', '융자금없는', '방세개', '화장실두개']",남동향,9493595.42250457
경기도,용인시 기흥구,보라동,민속마을신창미션힐,매매,211동,중/20,420000000,114.91,DOCV2,부분수리  채광굿  주인거주,25.06.27,"['25년이내', '방세개', '화장실두개', '중층']",북서향,12082757.81046036
경기도,용인시 기흥구,보라동,민속마을신창미션힐,매매,211동,중/20,380000000,114.91,DOC,깨끗하게 관리잘된집,25.07.01,"['25년이내', '방세개', '화장실두개', '중층']",남서향,10932018.9713689
경기도,용인시 기흥구,보라동,민속마을신창미션힐,매매,209동,저/17,370000000,114.91,DOC,리모델링하여 집 컨디션 좋아요,25.07.01,"['25년이내', '방세개', '화장실두개', '세대당 1.5대이상']",남향,10644334.261596031
경기도,용인시 기흥구,보라동,민속마을신창미션힐,매매,211동,12/20,385000000,114.91,DOC,"확 트인 전망,  세안고",25.06.24,"['25년이내', '방세개', '화장실두개', '중층']",남서향,11075861.32625533
경기도,용인시 기흥구,보라동,민속마을신창미션힐,매매,211동,고/20,400000000,114.91,DOC,입주일 협의해요,25.06.26,"['25년이내', '방세개', '화장실두개', '고층']",남서향,11507388.39091463
경기도,용인시 기흥구,보라동,민속마을신창미션힐,매매,211동,중/20,400000000,114.91,DOC,수리되고 확 트인 전망,25.06.25,"['25년이내', '방세개', '화장실두개', '중층']",남서향,11507388.39091463
경기도,용인시 기흥구,보라동,민속마을신창미션힐,매매,211동,13/20,400000000,114.91,NONE,수리 화이트 입주협의,25.07.19,"['25년이내', '방세개', '화장실두개', '중층']",남서향,11507388.39091463
경기도,용인시 기흥구,보라동,민속마을신창미션힐,매매,214동,10/18,400000000,114.91,NONE,"올수리 화이트, 확 트인 전망",25.07.19,"['25년이내', '올수리', '방세개', '화장실두개']",남서향,11507388.39091463
경기도,용인시 기흥구,보라동,민속마을쌍용,전세,114동,17/20,400000000,196.29,OWNER,"입주협의,융자금없음,탁 트인 최고의 전망 로얄동,일조량풍부,아주깨끗",25.07.18,"['25년이내', '융자금없는', '대단지', '화장실두개']",남서향,6736532.681236946
경기도,용인시 기흥구,보라동,민속마을쌍용,매매,114동,고/20,630000000,196.29,OWNER,"입주협의,탁트인 전망 로얄동,일조량풍부,조용하고 공기 좋음",25.07.21,"['25년이내', '대단지', '화장실두개', '대형평수']",남서향,10610038.97294819
경기도,용인시 기흥구,보라동,민속마을쌍용,전세,111동,18/20,450000000,196.29,DOC,"전망좋고 일조량 좋은 정남향집이며,입주일은 협의가능합니다. ",25.07.19,"['25년이내', '대단지', '대형평수', '방네개이상']",남향,7578599.266391563
경기도,용인시 기흥구,보라동,민속마을쌍용,매매,114동,저/20,600000000,196.29,OWNER,수리깨끗 조용하고 쾌적한 정남향으로  전망 조망 채광굿 빠른입주,25.07.15,"['25년이내', '대단지', '대형평수', '방네개이상']",남향,10104799.02185542
경기도,용인시 기흥구,보라동,민속마을쌍용,매매,111동,12/20,600000000,196.29,DOC,"확트인뷰,중심상권도보이용가능함,전체올수리",25.07.18,"['25년이내', '올수리', '대단지', '대형평수']",남향,10104799.02185542
경기도,용인시 기흥구,보라동,민속마을쌍용,매매,111동,5/20,560000000,196.29,DOC,급매  최고의전망이며 실내도 깨끗  10월말입주가능,25.07.18,"['25년이내', '대단지', '급매', '대형평수']",남향,9431145.753731724
경기도,용인시 기흥구,보라동,민속마을쌍용,매매,111동,17/20,570000000,196.29,DOC,"멋진 산전망, 언제나 입주 가능하며  잔금전 인테리어 가능",25.07.18,"['25년이내', '대단지', '대형평수', '방네개이상']",남향,9599559.070762647
경기도,용인시 기흥구,보라동,민속마을쌍용,매매,111동,8/20,570000000,196.29,DOC,최고의전망이며 실내도 깨끗한 기본형  입주일은  협의가능,25.07.16,"['25년이내', '대단지', '대형평수', '방네개이상']",남향,9599559.070762647
경기도,용인시 기흥구,보라동,민속마을쌍용,매매,111동,1/20,510000000,196.29,DOC,"아이들이 마음껏 뛰어놀수 있는 1층,  정원 전망",25.07.15,"['25년이내', '마당', '대단지', '1층']",남향,8589079.168577107
경기도,용인시 기흥구,보라동,민속마을쌍용,매매,114동,16/20,630000000,196.29,DOC,최고의 전망과  실내도 아주깨끗  정상입주,25.07.15,"['25년이내', '대단지', '대형평수', '방네개이상']",남향,10610038.97294819
경기도,용인시 기흥구,보라동,민속마을쌍용,매매,111동,12/20,590000000,196.29,DOC,,25.07.15,"['25년이내', '대단지', '대형평수', '방네개이상']",남향,9936385.704824494
경기도,용인시 기흥구,보라동,민속마을쌍용,전세,111동,12/20,500000000,196.29,DOC,"올화이트 올수리,뷰 정말 좋아요.",25.07.12,"['25년이내', '올수리', '대단지', '대형평수']",남향,8420665.851546183
경기도,용인시 기흥구,보라동,민속마을쌍용,매매,114동,중/20,600000000,196.29,DOC,"막힘없는 뷰,  부분수리되어  깨끗합니다.",25.07.17,"['25년이내', '대단지', '대형평수', '방네개이상']",남서향,10104799.02185542
경기도,용인시 기흥구,보라동,민속마을쌍용,매매,114동,20/20,570000000,196.29,DOC,"환경쾌적,운동시설 잘됨.  매매가 아주 저렴함.",25.07.10,"['25년이내', '마당', '대단지', '화장실두개']",남향,9599559.070762647
경기도,용인시 기흥구,보라동,민속마을쌍용,매매,114동,19/20,630000000,196.29,DOC,전망좋고 일조량 좋은 인기동입니다.입주일협의가능 ,25.07.08,"['25년이내', '대단지', '대형평수', '방네개이상']",남향,10610038.97294819
경기도,용인시 기흥구,보라동,민속마을쌍용,매매,114동,고/20,590000000,196.29,DOC,"전망최고동, 입주일 협의",25.07.14,"['25년이내', '대단지', '대형평수', '방네개이상']",남서향,9936385.704824494
경기도,용인시 기흥구,보라동,민속마을쌍용,매매,111동,고/20,570000000,196.29,DOC,남향 입주협의,25.07.14,"['25년이내', '대단지', '대형평수', '방네개이상']",남향,9599559.070762647
경기도,용인시 기흥구,보라동,민속마을쌍용,전세,111동,8/20,450000000,196.29,DOC,"뷰 맛집, 로열동, 로열층, 싱크대수리예정, 빠른 입주 가능",25.07.03,"['25년이내', '대단지', '대형평수', '방네개이상']",남향,7578599.266391563
경기도,용인시 기흥구,보라동,민속마을쌍용,매매,114동,저/20,660000000,196.29,DOC,"뷰 최상, 수리 최상 강추, 따로 손볼 곳 없는 집, 입주일 협의",25.07.04,"['25년이내', '대단지', '대형평수', '방네개이상']",남서향,11115278.924040962
경기도,용인시 기흥구,보라동,민속마을쌍용,매매,114동,12/20,690000000,196.29,DOC,"최근화이트특올수리, 최고로열동 로열층 ",25.06.25,"['25년이내', '올수리', '대단지', '대형평수']",남향,11620518.875133732
경기도,용인시 기흥구,보라동,민속마을쌍용,매매,111동,중/20,670000000,196.29,DOC,"뷰 맛집, 수리되어 실내 아주 깨끗, 입주일 협의 가능",25.07.01,"['25년이내', '대단지', '대형평수', '방네개이상']",남향,11283692.241071884
경기도,용인시 기흥구,보라동,민속마을쌍용,매매,111동,저/20,520000000,196.29,DOC,입주 협의 수리일부,25.06.25,"['25년이내', '대단지', '대형평수', '방네개이상']",남향,8757492.48560803
경기도,용인시 기흥구,보라동,민속마을쌍용,매매,111동,8/20,570000000,196.29,NONE,"뷰 맛집, 로열동, 로열층, 빠른 입주 가능합니다.
",25.07.19,"['25년이내', '대단지', '대형평수', '방네개이상']",남향,9599559.070762647
경기도,용인시 기흥구,보라동,민속마을쌍용,매매,114동,17/20,630000000,196.29,NONE,"최고의 전망, 폴딩도어 실내수리교체하여 깨끗 ",25.07.16,"['25년이내', '대단지', '대형평수', '방네개이상']",남향,10610038.97294819
경기도,용인시 기흥구,보라동,민속마을쌍용,매매,111동,5/20,550000000,196.29,NONE,최고의전망과 실내도 아주 깨끗10월말에 입주가능,25.07.16,"['25년이내', '대단지', '대형평수', '방네개이상']",남향,9262732.4367008
경기도,용인시 기흥구,보라동,민속마을쌍용,전세,111동,12/20,500000000,196.29,NONE,"최고의 전망,올인테리어하여 실내깨끗 빠른입주가능",25.07.05,"['25년이내', '대단지', '대형평수', '방네개이상']",남향,8420665.851546183
경기도,용인시 기흥구,보라동,민속마을쌍용,전세,114동,17/20,390000000,196.29,NONE,"최고의전망 실내수리교체,폴딩도어설치 8월중순부터입주가능",25.07.05,"['25년이내', '대단지', '대형평수', '방네개이상']",남향,6568119.364206022
경기도,용인시 기흥구,보라동,민속마을쌍용,매매,114동,4/20,600000000,196.29,NONE,최고의전망이며 실내도 수리교체하여 아주깨끗,25.07.05,"['25년이내', '대단지', '대형평수', '방네개이상']",남향,10104799.02185542
경기도,용인시 기흥구,보라동,민속마을쌍용,매매,111동,17/20,570000000,196.29,NONE,최고의전망이며 잔금이전에 인테리어공사가능 빠른입주가능,25.07.05,"['25년이내', '대단지', '대형평수', '방네개이상']",남향,9599559.070762647
경기도,용인시 기흥구,보라동,민속마을쌍용,전세,111동,8/20,450000000,196.29,NONE,"뷰 맛집, 로열동, 로열층, 싱크대수리예정, 빠른 입주 가능",25.07.03,"['25년이내', '대단지', '대형평수', '방네개이상']",남향,7578599.266391563
경기도,용인시 기흥구,보라동,민속마을쌍용,매매,114동,저/20,660000000,196.29,NONE,"뷰 최상, 수리 최상, 따로 손볼 곳 없는 집 강추, 입주협의",25.06.27,"['25년이내', '대단지', '대형평수', '방네개이상']",남서향,11115278.924040962
경기도,용인시 기흥구,보라동,민속마을쌍용,매매,112동,1/20,500000000,169.52,NDOC1,올수리된집 세안고,25.07.16,"['25년이내', '올수리', '대단지', '1층']",남서향,9750427.67815007
경기도,용인시 기흥구,보라동,민속마을쌍용,매매,110동,8/20,445000000,169.52,DOCV2,기본 깨끗 ,25.07.16,"['25년이내', '대단지', '대형평수', '방네개이상']",남동향,8677880.633553563
경기도,용인시 기흥구,보라동,민속마을쌍용,매매,119동,5/20,470000000,169.52,DOC,임대중으로 2027.8월 입주로 매매가능 ,25.07.19,"['25년이내', '대단지', '대형평수', '방네개이상']",남동향,9165402.017461065
경기도,용인시 기흥구,보라동,민속마을쌍용,매매,115동,18/20,460000000,169.52,DOC,"욕실2,싱크대 수리, 26년5월 입주가능, 전세안고매매",25.07.18,"['25년이내', '대단지', '대형평수', '방네개이상']",남동향,8970393.463898065
경기도,용인시 기흥구,보라동,민속마을쌍용,매매,118동,중/20,500000000,169.52,DOCV2,"기본이지만 관리 잘되어 아주 깨끗, 천천히 입주하실분 추천",25.07.17,"['25년이내', '대단지', '대형평수', '방네개이상']",남향,9750427.67815007
경기도,용인시 기흥구,보라동,민속마을쌍용,매매,112동,9/20,530000000,169.52,DOC,"최고의 전망, 씽크대교체 , 5월에 입주가능 협의가능",25.07.15,"['25년이내', '대단지', '대형평수', '방네개이상']",남서향,10335453.338839075
경기도,용인시 기흥구,보라동,민속마을쌍용,매매,110동,9/20,460000000,169.52,DOC,"집상태 깨끗, 11월 중순 입주 가능합니다.",25.07.15,"['25년이내', '대단지', '대형평수', '방네개이상']",남동향,8970393.463898065
경기도,용인시 기흥구,보라동,민속마을쌍용,매매,113동,6/20,560000000,169.52,DOC,"최고의전망,폴딩도어등등 인테리어하여 실내가 아주 깨끗",25.07.12,"['25년이내', '대단지', '대형평수', '방네개이상']",남서향,10920478.99952808
경기도,용인시 기흥구,보라동,민속마을쌍용,매매,113동,14/20,485000000,169.52,DOC,"급매매,전세3억임대중,전망좋고 일조량좋은 인기동입니다.",25.07.12,"['25년이내', '대단지', '급매', '대형평수']",남서향,9457914.847805569
경기도,용인시 기흥구,보라동,민속마을쌍용,매매,109동,19/20,450000000,169.52,DOC,남서향에 일조량좋은 라인으로 빠른입주 가능합니다.,25.07.12,"['25년이내', '대단지', '대형평수', '방네개이상']",남서향,8775384.910335064
경기도,용인시 기흥구,보라동,민속마을쌍용,전세,109동,9/20,350000000,169.52,DOC,"일조량좋은 확장안한 기본집,즉시입주가능합니다. ",25.07.12,"['25년이내', '대단지', '대형평수', '방네개이상']",남서향,6825299.374705049
경기도,용인시 기흥구,보라동,민속마을쌍용,매매,115동,고/20,460000000,169.52,DOC,"관리최상,입주협의",25.07.18,"['25년이내', '대단지', '대형평수', '방네개이상']",남동향,8970393.463898065
경기도,용인시 기흥구,보라동,민속마을쌍용,매매,118동,2/20,470000000,169.52,DOC,"기본 이지만 아주 깨끗한 집 추천, 입주일 협의 가능",25.07.11,"['25년이내', '대단지', '대형평수', '방네개이상']",남서향,9165402.017461065
경기도,용인시 기흥구,보라동,민속마을쌍용,매매,118동,7/20,470000000,169.52,DOC,"기본, 실내깨끗  입주일은  협의가능",25.07.10,"['25년이내', '대단지', '대형평수', '방네개이상']",남서향,9165402.017461065
경기도,용인시 기흥구,보라동,민속마을쌍용,매매,113동,17/20,510000000,169.52,DOC,최고의 전망  실내깨끗 중도금후 인테리어공사OK  입주일은 언제든지가능,25.07.10,"['25년이내', '대단지', '대형평수', '방네개이상']",남서향,9945436.231713071
경기도,용인시 기흥구,보라동,민속마을쌍용,매매,115동,18/20,460000000,169.52,DOC,"앞,뒤 확 트인동, 입주일 협의 가능합니다.",25.07.10,"['25년이내', '대단지', '대형평수', '방네개이상']",남동향,8970393.463898065
경기도,용인시 기흥구,보라동,민속마을쌍용,매매,108동,19/20,470000000,169.52,DOC,"관리 잘된 기본집, 입주일 협의해요",25.07.09,"['25년이내', '대단지', '대형평수', '방네개이상']",남서향,9165402.017461065
경기도,용인시 기흥구,보라동,민속마을쌍용,매매,108동,4/20,470000000,169.52,DOC,"도배,장판및 씽크대 교체,욕실수리,화이트 필림작업등 전체 수리하여 깨끗함",25.07.09,"['25년이내', '대단지', '욕실수리', '대형평수']",남서향,9165402.017461065
경기도,용인시 기흥구,보라동,민속마을쌍용,매매,112동,고/20,550000000,169.52,DOC,올수리화이트   확트인전망,25.07.08,"['25년이내', '올수리', '대단지', '대형평수']",남서향,10725470.445965078
경기도,용인시 기흥구,보라동,민속마을쌍용,매매,115동,1/20,440000000,169.52,DOC,층간소음걱정없는 1층 욕실 2개한샘수리 정상입주가능함,25.07.01,"['25년이내', '대단지', '1층', '대형평수']",남동향,8580376.356772063
경기도,용인시 기흥구,보라동,민속마을쌍용,매매,119동,18/20,560000000,169.52,DOCV2,주출입구와 가까운 동이라 편리합니다. 기본집으로 관리 잘됨,25.06.25,"['25년이내', '대단지', '대형평수', '방네개이상']",남동향,10920478.99952808
경기도,용인시 기흥구,보라동,민속마을쌍용,매매,109동,9/20,440000000,169.52,DOC,51 일조량 최고 관리잘된집 생활편리,25.06.30,"['25년이내', '대단지', '대형평수', '방네개이상']",남서향,8580376.356772063
경기도,용인시 기흥구,보라동,민속마을쌍용,매매,115동,13/20,530000000,169.52,DOC,시스템에어컨6대설치등 올인테리어 빠른입주도가능,25.06.27,"['25년이내', '대단지', '대형평수', '방네개이상']",남동향,10335453.338839075
경기도,용인시 기흥구,보라동,민속마을쌍용,매매,113동,저/20,550000000,169.52,DOC,"샷시까지 교체된 올수리로 아주 깨끗, 멋진 전망으로 최고 인기동",25.07.01,"['25년이내', '올수리', '대단지', '대형평수']",남서향,10725470.445965078
경기도,용인시 기흥구,보라동,민속마을쌍용,매매,118동,17/20,490000000,169.52,DOC,"교통편한 입구동, 정상입주",25.06.24,"['25년이내', '대단지', '대형평수', '방네개이상']",남서향,9555419.124587068
경기도,용인시 기흥구,보라동,민속마을쌍용,매매,118동,고/20,590000000,169.52,DOC,정상입주 관리 잘된집,25.06.23,"['25년이내', '대단지', '대형평수', '방네개이상']",남서향,11505504.660217084
경기도,용인시 기흥구,보라동,민속마을쌍용,전세,109동,9/20,350000000,169.52,NONE,하시입주,25.07.19,"['25년이내', '대단지', '대형평수', '방네개이상']",남서향,6825299.374705049
경기도,용인시 기흥구,보라동,민속마을쌍용,매매,109동,19/20,450000000,169.52,NONE,인테리어공사기간가능 ,25.07.05,"['25년이내', '대단지', '대형평수', '방네개이상']",남서향,8775384.910335064
경기도,용인시 기흥구,보라동,민속마을쌍용,매매,119동,5/20,470000000,169.52,NONE,"입구 동, 8월 입주 협의 가능합니다.",25.07.01,"['25년이내', '대단지', '대형평수', '방네개이상']",남동향,9165402.017461065
경기도,용인시 기흥구,보라동,민속마을쌍용,매매,115동,18/20,460000000,169.52,NONE,"싱크대,욕실2 수리, 집상태 깨끗, 전세안고 매매입니다.",25.06.28,"['25년이내', '대단지', '대형평수', '방네개이상']",남동향,8970393.463898065
경기도,용인시 기흥구,보라동,민속마을쌍용,매매,115동,18/20,460000000,169.52,NONE,"앞,뒤 확트인 동, 입주일 협의 가능합니다.",25.06.28,"['25년이내', '대단지', '대형평수', '방네개이상']",남동향,8970393.463898065
경기도,용인시 기흥구,보라동,민속마을쌍용,매매,118동,2/20,470000000,169.52,NONE,"입구 동, 기본이지만 집상태 아주 깨끗, 입주일 협의가능",25.06.25,"['25년이내', '대단지', '대형평수', '방네개이상']",남서향,9165402.017461065
경기도,용인시 기흥구,보라동,민속마을쌍용,전세,120동,1/20,330000000,137.2,DOCV2,"수리되어  아주깨끗,   거실뷰좋음,   아이들이마음껏뛸수있는집",25.07.18,"['25년이내', '융자금없는', '대단지', '1층']",남서향,7951232.142857144
경기도,용인시 기흥구,보라동,민속마을쌍용,매매,105동,4/20,495000000,137.2,DOC,올  인테리어  관리 최상급 매물입니다.,25.07.18,"['25년이내', '대단지', '급매', '대형평수']",남서향,11926848.214285716
경기도,용인시 기흥구,보라동,민속마을쌍용,매매,116동,고/20,460000000,137.2,DOC,올화이트 수리 되고 관리최상,25.07.19,"['25년이내', '대단지', '대형평수', '방세개']",남서향,11083535.714285716
경기도,용인시 기흥구,보라동,민속마을쌍용,매매,116동,1/20,420000000,137.2,DOC,"인테리어되있는 1층으로,일조량 좋아요.빠른입주가능",25.07.12,"['25년이내', '대단지', '1층', '대형평수']",남서향,10119750.000000002
경기도,용인시 기흥구,보라동,민속마을쌍용,월세,105동,고/20,"5,000/130",137.2,DOC,"추천, 수리되어 컨디션 아주 좋음, 빠른입주가능, 7000에 120도가능",25.07.15,"['25년이내', '융자금없는', '대단지', '대형평수']",남서향,
경기도,용인시 기흥구,보라동,민속마을쌍용,매매,116동,19/20,420000000,137.2,DOC,2025년12월초 입주가능,25.07.08,"['25년이내', '대단지', '대형평수', '방세개']",남서향,10119750.000000002
경기도,용인시 기흥구,보라동,민속마을쌍용,매매,116동,고/20,450000000,137.2,DOC,"올수리, 아주 깨끗한 집 강추, 입주일 협의 가능",25.07.02,"['25년이내', '올수리', '대단지', '대형평수']",남서향,10842589.285714287
경기도,용인시 기흥구,보라동,민속마을쌍용,매매,116동,1/20,420000000,137.2,NONE,"리모델링 하여 집 깨끗함(led및 씽크대,욕조등 교체),",25.07.10,"['25년이내', '대단지', '1층', '대형평수']",남서향,10119750.000000002
경기도,용인시 기흥구,보라동,민속마을쌍용,월세,105동,고/20,"5,000/130",137.2,NONE,"수리되어 컨디션 아주 좋음, 7000에120도 가능, 빠른입주가능",25.07.10,"['25년이내', '융자금없는', '대단지', '대형평수']",남서향,
경기도,용인시 기흥구,보라동,민속마을쌍용,매매,116동,고/20,450000000,137.2,NONE,"올수리, 아주 깨끗한집 강추, 입주일 협의 가능합니다.",25.07.02,"['25년이내', '올수리', '대단지', '대형평수']",남서향,10842589.285714287
경기도,용인시 기흥구,보라동,민속마을쌍용,매매,116동,19/20,420000000,137.2,NONE,"전세안고,2025년 12월입주",25.07.01,"['25년이내', '대단지', '대형평수', '방세개']",남서향,10119750.000000002
경기도,용인시 기흥구,보라동,민속마을쌍용,매매,102동,12/20,380000000,109.83,DOC,"작은방1확장,단지초입동으로 입주일 협의가능 ",25.07.19,"['25년이내', '대단지', '방세개', '화장실두개']",남동향,11437660.930529
경기도,용인시 기흥구,보라동,민속마을쌍용,매매,104동,20/20,400000000,109.83,DOC,"전체적으로 리모델링 된 깨끗한 집, 전망굿",25.07.17,"['25년이내', '대단지', '탑층', '방세개']",남동향,12039643.084767368
경기도,용인시 기흥구,보라동,민속마을쌍용,매매,107동,7/20,390000000,109.83,DOC,"잔금전 인테리어가능 씽크대,욕실교체함. 빠른입주도 가능",25.07.16,"['25년이내', '대단지', '방세개', '화장실두개']",남동향,11738652.007648185
경기도,용인시 기흥구,보라동,민속마을쌍용,매매,104동,고/20,380000000,109.83,DOC,"확트인 전망 , 언제나 입주 가능하며 잔금전 인테리어 가능",25.07.19,"['25년이내', '대단지', '방세개', '화장실두개']",남동향,11437660.930529
경기도,용인시 기흥구,보라동,민속마을쌍용,매매,104동,1/20,340000000,109.83,DOC,1층 즉시입주가능 씽크대교체 일부수리 깨끗 초등학교,25.07.12,"['25년이내', '대단지', '1층', '방세개']",남동향,10233696.622052263
경기도,용인시 기흥구,보라동,민속마을쌍용,매매,102동,3/20,390000000,109.83,DOC,"작은방 확장, 코앞 상가이용, 나곡초후문",25.07.12,"['25년이내', '대단지', '방세개', '화장실두개']",남동향,11738652.007648185
경기도,용인시 기흥구,보라동,민속마을쌍용,매매,107동,15/20,380000000,109.83,DOC,"거실,작은방1확장,입주일협의",25.07.12,"['25년이내', '대단지', '방세개', '화장실두개']",남동향,11437660.930529
경기도,용인시 기흥구,보라동,민속마을쌍용,매매,102동,20/20,395000000,109.83,DOC,"입구동,층간소음없는 탑층,정상입주가능함",25.07.11,"['25년이내', '대단지', '탑층', '방세개']",남동향,11889147.546207778
경기도,용인시 기흥구,보라동,민속마을쌍용,매매,107동,6/20,370000000,109.83,DOC,"착한금액 추천, 싱크대,욕실 등 부분수리 집상태 깨끗, 9월 입주 협의",25.07.10,"['25년이내', '대단지', '방세개', '화장실두개']",남동향,11136669.853409816
경기도,용인시 기흥구,보라동,민속마을쌍용,매매,101동,고/19,410000000,109.83,DOC,"샤시빼고 올수리, 아주 깨끗한 집 강추, 26년 2월 입주가능",25.07.15,"['25년이내', '올수리', '대단지', '방세개']",남서향,12340634.161886552
경기도,용인시 기흥구,보라동,민속마을쌍용,매매,102동,4/20,380000000,109.83,DOC,"씽크대교체 등 수리되어 깨끗,  트인 정망",25.07.08,"['25년이내', '대단지', '방세개', '화장실두개']",남동향,11437660.930529
경기도,용인시 기흥구,보라동,민속마을쌍용,전세,102동,11/20,280000000,109.83,DOC,"입구 동, 부분 수리 집상태 깨끗, 빠른 입주 가능",25.07.08,"['25년이내', '대단지', '방세개', '화장실두개']",남동향,8427750.159337157
경기도,용인시 기흥구,보라동,민속마을쌍용,매매,103동,중/20,380000000,109.83,DOC,"급매,일부수리,세10월말만기",25.07.12,"['25년이내', '대단지', '급매', '방세개']",남서향,11437660.930529
경기도,용인시 기흥구,보라동,민속마을쌍용,매매,102동,17/20,380000000,109.83,DOC,기본형이며 실내가 매우 깨끗함.정상입주가능,25.07.05,"['25년이내', '대단지', '방세개', '화장실두개']",남동향,11437660.930529
경기도,용인시 기흥구,보라동,민속마을쌍용,매매,102동,14/20,430000000,109.83,DOC,"올수리되어있고,단지초입동으로 접근성좋고 작은방,거실확장함",25.07.05,"['25년이내', '올수리', '대단지', '방세개']",남동향,12942616.316124922
경기도,용인시 기흥구,보라동,민속마을쌍용,매매,106동,1/20,370000000,109.83,OWNER,"자녀키우기좋은집,주인거주집깨끗,입주일협의",25.06.24,"['25년이내', '대단지', '1층', '방세개']",남서향,11136669.853409816
경기도,용인시 기흥구,보라동,민속마을쌍용,매매,102동,저/20,390000000,109.83,DOC,"방 확장, 싱크대교체, 화장실 공사",25.07.09,"['25년이내', '대단지', '주방교체', '방세개']",남동향,11738652.007648185
경기도,용인시 기흥구,보라동,민속마을쌍용,매매,107동,1/20,360000000,109.83,DOCV2,"소음걱정없는 1층, 화장실 및 씽크대교체 등 수리되어 깨끗",25.06.27,"['25년이내', '대단지', '1층', '방세개']",남동향,10835678.776290633
경기도,용인시 기흥구,보라동,민속마을쌍용,매매,102동,15/20,380000000,109.83,DOC,일부수리  하시입주,25.06.25,"['25년이내', '대단지', '방세개', '화장실두개']",남동향,11437660.930529
경기도,용인시 기흥구,보라동,민속마을쌍용,전세,102동,11/20,280000000,109.83,NONE,씽크대 수리됨 입주정상,25.07.19,"['25년이내', '대단지', '방세개', '화장실두개']",남동향,8427750.159337157
경기도,용인시 기흥구,보라동,민속마을쌍용,매매,107동,중/20,380000000,109.83,NONE,수리 되고 전망좋음,25.07.19,"['25년이내', '대단지', '방세개', '화장실두개']",남동향,11437660.930529
경기도,용인시 기흥구,보라동,민속마을쌍용,매매,104동,고/20,380000000,109.83,NONE,"앞뒤 확트인 전망, 관리 잘됨된",25.07.19,"['25년이내', '대단지', '방세개', '화장실두개']",남동향,11437660.930529
경기도,용인시 기흥구,보라동,민속마을쌍용,매매,101동,고/19,410000000,109.83,NONE,"추천매물, 샤시빼고 올수리 아주 깨끗, 26년 2월 입주가능",25.07.18,"['25년이내', '올수리', '대단지', '방세개']",남서향,12340634.161886552
경기도,용인시 기흥구,보라동,민속마을쌍용,매매,107동,15/20,380000000,109.83,NONE,"거실, 방1확장형 정상입주",25.07.16,"['25년이내', '대단지', '방세개', '화장실두개']",남동향,11437660.930529
경기도,용인시 기흥구,보라동,민속마을쌍용,매매,107동,6/20,370000000,109.83,NONE,"9월중입주,일부 수리되어 집상태깨끗 ",25.07.08,"['25년이내', '대단지', '방세개', '화장실두개']",남동향,11136669.853409816
경기도,용인시 기흥구,보라동,민속마을쌍용,매매,104동,1/20,340000000,109.83,NONE,1층 즉시입주가능 씽크대 욕실 교체 초등학교가까움,25.07.08,"['25년이내', '대단지', '1층', '방세개']",남동향,10233696.622052263
경기도,용인시 기흥구,보라동,민속마을쌍용,매매,102동,12/20,380000000,109.83,NONE,"방1확장,9월안에 입주가능",25.07.05,"['25년이내', '대단지', '방세개', '화장실두개']",남동향,11437660.930529
경기도,용인시 기흥구,보라동,민속마을쌍용,매매,106동,1/20,360000000,109.83,NONE,층간소음걱정없는 1층 실내완전깨끗,25.07.05,"['25년이내', '대단지', '1층', '방세개']",남서향,10835678.776290633
경기도,용인시 기흥구,보라동,민속마을쌍용,매매,102동,17/20,380000000,109.83,NONE,앞뒤전망이 좋으며 실내도 깨끗 정상입주,25.07.05,"['25년이내', '대단지', '방세개', '화장실두개']",남동향,11437660.930529
경기도,용인시 기흥구,보라동,민속마을쌍용,매매,102동,4/20,380000000,109.83,NONE,"기본형,씽크대,도배,장판교체실내깨끗 입주일협의가능",25.07.05,"['25년이내', '대단지', '방세개', '화장실두개']",남동향,11437660.930529
경기도,용인시 기흥구,보라동,민속마을쌍용,매매,103동,고/20,410000000,109.83,NONE,"부분수리, 집상태 깨끗, 전세안고 매매입니다.",25.06.28,"['25년이내', '대단지', '방세개', '화장실두개']",남서향,12340634.161886552
경기도,용인시 기흥구,보라동,민속마을현대모닝사이드,매매,302동,17/17,450000000,205.15,OWNER,층간소음없는 탑층입니다.,25.07.16,"['25년이내', '대단지', '대형평수', '탑층']",남향,7251295.393614428
경기도,용인시 기흥구,보라동,민속마을현대모닝사이드,매매,303동,9/17,480000000,205.15,DOCV2,"올인테리어,입주협의가능,남향 로얄동,로얄층",25.07.17,"['25년이내', '대단지', '대형평수', '방네개이상']",남향,7734715.086522058
경기도,용인시 기흥구,보라동,민속마을현대모닝사이드,매매,303동,15/17,470000000,205.15,DOCV2,"일부수리됨, 편리한 입구동, 입주일 협의해요",25.07.15,"['25년이내', '대단지', '대형평수', '방네개이상']",남향,7573575.1888861805
경기도,용인시 기흥구,보라동,민속마을현대모닝사이드,매매,304동,17/17,450000000,205.15,DOC,탑층 주인거주 남향 욕실 수리 산전망 있음 깨끗,25.07.18,"['25년이내', '대단지', '욕실수리', '대형평수']",남향,7251295.393614428
경기도,용인시 기흥구,보라동,민속마을현대모닝사이드,전세,303동,5/17,350000000,205.15,DOC,남향 수리된집 씽크대 욕실수리 입주일협의가능,25.07.18,"['25년이내', '융자금없는', '대단지', '욕실수리']",남향,5639896.417255666
경기도,용인시 기흥구,보라동,민속마을현대모닝사이드,전세,304동,9/17,330000000,205.15,DOC,"입구동,정남향,싱크대교체,도배시공,정상입주가능함",25.07.15,"['25년이내', '융자금없는', '대단지', '주방교체']",남향,5317616.621983915
경기도,용인시 기흥구,보라동,민속마을현대모닝사이드,매매,302동,4/17,440000000,205.15,DOC,"로얄동,남향집입니다.전망좋은집,날짜협의해요.",25.07.15,"['25년이내', '대단지', '대형평수', '방네개이상']",남향,7090155.495978553
경기도,용인시 기흥구,보라동,민속마을현대모닝사이드,매매,303동,6/17,460000000,205.15,DOC,일부수리 정상,25.07.14,"['25년이내', '대단지', '대형평수', '방네개이상']",남향,7412435.291250305
경기도,용인시 기흥구,보라동,민속마을현대모닝사이드,매매,302동,10/17,460000000,205.15,DOC,"입구동,전망좋은집,날짜협의해요.",25.07.11,"['25년이내', '대단지', '대형평수', '방네개이상']",남향,7412435.291250305
경기도,용인시 기흥구,보라동,민속마을현대모닝사이드,매매,303동,13/17,465000000,205.15,DOC,"입구동,남향집,로얄입니다.날짜협의",25.07.09,"['25년이내', '대단지', '대형평수', '방네개이상']",남향,7493005.240068243
경기도,용인시 기흥구,보라동,민속마을현대모닝사이드,매매,303동,13/17,465000000,205.15,DOC,깨끗하게 관리되었으며 입구동 정남향으로 생활이 편리,25.07.08,"['25년이내', '대단지', '대형평수', '방네개이상']",남향,7493005.240068243
경기도,용인시 기흥구,보라동,민속마을현대모닝사이드,전세,303동,저/17,350000000,205.15,DOC,입주 협의,25.07.12,"['25년이내', '대단지', '대형평수', '방네개이상']",남향,5639896.417255666
경기도,용인시 기흥구,보라동,민속마을현대모닝사이드,매매,303동,고/17,465000000,205.15,DOC,"주인거주로 깨끗하게 관리되고, 편리한 입구동입니다.  입주일 협의해요",25.07.09,"['25년이내', '대단지', '대형평수', '방네개이상']",남향,7493005.240068243
경기도,용인시 기흥구,보라동,민속마을현대모닝사이드,매매,302동,중/17,500000000,205.15,DOC,주인세안고나 늦은입주가능 내부샤시포함 전체올수리 아주깨끗,25.07.03,"['25년이내', '올수리', '대단지', '대형평수']",남향,8056994.881793809
경기도,용인시 기흥구,보라동,민속마을현대모닝사이드,매매,304동,저/17,450000000,205.15,DOC,"입구와 가까운 동, 관리 잘된 집,  입주일협의해요",25.07.02,"['25년이내', '대단지', '대형평수', '방네개이상']",남향,7251295.393614428
경기도,용인시 기흥구,보라동,민속마을현대모닝사이드,매매,303동,중/17,460000000,205.15,DOC,주인거주 남향 도배 장판 LED등 아주깨끗한집 입주일 협의가능,25.06.26,"['25년이내', '대단지', '대형평수', '방네개이상']",남향,7412435.291250305
경기도,용인시 기흥구,보라동,민속마을현대모닝사이드,매매,304동,17/17,450000000,205.15,NONE,탑층 화장실수리 기본형 주인거주 입주일협의가능 ,25.07.15,"['25년이내', '대단지', '욕실수리', '대형평수']",남향,7251295.393614428
경기도,용인시 기흥구,보라동,민속마을현대모닝사이드,매매,302동,4/17,440000000,205.15,NONE,"화장실 등 일부 수리, 주인거주로 관리잘된 집, 일조량 풍부한 남향",25.07.11,"['25년이내', '대단지', '대형평수', '방네개이상']",남향,7090155.495978553
경기도,용인시 기흥구,보라동,민속마을현대모닝사이드,전세,304동,저/17,350000000,205.15,NONE,빠른입주가능 남향 기본형 깨끗,25.07.08,"['25년이내', '대단지', '대형평수', '방네개이상']",남향,5639896.417255666
경기도,용인시 기흥구,보라동,민속마을현대모닝사이드,월세,304동,1/17,"5,000/150",205.15,NONE,"아이들과 생활하기 좋은 1층, 입구동 정남향집",25.07.04,"['25년이내', '대단지', '1층', '대형평수']",남향,
경기도,용인시 기흥구,보라동,민속마을현대모닝사이드,전세,303동,5/17,350000000,205.15,NONE,씽크대 화장실 전등 전체적으로 수리된집 아주  깨끗,25.07.03,"['25년이내', '대단지', '대형평수', '방네개이상']",남향,5639896.417255666
경기도,용인시 기흥구,보라동,민속마을현대모닝사이드,매매,304동,중/17,500000000,205.15,NONE,즉시입주가능 남향  입구동 주인거주 하여 깨끗,25.07.03,"['25년이내', '대단지', '대형평수', '방네개이상']",남향,8056994.881793809
경기도,용인시 기흥구,보라동,민속마을현대모닝사이드,매매,309동,7/18,480000000,183.39,DOC,"남향 입주하시 확장형,",25.07.18,"['25년이내', '대단지', '대형평수', '방네개이상']",남향,8652471.78144937
경기도,용인시 기흥구,보라동,민속마을현대모닝사이드,매매,307동,14/18,480000000,183.39,OWNER,급매.정남향.주인거주.깨끗깔끔관리.인기동로얄층.,25.07.08,"['25년이내', '대단지', '급매', '대형평수']",남향,8652471.78144937
경기도,용인시 기흥구,보라동,민속마을현대모닝사이드,매매,309동,중/18,440000000,183.39,DOC,수리되어  아주깨끗함   거실 뷰좋음  채광굿,25.07.19,"['25년이내', '대단지', '대형평수', '방네개이상']",남향,7931432.46632859
경기도,용인시 기흥구,보라동,민속마을현대모닝사이드,월세,309동,11/18,"5,000/150",183.39,DOC,산조망  채광 아주좋음 가운데라인 깨끗한집,25.07.12,"['25년이내', '대단지', '대형평수', '방네개이상']",남향,
경기도,용인시 기흥구,보라동,민속마을현대모닝사이드,전세,306동,2/17,410000000,183.39,DOC,"입주언제든가능,집깨끗.남향이라 채광좋고 따뜻하며,보라산등산로 있어요",25.07.12,"['25년이내', '대단지', '대형평수', '방네개이상']",남향,7390652.979988005
경기도,용인시 기흥구,보라동,민속마을현대모닝사이드,전세,307동,8/18,350000000,183.39,DOC,"수리한집.입구동,남향,날짜협의해요.",25.07.12,"['25년이내', '대단지', '대형평수', '방네개이상']",남향,6309094.007306834
경기도,용인시 기흥구,보라동,민속마을현대모닝사이드,매매,307동,11/18,450000000,183.39,DOC,"정남향 로열층 가운데라인 ,입주일 협의",25.07.10,"['25년이내', '대단지', '대형평수', '방네개이상']",남향,8111692.295108786
경기도,용인시 기흥구,보라동,민속마을현대모닝사이드,매매,309동,9/18,440000000,183.39,DOC,산 전망 및 채광 굿,25.07.09,"['25년이내', '대단지', '대형평수', '방네개이상']",남향,7931432.46632859
경기도,용인시 기흥구,보라동,민속마을현대모닝사이드,매매,307동,5/18,450000000,183.39,DOC,입구동.남향집.날짜협의해요.,25.07.09,"['25년이내', '대단지', '대형평수', '방네개이상']",남향,8111692.295108786
경기도,용인시 기흥구,보라동,민속마을현대모닝사이드,매매,307동,18/18,460000000,183.39,DOC,"소음걱정없는 탑층, 집 깨끗",25.07.08,"['25년이내', '대단지', '대형평수', '탑층']",남향,8291952.123888981
경기도,용인시 기흥구,보라동,민속마을현대모닝사이드,매매,307동,고/18,500000000,183.39,DOC,"세안고매매,로얄동로얄층,따뜻하고밝은집,서울출퇴근편리,모든협의가능해요",25.07.12,"['25년이내', '대단지', '대형평수', '방네개이상']",남향,9012991.439009761
경기도,용인시 기흥구,보라동,민속마을현대모닝사이드,매매,309동,15/18,500000000,183.39,DOC,"최근 샷시포함 화이트톤 최상급으로 올수리, 멋진 산전망",25.07.01,"['25년이내', '올수리', '대단지', '대형평수']",남향,9012991.439009761
경기도,용인시 기흥구,보라동,민속마을현대모닝사이드,매매,309동,저/18,440000000,183.39,DOC,"정남향 로얄동,  세안고 매매",25.07.05,"['25년이내', '대단지', '대형평수', '방네개이상']",남향,7931432.46632859
경기도,용인시 기흥구,보라동,민속마을현대모닝사이드,전세,312동,5/20,320000000,156.5,DOCV2,"막힘없는 뷰, 깨끗하게 관리 잘되어 있어요",25.07.18,"['25년이내', '대단지', '대형평수', '방네개이상']",남동향,6759432.587859426
경기도,용인시 기흥구,보라동,민속마을현대모닝사이드,매매,308동,고/18,450000000,156.5,OWNER,"수리되어깨끗,남향,뷰좋음,밝고환한집,세안고매매,추천합니다",25.07.19,"['25년이내', '대단지', '대형평수', '방네개이상']",남향,9505452.076677317
경기도,용인시 기흥구,보라동,민속마을현대모닝사이드,매매,314동,3/20,360000000,156.5,DOC,,25.07.19,"['25년이내', '대단지', '대형평수', '방네개이상']",남동향,7604361.661341854
경기도,용인시 기흥구,보라동,민속마을현대모닝사이드,매매,314동,1/20,380000000,156.5,DOC,일부수리됨  층간 소음 걱정없는 1층 입니다,25.07.19,"['25년이내', '대단지', '1층', '대형평수']",남동향,8026826.198083068
경기도,용인시 기흥구,보라동,민속마을현대모닝사이드,매매,305동,12/17,420000000,156.5,DOC,"로얄동,남향집입니다.날짜협의해요.",25.07.19,"['25년이내', '대단지', '대형평수', '방네개이상']",남향,8871755.271565497
경기도,용인시 기흥구,보라동,민속마을현대모닝사이드,전세,314동,3/20,260000000,156.5,DOC,"기본집. 숲이 보이는 힐링뷰,도배,화장실 수리예정,저렴전세",25.07.19,"['25년이내', '대단지', '욕실수리', '대형평수']",동향,5492038.977635783
경기도,용인시 기흥구,보라동,민속마을현대모닝사이드,전세,314동,1/20,300000000,156.5,DOC,일부수리됨 입주협의,25.07.18,"['25년이내', '대단지', '1층', '대형평수']",남동향,6336968.051118211
경기도,용인시 기흥구,보라동,민속마을현대모닝사이드,매매,314동,10/20,380000000,156.5,DOC,일부수리함.전망좋은동입니다.날짜협의 가능해요.,25.07.17,"['25년이내', '대단지', '대형평수', '방네개이상']",남향,8026826.198083068
경기도,용인시 기흥구,보라동,민속마을현대모닝사이드,매매,301동,1/17,380000000,156.5,DOCV2,방3개 주인거주  깨긋,25.07.12,"['25년이내', '대단지', '1층', '대형평수']",남향,8026826.198083068
경기도,용인시 기흥구,보라동,민속마을현대모닝사이드,매매,314동,11/20,400000000,156.5,DOC,"샷시포함,올수리함,전망좋은집입니다.날짜협의 가능해요.",25.07.15,"['25년이내', '올수리', '대단지', '대형평수']",동향,8449290.734824283
경기도,용인시 기흥구,보라동,민속마을현대모닝사이드,매매,314동,5/20,420000000,156.5,DOC,화이트 올수리 정상입주,25.07.14,"['25년이내', '올수리', '대단지', '대형평수']",남동향,8871755.271565497
경기도,용인시 기흥구,보라동,민속마을현대모닝사이드,매매,301동,중/17,430000000,156.5,DOC,"입구동,남향집입니다.입주전 수리가능해요.",25.07.18,"['25년이내', '대단지', '대형평수', '방네개이상']",남향,9082987.539936103
경기도,용인시 기흥구,보라동,민속마을현대모닝사이드,매매,301동,중/17,400000000,156.5,DOC,"입구동,남향집입니다.날짜협의해요.",25.07.16,"['25년이내', '대단지', '대형평수', '방네개이상']",남향,8449290.734824283
경기도,용인시 기흥구,보라동,민속마을현대모닝사이드,매매,314동,2/20,415000000,156.5,DOC,빠른입주 숲조망 샤시포함 전체올수리 ,25.07.10,"['25년이내', '올수리', '대단지', '대형평수']",동향,8766139.137380192
경기도,용인시 기흥구,보라동,민속마을현대모닝사이드,매매,314동,중/20,375000000,156.5,DOC,일부수리함.전망좋은집입니다.날짜협의 가능해요.,25.07.15,"['25년이내', '대단지', '대형평수', '방네개이상']",동향,7921210.063897764
경기도,용인시 기흥구,보라동,민속마을현대모닝사이드,매매,312동,저/20,470000000,156.5,DOCV2,"숲이 내집 정원같은 집, 일부수리하고 주인거주라 깨끗하게 관리 잘됨",25.07.10,"['25년이내', '마당', '대단지', '대형평수']",동향,9927916.61341853
경기도,용인시 기흥구,보라동,민속마을현대모닝사이드,매매,314동,18/20,370000000,156.5,DOC,급매  확트인 전망  계약후 수리가능,25.07.08,"['25년이내', '대단지', '급매', '대형평수']",남동향,7815593.929712461
경기도,용인시 기흥구,보라동,민속마을현대모닝사이드,매매,311동,5/20,410000000,156.5,DOC,방2개확장 남향 산전망 아주깨긋 입주일협의가능,25.07.03,"['25년이내', '대단지', '대형평수', '방두개']",남향,8660523.003194889
경기도,용인시 기흥구,보라동,민속마을현대모닝사이드,매매,301동,16/17,430000000,156.5,DOC,"입구동,남향집입니다.입주전 수리가능해요.",25.07.01,"['25년이내', '대단지', '대형평수', '방네개이상']",남향,9082987.539936103
경기도,용인시 기흥구,보라동,민속마을현대모닝사이드,매매,301동,15/17,430000000,156.5,DOC,"기본, 입주전인테리어가능, 하시입주가능",25.06.25,"['25년이내', '대단지', '대형평수', '방네개이상']",남향,9082987.539936103
경기도,용인시 기흥구,보라동,민속마을현대모닝사이드,매매,314동,고/20,370000000,156.5,NONE,급매 입니다 전망최고,25.07.19,"['25년이내', '대단지', '급매', '대형평수']",남동향,7815593.929712461
경기도,용인시 기흥구,보라동,민속마을현대모닝사이드,매매,301동,1/17,380000000,156.5,NONE,1층매매 남향 주인거주 기본형 입주일 협의가능 ,25.07.18,"['25년이내', '대단지', '1층', '대형평수']",남향,8026826.198083068
경기도,용인시 기흥구,보라동,민속마을현대모닝사이드,매매,314동,3/20,360000000,156.5,NONE,급매 산전망 기본형 주인거주 빠른입주가능 ,25.07.08,"['25년이내', '대단지', '급매', '대형평수']",남동향,7604361.661341854
경기도,용인시 기흥구,보라동,민속마을현대모닝사이드,전세,312동,저/20,330000000,156.5,NONE,깨끗하게 관리잘됨,25.07.03,"['25년이내', '대단지', '대형평수', '방네개이상']",남동향,6970664.856230033
경기도,용인시 기흥구,보라동,민속마을현대모닝사이드,매매,301동,중/17,450000000,156.5,NONE,남향 씽크대교체 도배 장판 전등 일부수리 깨끗,25.06.26,"['25년이내', '대단지', '대형평수', '방네개이상']",남향,9505452.076677317
경기도,용인시 기흥구,보라동,민속마을현대모닝사이드,매매,310동,11/20,350000000,117.76,OWNER,"주인거주중으로 협의입주가능, LED등교체, 방1확장, 거실발코니쪽바닥공사",25.07.10,"['25년이내', '대단지', '방세개', '화장실두개']",동향,9825278.108016305
경기도,용인시 기흥구,보라동,민속마을현대모닝사이드,매매,315동,4/20,340000000,117.76,DOC,"남향, 입주정상",25.07.17,"['25년이내', '대단지', '방세개', '화장실두개']",남향,9544555.876358695
경기도,용인시 기흥구,보라동,민속마을현대모닝사이드,매매,310동,8/20,350000000,117.76,DOC,"로얄동,전망이 좋은집.관리최상임.날짜협의해요.",25.07.17,"['25년이내', '대단지', '방세개', '화장실두개']",동향,9825278.108016305
경기도,용인시 기흥구,보라동,민속마을현대모닝사이드,매매,317동,7/20,350000000,117.76,DOC,"전망이 좋은집,관리최상임.날짜협의해요.",25.07.16,"['25년이내', '대단지', '방세개', '화장실두개']",동향,9825278.108016305
경기도,용인시 기흥구,보라동,민속마을현대모닝사이드,매매,313동,16/20,335000000,117.76,DOC,"로얄동,남향집,세안고매매합니다.",25.07.16,"['25년이내', '대단지', '방세개', '화장실두개']",남향,9404194.760529893
경기도,용인시 기흥구,보라동,민속마을현대모닝사이드,매매,316동,저/20,400000000,117.76,DOCV2,"막힘없는 뷰,  기본형, 세안고 매매",25.07.16,"['25년이내', '대단지', '방세개', '화장실두개']",동향,11228889.266304348
경기도,용인시 기흥구,보라동,민속마을현대모닝사이드,매매,315동,8/20,340000000,117.76,DOC,"수리된집,확장했어요.날짜협의해요.",25.07.12,"['25년이내', '대단지', '방세개', '화장실두개']",동향,9544555.876358695
경기도,용인시 기흥구,보라동,민속마을현대모닝사이드,매매,317동,19/20,350000000,117.76,DOC,확트인 전망  관리 최상 세안고 투자,25.07.12,"['25년이내', '대단지', '방세개', '화장실두개']",남향,9825278.108016305
경기도,용인시 기흥구,보라동,민속마을현대모닝사이드,전세,315동,8/20,250000000,117.76,DOC,"거실,방1확장,10월말입주",25.07.11,"['25년이내', '대단지', '방세개', '화장실두개']",남향,7018055.791440218
경기도,용인시 기흥구,보라동,민속마을현대모닝사이드,매매,316동,11/20,330000000,117.76,DOC,"관리최상임. 전망좋은집,날짜협의해요.",25.07.11,"['25년이내', '대단지', '방세개', '화장실두개']",동향,9263833.644701086
경기도,용인시 기흥구,보라동,민속마을현대모닝사이드,매매,315동,중/20,380000000,117.76,DOC,리모델링하고 집주인 거주로 깨끗하게 관리됨,25.07.16,"['25년이내', '대단지', '방세개', '화장실두개']",남향,10667444.80298913
경기도,용인시 기흥구,보라동,민속마을현대모닝사이드,매매,313동,고/20,365000000,117.76,DOC,"정남향이라 해잘들고 도배, 바닥, 싱크대 리모델링 되어 깨끗합니다.",25.07.15,"['25년이내', '대단지', '방세개', '화장실두개']",남향,10246361.455502717
경기도,용인시 기흥구,보라동,민속마을현대모닝사이드,매매,313동,20/20,350000000,117.76,DOCV2,"일부수리되어 깨끗,  정남향 전망굿",25.07.03,"['25년이내', '대단지', '탑층', '방세개']",남향,9825278.108016305
경기도,용인시 기흥구,보라동,민속마을현대모닝사이드,매매,315동,중/20,340000000,117.76,DOCV2,"주방, 도배 등 일부수리 되어 깨끗합니다. 하루종일 해잘드는 남향집",25.07.08,"['25년이내', '대단지', '방세개', '화장실두개']",남향,9544555.876358695
경기도,용인시 기흥구,보라동,민속마을현대모닝사이드,매매,310동,13/20,340000000,117.76,OWNER,"로얄동,세안고,초중인접,앞뒤막힘없음",25.06.27,"['25년이내', '대단지', '방세개', '화장실두개']",동향,9544555.876358695
경기도,용인시 기흥구,보라동,민속마을현대모닝사이드,매매,317동,고/20,350000000,117.76,DOC,"내부 부분수리, 확장공사 완료, 산전망이 좋아요",25.07.11,"['25년이내', '대단지', '방세개', '화장실두개']",남향,9825278.108016305
경기도,용인시 기흥구,보라동,민속마을현대모닝사이드,전세,316동,8/20,260000000,117.76,DOC,도배 장판 전등교체 예정 산전망좋음  입주일협의가능,25.07.02,"['25년이내', '융자금없는', '대단지', '방세개']",남동향,7298778.023097825
경기도,용인시 기흥구,보라동,민속마을현대모닝사이드,매매,315동,고/20,330000000,117.76,DOC,9월초 입주가능  남향 깨끗,25.07.08,"['25년이내', '대단지', '방세개', '화장실두개']",남향,9263833.644701086
경기도,용인시 기흥구,보라동,민속마을현대모닝사이드,전세,315동,고/20,260000000,117.76,DOC,9월초 입주가능 남향 깨끗,25.07.08,"['25년이내', '융자금없는', '대단지', '방세개']",남향,7298778.023097825
경기도,용인시 기흥구,보라동,민속마을현대모닝사이드,매매,310동,저/20,350000000,117.76,DOC,"앞뒤 확트인 전망, 입구동",25.07.08,"['25년이내', '대단지', '방세개', '화장실두개']",동향,9825278.108016305
경기도,용인시 기흥구,보라동,민속마을현대모닝사이드,매매,317동,8/20,360000000,117.76,DOC,씽크대 욕실 led 수리잘됨 정상입주,25.06.28,"['25년이내', '대단지', '방세개', '화장실두개']",남향,10106000.339673914
경기도,용인시 기흥구,보라동,민속마을현대모닝사이드,매매,317동,고/20,350000000,117.76,DOC,남향 입주 정상,25.07.01,"['25년이내', '대단지', '방세개', '화장실두개']",남향,9825278.108016305
경기도,용인시 기흥구,보라동,민속마을현대모닝사이드,매매,317동,고/20,350000000,117.76,DOC,멀리동탄까지 멋진뷰,25.06.27,"['25년이내', '대단지', '방세개', '화장실두개']",남향,9825278.108016305
경기도,용인시 기흥구,보라동,민속마을현대모닝사이드,매매,310동,고/20,350000000,117.76,DOC,"수리 잘됨 ,잔금 협의 가능",25.06.25,"['25년이내', '대단지', '방세개', '화장실두개']",남동향,9825278.108016305
경기도,용인시 기흥구,보라동,민속마을현대모닝사이드,전세,317동,고/20,260000000,117.76,NONE,"전망최고,융무 집관리 최상",25.07.19,"['25년이내', '융자금없는', '대단지', '방세개']",남향,7298778.023097825
경기도,용인시 기흥구,보라동,민속마을현대모닝사이드,매매,317동,고/20,350000000,117.76,NONE,확트인 전망 최고,25.07.19,"['25년이내', '대단지', '방세개', '화장실두개']",남향,9825278.108016305
경기도,용인시 기흥구,보라동,민속마을현대모닝사이드,매매,313동,고/20,330000000,117.76,NONE,남향 기본집,25.07.19,"['25년이내', '대단지', '방세개', '화장실두개']",남향,9263833.644701086
경기도,용인시 기흥구,보라동,민속마을현대모닝사이드,매매,316동,11/20,330000000,117.76,NONE,입주협의.집상태깨끗,25.07.01,"['25년이내', '대단지', '방세개', '화장실두개']",동향,9263833.644701086
경기도,용인시 기흥구,보라동,보라마을현대모닝사이드,매매,112동,1/19,620000000,224.55,OWNER,입주일협의 전체올수리 귀한1층 숲조망좋음 로얄동 귀한대형,25.07.15,"['25년이내', '올수리', '1층', '대형평수']",남향,9127529.280783791
경기도,용인시 기흥구,보라동,보라마을현대모닝사이드,매매,112동,8/19,600000000,224.55,OWNER,중간층으로 전망이 좋은 동입니다. 보라지구 방5개 유일한 대형평형입니다 ,25.07.10,"['25년이내', '대형평수', '방네개이상', '화장실두개']",남서향,8833092.85237141
경기도,용인시 기흥구,보라동,보라마을현대모닝사이드,전세,112동,12/19,500000000,224.55,OWNER," 2세대 거주 가능한 방 5개 대형평형, 주인거주중으로 입주일 협의 가능",25.07.08,"['25년이내', '대형평수', '방네개이상', '화장실두개']",남향,7360910.710309508
경기도,용인시 기흥구,보라동,보라마을현대모닝사이드,매매,108동,7/19,600000000,177.35,OWNER,입주일협의 전망좋음 초중고인접 상가이용편리함,25.07.18,"['25년이내', '대형평수', '방네개이상', '화장실두개']",남향,11183935.720327038
경기도,용인시 기흥구,보라동,보라마을현대모닝사이드,매매,107동,고/19,600000000,177.35,OWNER,"동일평형 최고 로얄동,가운데라인 올확장 세대내부 올 인테리어된 집 매매",25.07.21,"['25년이내', '대형평수', '방네개이상', '화장실두개']",남향,11183935.720327038
경기도,용인시 기흥구,보라동,보라마을현대모닝사이드,매매,111동,3/17,550000000,177.35,OWNER,입주일협의 예쁜숲조망 선호동 ,25.07.11,"['25년이내', '대형평수', '방네개이상', '화장실두개']",남향,10251941.076966451
경기도,용인시 기흥구,보라동,보라마을현대모닝사이드,매매,106동,6/16,570000000,177.35,OWNER,중간층으로 조망 환하고 깨긋해요.정상입주,25.07.10,"['25년이내', '대형평수', '방네개이상', '화장실두개']",남향,10624738.934310686
경기도,용인시 기흥구,보라동,보라마을현대모닝사이드,매매,111동,중/17,555000000,177.35,OWNER,급매 입주날짜협의 로얄동  초중고인접 전망좋음 ,25.07.12,"['25년이내', '급매', '대형평수', '방네개이상']",남향,10345140.54130251
경기도,용인시 기흥구,보라동,보라마을현대모닝사이드,매매,108동,6/19,580000000,177.35,DOC,"전체 리모델링, 베란다 확장안한 기본형, 로얄동",25.07.16,"['25년이내', '확장형', '화장실두개', '대형평수']",남향,10811137.862982802
경기도,용인시 기흥구,보라동,보라마을현대모닝사이드,전세,108동,6/19,450000000,177.35,DOC,입주일협의 내부인테리어된집 선호동 아주깨끗,25.07.15,"['25년이내', '대형평수', '방네개이상', '화장실두개']",남향,8387951.790245278
경기도,용인시 기흥구,보라동,보라마을현대모닝사이드,전세,111동,고/17,400000000,177.35,OWNER,"전체확장형, 입주일협의가능, 도배장판 해드림, 정남향, 교통편리,",25.07.11,"['25년이내', '대형평수', '방네개이상', '화장실두개']",남향,7455957.146884692
경기도,용인시 기흥구,보라동,보라마을현대모닝사이드,매매,107동,13/19,560000000,177.35,OWNER,늦은잔금이나 세안고 로얄동 로얄라인 깨끗,25.07.01,"['25년이내', '대형평수', '방네개이상', '화장실두개']",남향,10438340.00563857
경기도,용인시 기흥구,보라동,보라마을현대모닝사이드,매매,107동,중/19,530000000,177.35,OWNER,급매 추천 입주일협의 로얄동 로알층 전망좋음 조정가능,25.07.01,"['25년이내', '급매', '대형평수', '방네개이상']",남향,9879143.219622217
경기도,용인시 기흥구,보라동,보라마을현대모닝사이드,매매,108동,2/19,525000000,177.35,DOC,"보라상권이용편리함,교통편리,거실,방확장",25.07.05,"['25년이내', '대형평수', '방네개이상', '화장실두개']",남서향,9785943.755286157
경기도,용인시 기흥구,보라동,보라마을현대모닝사이드,월세,110동,3/19,1억/150,154.81,OWNER,"현 공실, 도배,등 교체,시트지교체등 부분수리 완료,보증금 조정가능",25.07.19,"['25년이내', '융자금없는', '대형평수', '방네개이상']",남향,
경기도,용인시 기흥구,보라동,보라마을현대모닝사이드,전세,110동,19/19,400000000,154.81,OWNER,"현 공실,위층 층간소음 걱정 없는 최상층 ,일조 조망 좋아요",25.07.18,"['25년이내', '융자금없는', '대형평수', '탑층']",남향,8541528.325043602
경기도,용인시 기흥구,보라동,보라마을현대모닝사이드,매매,110동,16/19,530000000,154.81,OWNER,"집깨끗, 로얄동,로얄층입니다. 입주날자는 협의가능합니다. 교통편리해요",25.07.15,"['25년이내', '대형평수', '방세개', '화장실두개']",남향,11317525.030682772
경기도,용인시 기흥구,보라동,보라마을현대모닝사이드,매매,110동,8/19,530000000,154.81,OWNER,"상권이용편리,확장형,중문,붙박이장,주인거주로관리잘된집,빠른입주가능",25.07.15,"['25년이내', '대형평수', '방네개이상', '화장실두개']",남향,11317525.030682772
경기도,용인시 기흥구,보라동,보라마을현대모닝사이드,매매,110동,15/19,540000000,154.81,OWNER,빠른입주가능 입주일협의 로얄동 로얄층 초중고인접 조건협의,25.07.12,"['25년이내', '대형평수', '방네개이상', '화장실두개']",남향,11531063.238808863
경기도,용인시 기흥구,보라동,보라마을현대모닝사이드,매매,110동,6/19,540000000,154.81,OWNER,"올수리로 깨끗하고 환해요. 젤 선호하는 로얄동 중간층,가운데라인입니다",25.07.10,"['25년이내', '올수리', '대형평수', '방네개이상']",남향,11531063.238808863
경기도,용인시 기흥구,보라동,보라마을현대모닝사이드,매매,103동,중/19,550000000,154.81,OWNER,입주일협의 내부전체올수리 초중고인접 관리잘된집,25.07.12,"['25년이내', '올수리', '대형평수', '방네개이상']",남향,11744601.446934953
경기도,용인시 기흥구,보라동,보라마을현대모닝사이드,매매,103동,중/19,510000000,154.81,OWNER,"주인 거주중,세대 내부 관리 잘되어 깔끔,입주일 협의 가능,판상형",25.07.10,"['25년이내', '대형평수', '방네개이상', '화장실두개']",남향,10890448.614430591
경기도,용인시 기흥구,보라동,보라마을현대모닝사이드,매매,110동,고/19,530000000,154.81,DOC,남향으로 채광 좋고 막힘없는 전망,25.07.21,"['25년이내', '대형평수', '방네개이상', '화장실두개']",남향,11317525.030682772
경기도,용인시 기흥구,보라동,보라마을현대모닝사이드,매매,110동,9/19,530000000,154.81,OWNER,입주일협의 로얄동 가운데라인 초중고인접 관리잘된집,25.07.02,"['25년이내', '대형평수', '방네개이상', '화장실두개']",남향,11317525.030682772
경기도,용인시 기흥구,보라동,보라마을현대모닝사이드,매매,110동,3/19,505000000,154.81,OWNER,입주협의 주인4억 전세안고 내부일부수리 깨끗,25.07.01,"['25년이내', '대형평수', '방네개이상', '화장실두개']",남향,10783679.510367548
경기도,용인시 기흥구,보라동,보라마을현대모닝사이드,매매,103동,12/19,510000000,154.81,OWNER,입주일조율 내부일부수리됨 초중고인접 아주깨끗,25.06.27,"['25년이내', '대형평수', '방네개이상', '화장실두개']",남향,10890448.614430591
경기도,용인시 기흥구,보라동,보라마을현대모닝사이드,매매,109동,4/17,560000000,154.81,OWNER,입주일협의 내부샤시포함 전체올수리 선호동 조건협의가능함,25.06.26,"['25년이내', '올수리', '대형평수', '방네개이상']",남향,11958139.655061042
경기도,용인시 기흥구,보라동,보라마을현대모닝사이드,전세,110동,저/19,450000000,154.81,OWNER,"즉시입주,가장 선호동,세대내부 수리되고 일조권 아주 좋아요",25.06.23,"['25년이내', '대형평수', '방네개이상', '화장실두개']",남향,9609219.365674052
경기도,용인시 기흥구,보라동,보라마을현대모닝사이드,매매,105동,18/19,450000000,115.19,OWNER,앞뒤 막힘없는 판상형 통풍및 일조권 좋아요.세안고 매매,25.07.21,"['25년이내', '방세개', '화장실두개', '고층']",남향,12914343.69302891
경기도,용인시 기흥구,보라동,보라마을현대모닝사이드,매매,105동,16/19,470000000,115.19,OWNER,입주일협의 전체올수리 로얄동 관리잘된집 조건협의가능함,25.07.10,"['25년이내', '올수리', '방세개', '화장실두개']",남향,13488314.523830194
경기도,용인시 기흥구,보라동,보라마을현대모닝사이드,매매,102동,10/19,440000000,115.19,OWNER,입주일협의 교통편리 초중고인접 조건협의가능함,25.07.04,"['25년이내', '방세개', '화장실두개', '중층']",남향,12627358.277628267
경기도,용인시 기흥구,보라동,보라마을현대모닝사이드,매매,101동,4/19,455000000,115.19,OWNER,입주일협의 내부샤시포함 특올수리 일조권좋음 아주깨끗,25.07.02,"['25년이내', '올수리', '방세개', '화장실두개']",남향,13057836.400729232
경기도,용인시 기흥구,보라동,보라마을현대모닝사이드,매매,101동,15/19,450000000,115.19,OWNER,"7월  입주 가능한 고층, 일부 수리한 깨끗한 집",25.07.01,"['25년이내', '방세개', '화장실두개', '고층']",남향,12914343.69302891
경기도,용인시 기흥구,보라동,보라마을현대모닝사이드,매매,101동,저/19,425000000,115.19,OWNER,급매 입주일협의 교통편리 초중고인접  깨끗,25.07.05,"['25년이내', '급매', '방세개', '화장실두개']",남향,12196880.154527305
경기도,용인시 기흥구,보라동,보라마을현대모닝사이드,매매,102동,고/19,455000000,115.19,DOC,입주날짜협의 일부수리됨 교통편리 초중고인접 깨끗,25.07.15,"['25년이내', '방세개', '화장실두개', '고층']",남향,13057836.400729232
경기도,용인시 기흥구,보라동,보라마을현대모닝사이드,매매,105동,19/19,460000000,115.19,DOC,탑층으로 층간 소음없고 전망 트여 해가 잘 들어요. 수리된 깨끗한 집,25.06.23,"['25년이내', '탑층', '방세개', '화장실두개']",남향,13201329.108429553
경기도,용인시 기흥구,보라동,보라마을현대모닝사이드,매매,105동,16/19,440000000,115.19,DOC,"로얄동,로얄층,환해요. 수리는 필요해요.",25.06.23,"['25년이내', '방세개', '화장실두개', '고층']",남향,12627358.277628267
경기도,용인시 기흥구,보라동,삼성래미안,매매,105동,14/15,440000000,104.58,OWNER,섀시포함 올 수리된 물건으로 주인 거주중임.입주일은 협의 가능,25.07.19,"['25년이상', '올수리', '방세개', '화장실두개']",남서향,13908447.121820617
경기도,용인시 기흥구,보라동,삼성래미안,매매,102동,5/15,440000000,104.58,OWNER,"삿시포함 전체수리, 정남향, 트인전망, 교통편리, 등하교편리",25.07.15,"['25년이상', '방세개', '화장실두개', '세대당1대']",남향,13908447.121820617
경기도,용인시 기흥구,보라동,삼성래미안,매매,105동,고/15,450000000,104.58,OWNER,"샷시포함 전체 올수리, 주인 거주로 관리 우수, 판상형, 교통편리,",25.07.04,"['25년이상', '올수리', '방세개', '화장실두개']",남서향,14224548.192771085
경기도,용인시 기흥구,보라동,삼성래미안,매매,101동,15/15,450000000,104.58,OWNER,"로얄동으로확트인전망,샷시포함올리모델링,보일러교체,배관청소완료,",25.06.28,"['25년이상', '보일러교체', '탑층', '방세개']",남향,14224548.192771085
경기도,용인시 기흥구,보라동,삼성래미안,월세,101동,1/15,"2,000/120",104.58,OWNER,,25.06.24,"['25년이상', '1층', '방세개', '화장실두개']",남향,
경기도,용인시 기흥구,보라동,삼성래미안,매매,104동,1/15,285000000,77.47,OWNER,"급매, 반전세안고, 1층,  편리한 교통,  정남향,",25.07.19,"['25년이상', '1층', '급매', '방세개']",남향,12161465.4059636
경기도,용인시 기흥구,보라동,삼성래미안,매매,102동,9/15,330000000,77.47,OWNER,"월세안고,수리,남향, 로얄동로얄층, 전망굿",25.07.15,"['25년이상', '방세개', '화장실한개', '중층']",남향,14081696.785852589
경기도,용인시 기흥구,보라동,삼성래미안,매매,104동,13/15,313000000,77.47,OWNER, 로얄동 급매 남향 가운데라인 일부수리됨 아주깨끗,25.07.09,"['25년이상', '급매', '방세개', '화장실한개']",남향,13356276.042338971
경기도,용인시 기흥구,보라동,삼성래미안,전세,104동,8/15,250000000,77.47,DOC,"입주일 협의 가능, 정남향,  교통 편리",25.07.15,"['25년이상', '방세개', '화장실한개', '중층']",남향,10667952.110494386
경기도,용인시 기흥구,보라동,삼성래미안,매매,102동,3/15,320000000,77.47,OWNER,긴세안고나 입주협의 내부샤시포함 전체올수리 ,25.07.04,"['25년이상', '올수리', '방세개', '화장실한개']",남향,13654978.701432813
경기도,용인시 기흥구,보라동,삼성래미안,매매,106동,저/15,320000000,77.47,OWNER,"월세안고,정원같은 전망입니다.초,중,고가 나란히 도보 5분 거리에",25.07.04,"['25년이상', '마당', '방세개', '화장실한개']",남동향,13654978.701432813
경기도,용인시 기흥구,보라동,삼성래미안,매매,104동,9/15,320000000,77.47,OWNER,전세안고  갭투자 추천 샷시 포함 화이트 올수리,25.06.27,"['25년이상', '올수리', '방세개', '화장실한개']",남향,13654978.701432813
경기도,용인시 기흥구,보라동,삼성래미안,매매,104동,저/15,310000000,77.47,OWNER,주인거주로 입주일 협의 가능.정 남향에 깔끔하게 관리 잘된 집,25.06.30,"['25년이상', '방세개', '화장실한개', '세대당1대']",남향,13228260.617013037
경기도,용인시 기흥구,보라동,삼성래미안,매매,102동,9/15,320000000,77.47,DOC,세대 내외부 샤시까지 올 수리된 매물로 월세 안고 매매 ,25.06.26,"['25년이상', '올수리', '방세개', '화장실한개']",남향,13654978.701432813
경기도,용인시 기흥구,보라동,삼성래미안,매매,102동,저/15,320000000,77.47,DOC,이사정상협의.남향집.기본상태.앞트인동.가운데라인,25.06.24,"['25년이상', '방세개', '화장실한개', '세대당1대']",남향,13654978.701432813
경기도,용인시 기흥구,보라동,용인보라우남퍼스트빌리젠트,매매,101동,1/3,1190000000,271.44,OWNER,"올리모델링,빠른입주가능,대리석마감,찜질방설치,넓은마당",25.07.10,"['25년이내', '마당', '1층', '화장실세개']",남서향,14492647.178013558
경기도,용인시 기흥구,보라동,용인보라우남퍼스트빌리젠트,전세,101동,1/3,900000000,271.44,DOCV2,숲 속의 테락스 타운 하우스  앞 마당 사용  전망 조망 별도 창고 2개,25.07.01,"['25년이내', '융자금없는', '마당', '1층']",남향,10960825.596816977
경기도,용인시 기흥구,보라동,용인보라우남퍼스트빌리젠트,매매,101동,1/3,1200000000,271.44,DOCV2,산속의 조용하고 쾌적한  테라스타운하우스  전망굿 조망굿 채광굿 창고2개,25.07.01,"['25년이내', '테라스', '1층', '대형평수']",남향,14614434.129089303
경기도,용인시 기흥구,보라동,용인보라우남퍼스트빌리젠트,전세,101동,3/3,600000000,242.09,OWNER,산속의 조용하고 쾌적한 탑층 복층 테라스 2개  테라스 하우스 전망 조망,25.07.19,"['25년이내', '융자금없는', '테라스', '복층']",남향,8193114.131108266
경기도,용인시 기흥구,보라동,용인보라우남퍼스트빌리젠트,매매,101동,고/3,990000000,242.09,OWNER,"실면적66,복층테라스,올 특수리,세대당 주차 3대가능,주인거주 중",25.07.19,"['25년이내', '테라스', '복층', '대형평수']",남향,13518638.31632864
경기도,용인시 기흥구,보라동,용인보라우남퍼스트빌리젠트,매매,101동,3/3,1290000000,242.09,OWNER,숲속 전원형 정통 타운하우스 복층형 올 인테리어된 집 매매,25.07.11,"['25년이내', '복층', '대형평수', '탑층']",남향,17615195.38188277
경기도,용인시 기흥구,보라동,용인보라효성해링턴플레이스,매매,105동,17/29,630000000,111.9,OWNER,개방감 있는 구고 인덕션 김치냉장고 안전방충망 시공 아주 깨끗 관리 잘됨,25.07.18,"['10년이내', '방세개', '화장실두개', '중층']",남동향,18611658.1769437
경기도,용인시 기흥구,보라동,용인보라효성해링턴플레이스,월세,103동,20/29,"6,000/150",111.9,OWNER,"입구동.중문,인덕션,아늑한 녹지뷰 민속촌",25.07.18,"['10년이내', '융자금적은', '방세개', '화장실두개']",남서향,
경기도,용인시 기흥구,보라동,용인보라효성해링턴플레이스,매매,110동,4/29,610000000,111.9,OWNER,"중문,알파룸 중문, 숲뷰, 가족실",25.07.17,"['10년이내', '방세개', '화장실두개', '세대당1대']",남동향,18020811.885612153
경기도,용인시 기흥구,보라동,용인보라효성해링턴플레이스,매매,102동,1/28,650000000,111.9,OWNER,"층간소음없는 1층,중문시공,중심상권이용편리한동",25.07.15,"['10년이내', '1층', '방세개', '화장실두개']",남동향,19202504.46827525
경기도,용인시 기흥구,보라동,용인보라효성해링턴플레이스,매매,110동,29/29,630000000,111.9,OWNER,"층간소음 걱정없는 탑층, 중문,더블뷰로 채광좋고 주변 상가이용편리",25.07.12,"['10년이내', '탑층', '방세개', '화장실두개']",남동향,18611658.1769437
경기도,용인시 기흥구,보라동,용인보라효성해링턴플레이스,매매,103동,고/29,620000000,111.9,MOBL,"전체올수리,욕실,바닥타일,주방,민속촌뷰",25.07.15,"['10년이내', '올수리', '방세개', '화장실두개']",남동향,18316235.031277925
경기도,용인시 기흥구,보라동,용인보라효성해링턴플레이스,전세,110동,중/29,390000000,111.9,DOC,"시스템에어컨3대,정상입주가,보라상권이용편리함",25.07.19,"['10년이내', '융자금없는', '방세개', '화장실두개']",남동향,11521502.680965148
경기도,용인시 기흥구,보라동,용인보라효성해링턴플레이스,매매,105동,중/29,600000000,111.9,DOC,민속촌뷰  풍경 매우좋음 주인거주,25.07.16,"['10년이내', '방세개', '화장실두개', '중층']",남동향,17725388.739946384
경기도,용인시 기흥구,보라동,용인보라효성해링턴플레이스,매매,102동,23/28,595000000,111.9,OWNER,"탑층,이면창으로 채광좋고 강화방범창, 상권,병원,약국등 가까움",25.06.28,"['10년이내', '방세개', '화장실두개', '고층']",남동향,17577677.167113494
경기도,용인시 기흥구,보라동,용인보라효성해링턴플레이스,매매,105동,23/29,620000000,110.83,MOBL,입주일 협의가능 방4개 중문 시공 초교 등교 편리,25.07.15,"['10년이내', '방네개이상', '화장실두개', '고층']",남동향,18493067.761436436
경기도,용인시 기흥구,보라동,용인보라효성해링턴플레이스,전세,103동,24/29,390000000,110.83,OWNER,"날짜는 8월 협의가능,융자무,집상태 깨끗하며,뷰좋음",25.07.16,"['10년이내', '방네개이상', '화장실두개', '고층']",남동향,11632736.172516467
경기도,용인시 기흥구,보라동,용인보라효성해링턴플레이스,매매,102동,21/28,650000000,110.83,OWNER,"시스템에어컨5대,방3개,정상입주가함",25.07.15,"['10년이내', '방세개', '화장실두개', '고층']",남동향,19387893.620860778
경기도,용인시 기흥구,보라동,용인보라효성해링턴플레이스,매매,109동,저/27,650000000,110.83,OWNER,"세안고 뷰좋으며,선호동,선호타입입니다",25.07.19,"['10년이내', '방네개이상', '화장실두개', '세대당1대']",남서향,19387893.620860778
경기도,용인시 기흥구,보라동,용인보라효성해링턴플레이스,매매,103동,24/29,670000000,110.83,OWNER,,25.07.11,"['10년이내', '방네개이상', '화장실두개', '고층']",남동향,19984444.19381034
경기도,용인시 기흥구,보라동,용인보라효성해링턴플레이스,매매,110동,27/29,670000000,110.83,OWNER,시스템3대 보조주방 중문 안전방범창 줄눈,25.07.08,"['10년이내', '방네개이상', '화장실두개', '고층']",남동향,19984444.19381034
경기도,용인시 기흥구,보라동,용인보라효성해링턴플레이스,매매,103동,고/29,700000000,110.83,OWNER,"시에4대. 방4개,나무숲이 보이는 뷰",25.07.11,"['10년이내', '방네개이상', '화장실두개', '고층']",남동향,20879270.053234685
경기도,용인시 기흥구,보라동,용인보라효성해링턴플레이스,매매,105동,저/29,620000000,110.83,OWNER,"시스템에어컨3대,아늑한정원뷰,4베이 인기구조",25.07.10,"['10년이내', '방네개이상', '화장실두개', '세대당1대']",남동향,18493067.761436436
경기도,용인시 기흥구,보라동,용인보라효성해링턴플레이스,매매,102동,6/28,640000000,110.83,MOBL,예쁜 정원 조망 관리 잘 된 물건 방3개로 거실과 주방 넓은 구조,25.07.01,"['10년이내', '마당', '방세개', '화장실두개']",남동향,19089618.334386
경기도,용인시 기흥구,보라동,용인보라효성해링턴플레이스,매매,103동,24/29,670000000,110.83,NONE,"입구 동, 집상태 깨끗, 8월 입주 협의 가능합니다.",25.07.18,"['10년이내', '방네개이상', '화장실두개', '고층']",남동향,19984444.19381034
경기도,용인시 기흥구,보라동,용인보라효성해링턴플레이스,전세,103동,24/29,390000000,110.83,NONE,,25.07.16,"['10년이내', '방네개이상', '화장실두개', '고층']",남동향,11632736.172516467
경기도,용인시 기흥구,보라동,용인보라효성해링턴플레이스,매매,110동,15/29,580000000,101,OWNER,"중문,아일랜드식탁,미세방충망 시공,상권가까운 로얄동,뷰 좋아요",25.07.17,"['10년이내', '방세개', '화장실두개', '중층']",남서향,18983715.841584157
경기도,용인시 기흥구,보라동,용인보라효성해링턴플레이스,매매,101동,6/21,610000000,101,OWNER,"한보라상권이 가깝고 트윈뷰, 채광과 개방감이 좋은 구조",25.07.16,"['10년이내', '방세개', '화장실두개', '세대당1대']",남동향,19965632.17821782
경기도,용인시 기흥구,보라동,용인보라효성해링턴플레이스,전세,105동,27/29,390000000,101,OWNER,중문.초중이 가까워 아이들 키우기 좋음.입주협의,25.07.16,"['10년이내', '방세개', '화장실두개', '고층']",남서향,12764912.376237625
경기도,용인시 기흥구,보라동,용인보라효성해링턴플레이스,매매,106동,9/23,550000000,101,OWNER,"하시입주가,예쁜정원뷰,집상태완전 깨끗해요,초등학교 접근성 좋아요",25.07.15,"['10년이내', '방세개', '화장실두개', '중층']",남서향,18001799.504950494
경기도,용인시 기흥구,보라동,용인보라효성해링턴플레이스,매매,106동,저/23,540000000,101,OWNER,"세안고 , 나곡초 인접, 더블뷰라 채광좋고 환한집",25.07.19,"['10년이내', '방세개', '화장실두개', '세대당1대']",남서향,17674494.05940594
경기도,용인시 기흥구,보라동,용인보라효성해링턴플레이스,매매,103동,고/29,600000000,101,OWNER,"입구동,시스템에어컨2대,정상입주가",25.07.15,"['10년이내', '방세개', '화장실두개', '고층']",남서향,19638326.73267327
경기도,용인시 기흥구,보라동,용인보라효성해링턴플레이스,매매,106동,고/23,565000000,101,OWNER,"미세방충망, 줄눈, 중문 ,녹지뷰에 초중이 가까워요",25.07.12,"['10년이내', '방세개', '화장실두개', '고층']",남서향,18492757.673267327
경기도,용인시 기흥구,보라동,용인보라효성해링턴플레이스,매매,102동,20/28,560000000,101,OWNER,"입주는 협의가능,뷰 좋으며 가격절충가능해요",25.07.05,"['10년이내', '방세개', '화장실두개', '고층']",남서향,18329104.950495053
경기도,용인시 기흥구,보라동,용인보라효성해링턴플레이스,전세,106동,9/23,380000000,101,OWNER,"초학세권,정원뷰,거실넓은구조,스벅권,즉시입주가",25.07.05,"['10년이내', '융자금없는', '방세개', '화장실두개']",남서향,12437606.93069307
경기도,용인시 기흥구,보라동,용인보라효성해링턴플레이스,전세,108동,18/27,380000000,101,OWNER,"입주일 협의가능 융자무 거실넓고 개방감있는구조,중심상권이용편리한동",25.07.02,"['10년이내', '융자금없는', '방세개', '화장실두개']",남동향,12437606.93069307
경기도,용인시 기흥구,보라동,용인보라효성해링턴플레이스,매매,101동,2/21,540000000,101,DOC,"전망 및 채광 좋아요, 시스템에어컨 설치, 안전 방충망 설치",25.07.12,"['10년이내', '방세개', '화장실두개', '세대당1대']",남서향,17674494.05940594
경기도,용인시 기흥구,보라동,용인보라효성해링턴플레이스,매매,110동,고/29,550000000,101,OWNER,초급매. 세안고 매매. 막힘없고 시원한 뷰입니다,25.07.01,"['10년이내', '급매', '방세개', '화장실두개']",남서향,18001799.504950494
경기도,용인시 기흥구,보라동,용인보라효성해링턴플레이스,월세,101동,고/21,"5,000/140",101,DOC,"입주협의가능,조망좋으며 집상태 깨끗,상권이용하기 가까워요",25.07.11,"['10년이내', '방세개', '화장실두개', '고층']",남서향,
경기도,용인시 기흥구,보라동,용인보라효성해링턴플레이스,매매,108동,11/27,590000000,100.89,MOBL,"넓은펜트리,4베이인기구조,중문,탄성,줄눈,보라상권이용편리함",25.07.18,"['10년이내', '방세개', '화장실두개', '중층']",남서향,19332076.023391813
경기도,용인시 기흥구,보라동,용인보라효성해링턴플레이스,매매,104동,12/29,585000000,100.89,OWNER,"입구동이며 선호동 선호타입,뷰 좋으며 입주정상",25.07.18,"['10년이내', '방세개', '화장실두개', '중층']",남동향,19168244.870651204
경기도,용인시 기흥구,보라동,용인보라효성해링턴플레이스,매매,104동,26/29,590000000,100.89,OWNER,"옵션 시스템 4, 중문. 식세기, 음쓰기등 적극추천합니다.",25.07.16,"['10년이내', '방세개', '화장실두개', '고층']",남동향,19332076.023391813
경기도,용인시 기흥구,보라동,용인보라효성해링턴플레이스,매매,104동,중/29,600000000,100.89,OWNER,월세안고 I 대리석주방 I 투인원에어컨 I 엘베2 I 안전방충망 I 중문,25.07.21,"['10년이내', '방세개', '화장실두개', '중층']",북서향,19659738.32887303
경기도,용인시 기흥구,보라동,용인보라효성해링턴플레이스,매매,110동,9/29,580000000,100.89,DOCV2,"4베이인기구조,세끼고 매입가능,시스템에어컨,인덕션시공",25.07.18,"['10년이내', '방세개', '화장실두개', '세대당1대']",남서향,19004413.7179106
경기도,용인시 기흥구,보라동,용인보라효성해링턴플레이스,매매,108동,23/27,600000000,100.89,DOCV2,,25.07.16,"['10년이내', '방세개', '화장실두개', '고층']",남동향,19659738.32887303
경기도,용인시 기흥구,보라동,용인보라효성해링턴플레이스,매매,105동,19/29,600000000,100.89,OWNER,"입구동,중문,탄성,화장실미끄럼방지타일교체,집상태 깨끗,입주협의가능",25.07.10,"['10년이내', '방세개', '화장실두개', '중층']",남서향,19659738.32887303
경기도,용인시 기흥구,보라동,용인보라효성해링턴플레이스,매매,105동,저/29,550000000,100.89,OWNER,"미세방충망,중문시공,정상입주가,초등학교 접근성좋아요",25.07.15,"['10년이내', '방세개', '화장실두개', '세대당1대']",남서향,18021426.801466946
경기도,용인시 기흥구,보라동,용인보라효성해링턴플레이스,매매,107동,26/29,590000000,100.89,OWNER,"확트인뷰,중문시공,4베이 인기구조,초등학교 접근성좋아요",25.07.08,"['10년이내', '방세개', '화장실두개', '고층']",남서향,19332076.023391813
경기도,용인시 기흥구,보라동,용인보라효성해링턴플레이스,매매,106동,고/23,600000000,100.89,DOCV2,주인거주  아주깨끗함   거실 뷰좋음  채광굿,25.07.16,"['10년이내', '방세개', '화장실두개', '고층']",남서향,19659738.32887303
경기도,용인시 기흥구,보라동,용인보라효성해링턴플레이스,매매,105동,5/29,580000000,100.89,DOC,"넓은 펜트리,  중문설치 드레스룸",25.07.15,"['10년이내', '방세개', '화장실두개', '세대당1대']",남서향,19004413.7179106
경기도,용인시 기흥구,보라동,용인보라효성해링턴플레이스,매매,111동,저/28,600000000,100.89,OWNER,"집앞공원뷰, 펜트리.세탁실,드레스룸이 크고 도보로 상가이용편리",25.07.09,"['10년이내', '방세개', '화장실두개', '세대당1대']",남서향,19659738.32887303
경기도,용인시 기흥구,보라동,용인보라효성해링턴플레이스,매매,111동,고/28,600000000,100.89,OWNER,"시스템3대 중문 인덕션 미세방충망,펜트리,드레스룸,세탁실넓은4베이 구조",25.07.09,"['10년이내', '방세개', '화장실두개', '고층']",남서향,19659738.32887303
경기도,용인시 기흥구,보라동,용인보라효성해링턴플레이스,매매,101동,2/21,580000000,100.89,OWNER,즉시 입주협의 .드레스룸. 중문.주이거주 깨끗하고  좋은 집,25.06.27,"['10년이내', '필로티', '방세개', '화장실두개']",남동향,19004413.7179106
경기도,용인시 기흥구,보라동,용인보라효성해링턴플레이스,매매,104동,저/29,600000000,100.89,OWNER,"엘베2대,입구동,방2개확장,정상입주가",25.07.02,"['10년이내', '방두개', '화장실두개', '세대당1대']",남서향,19659738.32887303
경기도,용인시 기흥구,보라동,용인보라효성해링턴플레이스,매매,107동,25/29,580000000,100.89,OWNER,,25.06.26,"['10년이내', '방세개', '화장실두개', '고층']",남서향,19004413.7179106
경기도,용인시 기흥구,보라동,용인보라효성해링턴플레이스,매매,106동,중/23,570000000,100.89,OWNER,"0.0  입주부터 주인 거주로 관리  잘 된 집, 막힘없는 뷰.",25.06.28,"['10년이내', '방세개', '화장실두개', '중층']",남서향,18676751.41242938
경기도,용인시 기흥구,보라동,용인보라효성해링턴플레이스,매매,105동,저/29,565000000,100.89,OWNER,"팬트리,세탁실넓은4베이인기구조,정원뷰",25.06.27,"['10년이내', '방세개', '화장실두개', '세대당1대']",남서향,18512920.259688772
경기도,용인시 기흥구,보라동,용인보라효성해링턴플레이스,매매,104동,저/29,580000000,100.89,OWNER,"시스템3대,중문,줄눈베란다까지,음식물처리기 정원뷰",25.06.24,"['10년이내', '방세개', '화장실두개', '세대당1대']",남서향,19004413.7179106
경기도,용인시 기흥구,보라동,용인보라효성해링턴플레이스,매매,108동,14/27,550000000,100.89,DOC,"세안고 전세금 삼억삼천육백오십만원,상권이용편리,선호타입",25.06.27,"['10년이내', '방세개', '화장실두개', '중층']",남서향,18021426.801466946
경기도,용인시 기흥구,보라동,용인보라효성해링턴플레이스,매매,108동,19/27,600000000,100.54,OWNER,"중문, 미세방충망,인덕션,탄성,가족실등 이 있어요,뷰맛집",25.07.19,"['10년이내', '방세개', '화장실두개', '고층']",남동향,19728177.839665804
경기도,용인시 기흥구,보라동,용인보라효성해링턴플레이스,매매,106동,2/23,600000000,100.54,OWNER,"타워형이며,가족실 있어서 피아노실,컴퓨터방,서재등 활용도 높아요",25.07.16,"['10년이내', '방세개', '화장실두개', '세대당1대']",남서향,19728177.839665804
경기도,용인시 기흥구,보라동,용인보라효성해링턴플레이스,매매,106동,8/23,590000000,100.54,OWNER,,25.07.01,"['10년이내', '방세개', '화장실두개', '중층']",남동향,19399374.875671376
경기도,용인시 기흥구,보라동,풍산에코빌(도시형),매매,102동,2/4,200000000,63.86,DOC,남향  확트인 전망 입주정상,25.06.25,"['10년이내', '방세개', '화장실한개', '중층']",남향,10353225.806451613
경기도,용인시 기흥구,보라동,한보라더힐,매매,604동,17/22,460000000,111.95,OWNER,기본형 화이트 톤 중문 탄성코팅 하심 정상 입주 동간거리가 넓어요.,25.07.19,"['25년이내', '방세개', '화장실두개', '고층']",남향,13583395.265743636
경기도,용인시 기흥구,보라동,한보라더힐,매매,604동,4/22,445000000,111.95,OWNER,"방2확장및 전등LED 교체,결로없는 가운데 라인 깨끗한집,단지옆 초중고",25.07.18,"['25년이내', '방세개', '화장실두개', '세대당1대']",남향,13140458.463599822
경기도,용인시 기흥구,보라동,한보라더힐,매매,604동,4/22,450000000,111.95,OWNER,"전세 안고,남향으로 햇볕 잘드는 올확장 된 깨끗한 집. 화이트로 올수리함",25.07.15,"['25년이내', '올수리', '방세개', '화장실두개']",남향,13288104.064314427
경기도,용인시 기흥구,보라동,한보라더힐,매매,604동,8/22,450000000,111.95,OWNER,베란다 있는 기본형 가운데라인 따뜻한집 ,25.07.12,"['25년이내', '방세개', '화장실두개', '중층']",남향,13288104.064314427
경기도,용인시 기흥구,보라동,한보라더힐,매매,603동,22/25,480000000,111.93,OWNER,기흥호수 조망이 가능한 파노라마 뷰 와 시원한 통풍이 장점인 매물입니다.,25.07.21,"['25년이내', '방세개', '화장실두개', '고층']",남서향,14176510.318949344
경기도,용인시 기흥구,보라동,한보라더힐,매매,610동,10/25,440000000,111.93,OWNER,베란다 있는 기본형  광복절이후 수리 기간 드릴 수 있어요. 급매,25.07.19,"['25년이내', '급매', '방세개', '화장실두개']",남서향,12995134.459036898
경기도,용인시 기흥구,보라동,한보라더힐,전세,611동,7/25,240000000,111.93,OWNER,기본형 집깨끗 저렴한 매물 9월 말이 후 10월도 가능 입주,25.07.17,"['25년이내', '융자금적은', '방세개', '화장실두개']",남서향,7088255.159474672
경기도,용인시 기흥구,보라동,한보라더힐,매매,610동,4/25,475000000,111.93,OWNER,전체인테리어 시스템에어컨3대 산조망으로 아늑한 뷰 입주일 협의,25.07.15,"['25년이내', '방세개', '화장실두개', '세대당1대']",남동향,14028838.336460287
경기도,용인시 기흥구,보라동,한보라더힐,매매,603동,19/25,470000000,111.93,OWNER,"기흥호수 조망이 멋진 주인 거주 깨끗한 집,초중고 및 보라도서관 바로 옆",25.07.15,"['25년이내', '방세개', '화장실두개', '고층']",남서향,13881166.353971232
경기도,용인시 기흥구,보라동,한보라더힐,매매,611동,20/25,495000000,111.93,OWNER,3년전  한샘으로 올수리 해서 아주 깨끗하고 호수가 바라보이는 집 정상입,25.07.15,"['25년이내', '올수리', '방세개', '화장실두개']",남서향,14619526.26641651
경기도,용인시 기흥구,보라동,한보라더힐,매매,611동,15/25,450000000,111.93,OWNER,올확장 정상 입주 가능합니다.,25.07.15,"['25년이내', '방세개', '화장실두개', '중층']",남서향,13290478.42401501
경기도,용인시 기흥구,보라동,한보라더힐,매매,610동,20/25,490000000,111.93,OWNER,산조망이 이쁜 기본형으로 집주인이 거주해서 깨끗합니다.,25.07.12,"['25년이내', '방세개', '화장실두개', '고층']",남동향,14471854.283927456
경기도,용인시 기흥구,보라동,한보라더힐,매매,611동,21/25,470000000,111.93,OWNER,기흥호수 조망이 가능한 파노라마 뷰 와 시원한 통풍이 장점인 매물입니다.,25.07.11,"['25년이내', '방세개', '화장실두개', '고층']",남향,13881166.353971232
경기도,용인시 기흥구,보라동,한보라더힐,매매,609동,4/25,470000000,111.93,OWNER,맨 앞동으로 산조망이 이뻐용요. 정상 입주 가능합니다. 화분 키우기 좋아,25.07.10,"['25년이내', '방세개', '화장실두개', '세대당1대']",남서향,13881166.353971232
경기도,용인시 기흥구,보라동,한보라더힐,매매,610동,13/25,450000000,111.93,OWNER,"올확장 된 로열층 조망 좋은 집,단지옆 초중고및 보라도서관,이마트 앞",25.07.09,"['25년이내', '방세개', '화장실두개', '중층']",남서향,13290478.42401501
경기도,용인시 기흥구,보라동,한보라더힐,매매,611동,고/25,470000000,111.93,OWNER,올확장 중문 화이트인테리어 산조망  단지앞이마트,25.07.15,"['25년이내', '방세개', '화장실두개', '고층']",남동향,13881166.353971232
경기도,용인시 기흥구,보라동,한보라더힐,매매,609동,24/25,480000000,111.93,OWNER,"기본형 숲 조망 멋진집,화장실 변기및 LED 교체,안방 한샘붙박이장 설치",25.07.05,"['25년이내', '방세개', '화장실두개', '고층']",남동향,14176510.318949344
경기도,용인시 기흥구,보라동,한보라더힐,매매,611동,24/25,550000000,111.93,DOC,올학장 올 수리 호수조망 본인 세안고도 가능합합니다. 정상 입주,25.07.01,"['25년이내', '올수리', '방세개', '화장실두개']",남서향,16243918.073796123
경기도,용인시 기흥구,보라동,한보라더힐,매매,610동,13/25,450000000,111.93,NONE,"올확장 된 로열층 깨끗한집,단지앞 이마트,단지옆 초중고,보라도서관 ",25.07.10,"['25년이내', '방세개', '화장실두개', '중층']",남서향,13290478.42401501
경기도,용인시 기흥구,보라동,한보라더힐,매매,610동,저/25,475000000,111.93,NONE,"산조망 멋짐,도배장판,LED교체,SYS에어콘 3대설치등 화이트 인테리어 ",25.07.10,"['25년이내', '방세개', '화장실두개', '세대당1대']",남동향,14028838.336460287
경기도,용인시 기흥구,보라동,한보라더힐,매매,609동,24/25,480000000,111.93,NONE,"기본형으로 숲조망 멋진집,변기및 LED 전등교체,안방 한샘붙박이장 설치",25.07.10,"['25년이내', '방세개', '화장실두개', '고층']",남서향,14176510.318949344
경기도,용인시 기흥구,보라동,한보라더힐,매매,609동,4/25,470000000,111.93,NONE,"앞이 탁트인 기본형으로 어르신들 거주하기 좋음,단지앞 이마트",25.07.10,"['25년이내', '방세개', '화장실두개', '세대당1대']",남서향,13881166.353971232
경기도,용인시 기흥구,보라동,한보라더힐,매매,607동,14/18,450000000,111.91,OWNER,"일조권,조망권 좋은 매물 입니다.올 확장 주인 거주 중, 입주일 협의 ",25.07.21,"['25년이내', '방세개', '화장실두개', '고층']",남향,13292853.632383166
경기도,용인시 기흥구,보라동,한보라더힐,매매,607동,1/18,410000000,111.91,OWNER,아이 키우기 좋은 1층 확장 집 해잘드는 1층  27.1.22 세안고,25.07.18,"['25년이내', '1층', '방세개', '화장실두개']",남향,12111266.642837996
경기도,용인시 기흥구,보라동,한보라더힐,매매,605동,16/16,470000000,111.91,OWNER,"올확장 된 탑층으로 다락방 있음, 높은 천정고에 개방감 좋음 남향 임",25.07.15,"['25년이내', '탑층', '방세개', '화장실두개']",남향,13883647.127155753
경기도,용인시 기흥구,보라동,한보라더힐,매매,608동,5/16,470000000,111.91,OWNER,"화이트올수리,중문,붙박이장,숲조망으로전망좋음,주인거주중,집상태완전양호,",25.07.15,"['25년이내', '올수리', '방세개', '화장실두개']",남향,13883647.127155753
경기도,용인시 기흥구,보라동,한보라더힐,매매,608동,3/16,500000000,111.91,OWNER,피로티 3층으로 해잘들고 아이키우기 짱  주방수리 함 정상입주,25.07.11,"['25년이내', '주방교체', '필로티', '방세개']",남향,14769837.36931463
경기도,용인시 기흥구,보라동,한보라더힐,매매,608동,7/16,465000000,111.91,OWNER,최근에 부분 수리해서 깨끗합니다.정상 입주 거실및 방1개 확장 따듯,25.07.10,"['25년이내', '방한개', '화장실두개', '중층']",남향,13735948.753462605
경기도,용인시 기흥구,보라동,한보라더힐,매매,608동,9/16,470000000,111.91,OWNER,"단지에서 가장 선호하는 정남향  맨 앞동, 햇볕 잘 들고 산조망 멋짐",25.07.03,"['25년이내', '방세개', '화장실두개', '중층']",남향,13883647.127155753
경기도,용인시 기흥구,보라동,한보라더힐,매매,602동,18/18,500000000,111.91,OWNER,화이트 올수리 주방 거실  폴딩도어  방1개 확장.붙밖이장 정상입주,25.07.01,"['25년이내', '올수리', '복층', '탑층']",남서향,14769837.36931463
경기도,용인시 기흥구,보라동,한보라더힐,매매,605동,1/16,430000000,111.91,OWNER,"확장형,화이트로 올수리한 주인거주 깨끗한집,남향으로 햇볕 잘듬",25.06.28,"['25년이내', '올수리', '1층', '방세개']",남향,12702060.13761058
경기도,용인시 기흥구,보라동,한보라더힐,매매,606동,2/17,450000000,111.91,OWNER,"방2확장,전등LED 교체및 씽크대 교체및,화이트 인테리어 한 가운데 라인",25.06.25,"['25년이내', '방세개', '화장실두개', '세대당1대']",남향,13292853.632383166
경기도,용인시 기흥구,보라동,한보라더힐,매매,608동,13/16,460000000,111.91,OWNER,호수 조망 방1개 거실 1개 확장 즉시 입주 가능 수리기간 드려,25.06.25,"['25년이내', '방한개', '화장실두개', '고층']",남향,13588250.379769458
경기도,용인시 기흥구,보라동,한보라더힐,매매,608동,7/16,475000000,111.91,NONE,"올확장,올 인테리어된 깨끗한집,맨 앞동이라 산조망 좋아요,단지앞 이마트.",25.07.10,"['25년이내', '방세개', '화장실두개', '중층']",남향,14031345.500848899
경기도,용인시 기흥구,보라동,한보라더힐,매매,605동,16/16,470000000,111.91,NONE,"탑층에 다락방,남향으로 올확장된 집",25.07.10,"['25년이내', '탑층', '방세개', '화장실두개']",남향,13883647.127155753
경기도,용인시 기흥구,보라동,한보라더힐,매매,611동,1/25,410000000,100.03,OWNER,"전세안고 저렴하게 매수가능,올확장 된 깨끗한집,이마트 바로 앞",25.07.18,"['25년이내', '1층', '방세개', '화장실두개']",남서향,13549653.603918824
경기도,용인시 기흥구,보라동,한보라더힐,매매,610동,17/25,425000000,100.03,OWNER,"호수조망,전망좋은집,주인거주,집상태양호,정상입주가능",25.07.15,"['25년이내', '방세개', '화장실두개', '고층']",남서향,14045372.638208538
경기도,용인시 기흥구,보라동,한보라더힐,매매,601동,14/22,400000000,100.03,OWNER,초중고 및 상가 바로 옆으로 베란다 있어요. 협의 가능,25.07.10,"['25년이내', '방세개', '화장실두개', '중층']",남서향,13219174.247725684
경기도,용인시 기흥구,보라동,한보라더힐,매매,601동,7/22,420000000,100.03,OWNER,"올확장,중문설치및 전등 LED교체등 수리하여 깨끗한 집,단지옆 초중고",25.07.09,"['25년이내', '방세개', '화장실두개', '세대당1대']",남서향,13880132.960111968
경기도,용인시 기흥구,보라동,한보라더힐,매매,611동,1/25,410000000,100.03,NONE,"전세안고,올확장된 깨끗한집,단지앞 이마트및 단지옆 초중고및 보라도서관",25.07.10,"['25년이내', '1층', '방세개', '화장실두개']",남서향,13549653.603918824
경기도,용인시 기흥구,보라동,한보라마을1단지한양수자인,매매,103동,1/4,590000000,209.47,DOC,,25.07.15,"['25년이내', '1층', '대형평수', '방네개이상']",남서향,9311181.314746741
경기도,용인시 기흥구,보라동,한보라마을1단지한양수자인,매매,104동,1/4,600000000,209.47,DOC,세안고 27년3월 조용하고 쾌적한 숲 속의 전원주택같은 복층 타운하우스,25.07.01,"['25년이내', '1층', '복층', '대형평수']",남서향,9468997.947200077
경기도,용인시 기흥구,보라동,한보라마을1단지한양수자인,전세,103동,1/4,500000000,209.47,DOC,"숲세권에 위치한 타운하우스 귀한 전세,지층 방있는 구조",25.06.30,"['25년이내', '1층', '대형평수', '방세개']",남향,7890831.622666731
경기도,용인시 기흥구,보라동,한보라마을1단지한양수자인,매매,104동,2/4,530000000,167.29,DOCV2,화이트 올수리 숲속의 조용하고 쾌적한 별장 콘도같은집  비확장 정상입주,25.07.19,"['25년이내', '올수리', '대형평수', '방세개']",남서향,10473226.433140058
경기도,용인시 기흥구,보라동,한보라마을1단지한양수자인,매매,104동,2/4,640000000,167.29,OWNER,올확장. 시스템에어컨.트인전망.넓은 전원주택  같은 단지,25.07.11,"['25년이내', '대형평수', '방세개', '화장실두개']",남서향,12646914.93813139
경기도,용인시 기흥구,보라동,한보라마을1단지한양수자인,매매,104동,4/4,750000000,167.29,DOC,잣나무배경으로 숲 속의 별장 콘도같은 복층 타운하우스  주차공간 널널,25.07.01,"['25년이내', '복층', '대형평수', '탑층']",남서향,14820603.443122722
경기도,용인시 기흥구,보라동,한보라마을1단지한양수자인,매매,103동,2/4,540000000,167.29,DOC,화이트올수리 숲속의 조용하고 쾌적하고  채광굿 전망굿 별장 콘도같은집,25.06.27,"['25년이내', '올수리', '대형평수', '방네개이상']",남서향,10670834.47904836
경기도,용인시 기흥구,보라동,한보라마을1단지한양수자인,매매,104동,4/4,700000000,167.29,NONE,탑층 복층 초 숲세권의 조용하고 쾌적한 타운하우스 전망 조망 채광굿,25.07.01,"['25년이내', '복층', '대형평수', '탑층']",남서향,13832563.213581208
경기도,용인시 기흥구,보라동,한보라마을1단지한양수자인,전세,102동,4/4,500000000,140.95,OWNER,숲세권 복층형 테라스 있는 타운하우스 빠른 입주 가능 ,25.07.19,"['25년이내', '융자금없는', '테라스', '복층']",남향,11726800.28378858
경기도,용인시 기흥구,보라동,한보라마을1단지한양수자인,매매,102동,4/4,600000000,140.95,OWNER,,25.07.16,"['25년이내', '대형평수', '탑층', '방세개']",남서향,14072160.340546295
경기도,용인시 기흥구,보라동,한보라마을1단지한양수자인,매매,105동,1/4,600000000,140.95,OWNER,화이트 올수리 시스템에어컨 설치 조용하고 쾌적한 전원주택같은 타운하우스,25.07.15,"['25년이내', '올수리', '1층', '대형평수']",남서향,14072160.340546295
경기도,용인시 기흥구,보라동,한보라마을1단지한양수자인,매매,107동,2/4,490000000,140.95,OWNER,"급매, 즉시 입주가 가능, 인테리어기간 제공 가능, 기반시설 이용편리",25.07.15,"['25년이내', '급매', '대형평수', '방세개']",남서향,11492264.278112808
경기도,용인시 기흥구,보라동,한보라마을1단지한양수자인,매매,106동,3/4,530000000,140.95,DOCV2,조용하고 쾌적한 타운하우스 주차공간 넉넉하고 엘레베이터 지하 주차장연결,25.07.19,"['25년이내', '대형평수', '방세개', '화장실두개']",남서향,12430408.300815895
경기도,용인시 기흥구,보라동,한보라마을1단지한양수자인,매매,105동,2/4,550000000,140.95,DOCV2,조용하고 쾌적한 초 숲세권의 타운하우스  중심상권이 가까워 생활편리,25.07.18,"['25년이내', '대형평수', '방세개', '화장실두개']",남서향,12899480.312167438
경기도,용인시 기흥구,보라동,한보라마을1단지한양수자인,매매,101동,4/4,680000000,140.95,OWNER,조용하고 쾌적한 숲 세권의  탑층 복층의 타운하우스 주차공간넉넉 엘베연결,25.07.12,"['25년이내', '복층', '대형평수', '탑층']",남서향,15948448.385952469
경기도,용인시 기흥구,보라동,한보라마을1단지한양수자인,전세,102동,1/4,370000000,140.95,OWNER,쾌적하고 조용한 전원주택같은 타운하우스  관리깨끗 주차공간 넉넉 엘베연결,25.07.11,"['25년이내', '1층', '대형평수', '방세개']",남서향,8677832.21000355
경기도,용인시 기흥구,보라동,한보라마을1단지한양수자인,매매,107동,3/4,550000000,140.95,OWNER,화이트올수리 조용하고 쾌적한 타운하우스 주차공간넉넉 지하주차장 엘베연결,25.07.11,"['25년이내', '올수리', '대형평수', '방세개']",남서향,12899480.312167438
경기도,용인시 기흥구,보라동,한보라마을1단지한양수자인,매매,107동,4/4,610000000,140.95,OWNER,숲 세권의 조용하고 쾌적한 탑층 복층으로 테라스 타운하우스 빠른입주,25.07.10,"['25년이내', '테라스', '복층', '대형평수']",남서향,14306696.346222065
경기도,용인시 기흥구,보라동,한보라마을1단지한양수자인,매매,105동,1/4,470000000,140.95,DOC,,25.07.18,"['25년이내', '1층', '대형평수', '방세개']",남서향,11023192.266761266
경기도,용인시 기흥구,보라동,한보라마을1단지한양수자인,매매,108동,3/4,550000000,140.95,NDOC1,세안고 저렴한 매물 깨끗이 관리된집 주차굿 바로 입주 가능,25.07.08,"['25년이내', '대형평수', '방세개', '화장실두개']",남서향,12899480.312167438
경기도,용인시 기흥구,보라동,한보라마을1단지한양수자인,매매,108동,3/4,550000000,140.95,NONE,월세안고 매매 투자하실분,25.07.20,"['25년이내', '대형평수', '방세개', '화장실두개']",남서향,12899480.312167438
경기도,용인시 기흥구,보라동,한보라마을1단지한양수자인,매매,105동,1/4,470000000,140.95,NONE," 조용하고 쾌적한 콘도나 별장, 전원주택같은 타운하우스 빠른입주",25.07.01,"['25년이내', '1층', '대형평수', '방세개']",남서향,11023192.266761266
경기도,용인시 기흥구,보라동,한보라마을1단지한양수자인,매매,106동,4/4,750000000,140.95,NONE,정상입주 조용한타운하우스 탑층 복층 테라스 초슾세권의 별장 콘도같은집,25.07.01,"['25년이내', '테라스', '복층', '대형평수']",남서향,17590200.42568287
경기도,용인시 기흥구,보라동,한보라마을2단지일성트루엘,매매,205동,1/4,800000000,209.57,OWNER,앞마당 사용하는 1층 타운하우스 복층으로 산조망  별장 콘도 전원주택같은,25.07.19,"['25년이내', '마당', '1층', '복층']",남서향,12619306.198406262
경기도,용인시 기흥구,보라동,한보라마을2단지일성트루엘,매매,205동,1/4,800000000,209.57,NONE,화이트수리 초 숲세권의 조용하고 쾌적한타운하우스 전망 조망굿 전원주택같은,25.07.01,"['25년이내', '1층', '대형평수', '방네개이상']",남서향,12619306.198406262
경기도,용인시 기흥구,보라동,한보라마을2단지일성트루엘,매매,201동,1/4,1200000000,192.01,OWNER,숲속의 조용하고 쾌적한 전원주택같은 1층 복층 타운하우스,25.07.19,"['25년이내', '1층', '복층', '대형평수']",남서향,20660080.204156034
경기도,용인시 기흥구,보라동,한보라마을2단지일성트루엘,매매,201동,1/4,1295000000,192.01,OWNER,완전 샷시까지 올수리 조용하고 쾌적한 전원주택 별장 콘도같은 복층타운하우,25.07.19,"['25년이내', '올수리', '1층', '복층']",남서향,22295669.886985056
경기도,용인시 기흥구,보라동,한보라마을2단지일성트루엘,매매,201동,1/4,720000000,192.01,OWNER,"지하복층형 타운하우스 ,지하주차장 엘리베이터 연결,숲세권에 위치함.",25.07.19,"['25년이내', '1층', '복층', '대형평수']",남향,12396048.122493621
경기도,용인시 기흥구,보라동,한보라마을2단지일성트루엘,매매,202동,1/4,700000000,192.01,OWNER,"1층 복층  세대 개별 창고 ,주차공간 넉넉, 지하주차장 엘베연결,",25.07.11,"['25년이내', '1층', '복층', '대형평수']",남서향,12051713.452424355
경기도,용인시 기흥구,보라동,한보라마을2단지일성트루엘,매매,203동,1/4,750000000,192.01,OWNER,"복층형, 럭셔리타운하우스,조용한숲조망, 지하작업실공간넓음,부분수리완료",25.07.08,"['25년이내', '1층', '복층', '대형평수']",남향,12912550.127597522
경기도,용인시 기흥구,보라동,한보라마을2단지일성트루엘,매매,202동,1/4,750000000,192.01,OWNER,,25.06.25,"['25년이내', '1층', '복층', '대형평수']",남서향,12912550.127597522
경기도,용인시 기흥구,보라동,한보라마을2단지일성트루엘,매매,203동,1/4,750000000,192.01,DOC,"복층형 정통 타운하우스 매매,세대 내부 수리되어 있음,컨디션 최상",25.06.30,"['25년이내', '1층', '복층', '대형평수']",남향,12912550.127597522
경기도,용인시 기흥구,보라동,한보라마을2단지일성트루엘,매매,205동,2/4,700000000,171.41,OWNER,"화이트 올수리 숲 속의 조용하고 쾌적한 콘도, 별장 같은집 초중고교바로",25.07.11,"['25년이내', '올수리', '대형평수', '방네개이상']",남서향,13500084.592497522
경기도,용인시 기흥구,보라동,한보라마을2단지일성트루엘,매매,205동,3/4,820000000,171.41,DOC,"주인거주 언제든 협의입주 가능하고, 올수리되어 깔끔합니다",25.07.17,"['25년이내', '올수리', '대형평수', '방네개이상']",남서향,15814384.80835424
경기도,용인시 기흥구,보라동,한보라마을2단지일성트루엘,매매,205동,2/4,700000000,171.41,NONE,화이트 올수리 숲속의 조용하고 쾌적한 별장 콘도같은집 ,25.07.01,"['25년이내', '올수리', '대형평수', '방네개이상']",남서향,13500084.592497522
경기도,용인시 기흥구,보라동,한보라마을2단지일성트루엘,매매,203동,2/4,670000000,152.17,OWNER,완전 올수리  수리안하고 오실분환영 숲속의 화이트 하우스 별장 콘도같은집,25.07.19,"['25년이내', '올수리', '대형평수', '방네개이상']",남향,14555273.378458304
경기도,용인시 기흥구,보라동,한보라마을2단지일성트루엘,매매,201동,2/4,600000000,152.17,OWNER,초 숲세권의 조용하고 쾌적한 타운하우스 주차공간 넉넉 엘베 지하주창장연결,25.07.19,"['25년이내', '대형평수', '방네개이상', '화장실두개']",남서향,13034573.174738782
경기도,용인시 기흥구,보라동,한보라마을2단지일성트루엘,매매,204동,4/4,870000000,152.17,OWNER,억들여  올수리  숲속의 탑층 복층 테라스하우스 별장 콘도같은집 정상입주,25.07.19,"['25년이내', '올수리', '테라스', '복층']",남서향,18900131.103371233
경기도,용인시 기흥구,보라동,한보라마을2단지일성트루엘,매매,203동,2/4,600000000,152.17,DOCV2,세안고12월입주  조용하고 쾌적한 타운하우스 주차공간넉넉  엘베지하주차장,25.07.21,"['25년이내', '대형평수', '방네개이상', '화장실두개']",남서향,13034573.174738782
경기도,용인시 기흥구,보라동,한보라마을2단지일성트루엘,매매,206동,4/4,1000000000,152.17,OWNER,"집컨디션굿,넓은2층복층구조,옥상테라스정원,입주일협의",25.07.05,"['25년이내', '테라스', '마당', '복층']",남향,21724288.624564633
경기도,용인시 기흥구,보라동,한보라마을2단지일성트루엘,매매,202동,2/4,670000000,152.17,OWNER,조용하고 쾌적한 타운하우스 주차공간 충분  지하주차장 엘베 연결 개별창고,25.07.01,"['25년이내', '대형평수', '방네개이상', '화장실두개']",남향,14555273.378458304
경기도,용인시 기흥구,보라동,한보라마을3단지화성파크드림,전세,308동,3/18,470000000,185.72,OWNER,"리모델링깔끔, 입주일협의",25.07.21,"['25년이내', '화장실두개', '대형평수', '방네개이상']",남향,8365921.548567737
경기도,용인시 기흥구,보라동,한보라마을3단지화성파크드림,매매,308동,3/18,650000000,185.72,OWNER,"화이트리모델링,숲세권아파트,입주일협의가능",25.07.21,"['25년이내', '화장실두개', '대형평수', '방네개이상']",남향,11569891.50333836
경기도,용인시 기흥구,보라동,한보라마을3단지화성파크드림,매매,306동,12/17,650000000,185.72,OWNER,숲 속의 전망 조망 채광굿 별장 콘도같은집 풀확장  주차공간굿 초학세권,25.07.19,"['25년이내', '대형평수', '방네개이상', '화장실두개']",남동향,11569891.50333836
경기도,용인시 기흥구,보라동,한보라마을3단지화성파크드림,매매,307동,13/21,580000000,185.72,OWNER,,25.07.15,"['25년이내', '대형평수', '방네개이상', '화장실두개']",남서향,10323903.18759423
경기도,용인시 기흥구,보라동,한보라마을3단지화성파크드림,매매,307동,12/21,630000000,185.72,OWNER,"전체원목바닥, 아주 깨끗, 지하 주차장 연결, 주차 공간 여유",25.07.15,"['25년이내', '대형평수', '방네개이상', '화장실두개']",남서향,11213894.841697179
경기도,용인시 기흥구,보라동,한보라마을3단지화성파크드림,매매,307동,8/21,610000000,185.72,DOCV2,초 학세권 도서관 유치원 초중고교 바로 초 숲세권의 앞 뒤전망 조용 쾌적,25.07.18,"['25년이내', '대형평수', '방네개이상', '화장실두개']",남서향,10857898.180055998
경기도,용인시 기흥구,보라동,한보라마을3단지화성파크드림,매매,307동,4/21,580000000,185.72,OWNER,급매 입주일협의 앞뒤전망좋음 지하주차장연결 깨끗,25.07.12,"['25년이내', '급매', '대형평수', '방네개이상']",남서향,10323903.18759423
경기도,용인시 기흥구,보라동,한보라마을3단지화성파크드림,매매,307동,18/21,650000000,185.72,OWNER,앞 뒤 전망굿  숲 조망굿 채광긋  조용하고 쾌적한동네의 별장 콘도같은집,25.07.11,"['25년이내', '대형평수', '방네개이상', '화장실두개']",남서향,11569891.50333836
경기도,용인시 기흥구,보라동,한보라마을3단지화성파크드림,매매,308동,16/18,650000000,185.72,OWNER,올수리 깨끗  숲속의 정남향으로 호수전망 초학세권 도서관 유치원 초중고교,25.07.11,"['25년이내', '올수리', '대형평수', '방네개이상']",남향,11569891.50333836
경기도,용인시 기흥구,보라동,한보라마을3단지화성파크드림,매매,308동,9/18,670000000,185.72,DOC,올수리 숲속의 조용하고 쾌적한 별장 콘도같은집 초 학세권 도서관 초중고교,25.07.19,"['25년이내', '올수리', '대형평수', '방네개이상']",남향,11925888.16497954
경기도,용인시 기흥구,보라동,한보라마을3단지화성파크드림,매매,308동,3/18,600000000,185.72,OWNER,"전원주택같이 조용하고 쾌적한 숲속의 아파트 초학세권  도서관 유아,초중고",25.07.05,"['25년이내', '대형평수', '방네개이상', '화장실두개']",남향,10679899.849235408
경기도,용인시 기흥구,보라동,한보라마을3단지화성파크드림,매매,307동,17/21,650000000,185.72,DOCV2,세안고 2026년5월 앞뒤전망굿 초 학세권   유치원 도서관 초중고교바로,25.07.08,"['25년이내', '대형평수', '방네개이상', '화장실두개']",남서향,11569891.50333836
경기도,용인시 기흥구,보라동,한보라마을3단지화성파크드림,매매,308동,13/18,650000000,185.72,OWNER,숲 속에 정남향 조용하고 쾌적한 별장 콘도같은집 수리 깨끗  초 학세권,25.07.01,"['25년이내', '대형평수', '방네개이상', '화장실두개']",남향,11569891.50333836
경기도,용인시 기흥구,보라동,한보라마을3단지화성파크드림,매매,306동,5/17,650000000,185.72,OWNER,"전망좋은 선호동,야경이멋진뷰,중문설치,기본형세안고",25.07.01,"['25년이내', '대형평수', '방네개이상', '화장실두개']",남동향,11569891.50333836
경기도,용인시 기흥구,보라동,한보라마을3단지화성파크드림,매매,307동,13/21,580000000,185.72,NONE,숲으로 쌓여진 앞뒤전망 조망 채광굿 도서관 유치원 도서관 초중고가바로,25.07.17,"['25년이내', '대형평수', '방네개이상', '화장실두개']",남서향,10323903.18759423
경기도,용인시 기흥구,보라동,한보라마을3단지화성파크드림,전세,308동,3/18,450000000,185.72,NONE,올수리 숲속의 별장 콘도 전원주택 같은집 빠른입주,25.07.01,"['25년이내', '올수리', '대형평수', '방네개이상']",남향,8009924.886926557
경기도,용인시 기흥구,보라동,한보라마을3단지화성파크드림,매매,307동,4/21,580000000,185.72,NONE,풀확장 앞 뒤전망굿 조용하고 쾌적한 별장 콘도같은집 풀확장 정상입주,25.07.01,"['25년이내', '대형평수', '방네개이상', '화장실두개']",남서향,10323903.18759423
경기도,용인시 기흥구,보라동,한보라마을3단지화성파크드림,매매,308동,13/18,650000000,185.72,NONE,숲속의 전망 조망 채광 조용하고 쾌적한 콘도 별장같은집 정상입주,25.07.01,"['25년이내', '대형평수', '방네개이상', '화장실두개']",남향,11569891.50333836
경기도,용인시 기흥구,보라동,한보라마을3단지화성파크드림,매매,307동,8/21,610000000,185.72,NONE,"숲세권,기본형,관리 잘해 깔끔,주차장 엘베연결,정상입주",25.06.23,"['25년이내', '대형평수', '방네개이상', '화장실두개']",남서향,10857898.180055998
경기도,용인시 기흥구,보라동,한보라마을3단지화성파크드림,매매,303동,17/17,520000000,151.36,OWNER,초 숲세권의 탑층 조용하고 쾌적한  초 학세권의 도서관 유치원 초중고교앞,25.07.19,"['25년이내', '대형평수', '탑층', '방네개이상']",남동향,11357083.773784354
경기도,용인시 기흥구,보라동,한보라마을3단지화성파크드림,매매,303동,9/17,550000000,151.36,OWNER,숲세권의 전망 조망 채광굿 조용하고 쾌적한 초 학세권의  초중고교를 품,25.07.18,"['25년이내', '대형평수', '방네개이상', '화장실두개']",남동향,12012300.145348838
경기도,용인시 기흥구,보라동,한보라마을3단지화성파크드림,매매,303동,1/17,520000000,151.36,OWNER,"아가들 층간소음걱정 끝,주차공간 넉넉. 유치원 도서관 초중고교가 바로",25.07.17,"['25년이내', '1층', '대형평수', '방네개이상']",남동향,11357083.773784354
경기도,용인시 기흥구,보라동,한보라마을3단지화성파크드림,전세,305동,15/18,440000000,151.36,OWNER,,25.07.17,"['25년이내', '융자금없는', '대형평수', '방네개이상']",남동향,9609840.11627907
경기도,용인시 기흥구,보라동,한보라마을3단지화성파크드림,매매,305동,16/18,570000000,151.36,OWNER,세안고 올수리 초숲세권 의 탑층  우물 천정으로 시원합니다  초 학세권,25.07.15,"['25년이내', '올수리', '대형평수', '방네개이상']",남동향,12449111.059725158
경기도,용인시 기흥구,보라동,한보라마을3단지화성파크드림,매매,303동,4/17,550000000,151.36,OWNER,,25.07.08,"['25년이내', '대형평수', '방네개이상', '화장실두개']",남동향,12012300.145348838
경기도,용인시 기흥구,보라동,한보라마을3단지화성파크드림,매매,304동,1/16,540000000,151.36,OWNER,입주 또는 세안고 풀확장 깨끗 전원주택같은 집 초 숲세권 초 학세권,25.07.05,"['25년이내', '1층', '대형평수', '방네개이상']",남서향,11793894.688160677
경기도,용인시 기흥구,보라동,한보라마을3단지화성파크드림,매매,303동,9/17,550000000,151.36,NONE,숲속의 조용하고 채광좋은 집 초중고교 도서관 유치원이 바로 협의입주,25.07.17,"['25년이내', '대형평수', '방네개이상', '화장실두개']",남동향,12012300.145348838
경기도,용인시 기흥구,보라동,한보라마을3단지화성파크드림,매매,303동,17/17,520000000,151.36,NONE,탑층 우물천정 관리깨끗 숲세권 초 학세권 빠른입주,25.07.17,"['25년이내', '대형평수', '탑층', '방네개이상']",남동향,11357083.773784354
경기도,용인시 기흥구,보라동,한보라마을3단지화성파크드림,매매,301동,5/12,550000000,149.82,OWNER,초 숲세권 조용하고 쾌적하며  초 학세권 도서관 유치원 초중고교가 바로앞,25.07.18,"['25년이내', '대형평수', '방네개이상', '화장실두개']",남동향,12135774.596182087
경기도,용인시 기흥구,보라동,한보라마을3단지화성파크드림,매매,301동,1/12,550000000,149.82,OWNER,귀한 1층 숲 세권의  조용하고 쾌적한 전원주택같은집 초 학세권 빠른입주,25.07.15,"['25년이내', '1층', '대형평수', '방네개이상']",남동향,12135774.596182087
경기도,용인시 기흥구,보라동,한보라마을3단지화성파크드림,매매,302동,11/12,570000000,149.82,OWNER,숲 세권의 전망굿 조망 채광굿 초 학세권 유치원 초중고교 도서관이 바로,25.07.15,"['25년이내', '대형평수', '방네개이상', '화장실두개']",남동향,12577075.490588708
경기도,용인시 기흥구,보라동,한보라마을3단지화성파크드림,매매,302동,3/12,570000000,149.82,OWNER,숲 세권  초 학 세권 도서관 유치원 초중고교가 바로  조용하고 쾌적한,25.07.11,"['25년이내', '대형평수', '방네개이상', '화장실두개']",남동향,12577075.490588708
경기도,용인시 기흥구,보라동,한보라마을3단지화성파크드림,매매,301동,2/12,510000000,149.82,DOCV2,"초 학세권 유치원,도서관,초중고교가 바로 조용하고 쾌적한 전원주택같은집",25.07.15,"['25년이내', '대형평수', '방네개이상', '화장실두개']",남동향,11253172.807368843
경기도,용인시 기흥구,보라동,한보라마을3단지화성파크드림,매매,302동,2/12,530000000,149.82,OWNER,피로티2층으로 깨끗하고 층간소음걱정끝 초학세권 유치원 도서관 초중고교바로,25.06.30,"['25년이내', '필로티', '대형평수', '방네개이상']",남동향,11694473.701775465
경기도,용인시 기흥구,보라동,한보라에듀포레,전세,503동,1/25,300000000,108.99,OWNER,입주협의 일조권좋은 필로티1층 깨끗 숲조망,25.07.17,"['25년이내', '1층', '필로티', '방세개']",남서향,9099325.62620424
경기도,용인시 기흥구,보라동,한보라에듀포레,매매,501동,6/12,500000000,108.99,OWNER,세안고 6층 탑층 복층 테라스  초 학세권 유치원 도서관 초중고교 바로,25.07.15,"['25년이내', '테라스', '복층', '방세개']",남동향,15165542.7103404
경기도,용인시 기흥구,보라동,한보라에듀포레,매매,502동,3/25,420000000,108.99,OWNER,"기본형,아이키우기좋음,유치원,초.중.고 옆,날자협의.",25.07.15,"['25년이내', '방세개', '화장실두개', '세대당1대']",남서향,12739055.876685936
경기도,용인시 기흥구,보라동,한보라에듀포레,월세,502동,중/25,"3,000/120",108.99,OWNER,"최근 도배로 깨끗, 유치,초,중,고 도보 5분이내,  도서관 이용 편리",25.07.19,"['25년이내', '방세개', '화장실두개', '중층']",남서향,
경기도,용인시 기흥구,보라동,한보라에듀포레,매매,503동,10/25,450000000,108.99,OWNER,"기본형,숲조망,초.중.고및도서관옆,주인거주로 관리잘됨.",25.07.09,"['25년이내', '방세개', '화장실두개', '중층']",남서향,13648988.43930636
경기도,용인시 기흥구,보라동,한보라에듀포레,매매,506동,6/8,450000000,108.99,OWNER,2년전 샤시 제외 화이트 올수리 2025.9.20일이후 둥기조건,25.07.08,"['25년이내', '올수리', '방세개', '화장실두개']",남동향,13648988.43930636
경기도,용인시 기흥구,보라동,한보라에듀포레,매매,503동,7/25,470000000,108.99,OWNER,"올리모델링,화이트,숲조망,전원단지,초.중.고및도서관옆.",25.07.04,"['25년이내', '방세개', '화장실두개', '세대당1대']",남서향,14255610.147719977
경기도,용인시 기흥구,보라동,한보라에듀포레,전세,503동,1/25,300000000,108.99,NONE,"8월중입주협의,필로티1층으로 수리(도배전체외~) ",25.07.01,"['25년이내', '1층', '필로티', '방세개']",남서향,9099325.62620424
경기도,용인시 기흥구,보라동,한보라에듀포레,매매,507동,12/15,440000000,108.98,OWNER,다락방 및 테라스 있는 깨끗한  가운데 라인 9월 전후 입주가,25.07.18,"['25년이내', '테라스', '방세개', '화장실두개']",남향,13346902.183886953
경기도,용인시 기흥구,보라동,한보라에듀포레,매매,507동,8/15,450000000,108.98,OWNER,올 확장. 남향.로얄층.전망좋음.초.중.고.보라도서관.,25.07.15,"['25년이내', '방세개', '화장실두개', '중층']",남향,13650240.869884383
경기도,용인시 기흥구,보라동,한보라에듀포레,매매,507동,12/15,430000000,108.98,OWNER,테라스와 복층 형태의 방 탑층 산조망 초 중 고 깨끗 2년 세안고 ,25.07.11,"['25년이내', '테라스', '복층', '방세개']",남동향,13043563.49788952
경기도,용인시 기흥구,보라동,한보라에듀포레,매매,507동,13/15,440000000,108.98,OWNER,에듀포레 의 정남향 따뜻한 집  조망우수 2026.3까지 세안고도 가능,25.07.03,"['25년이내', '방세개', '화장실두개', '고층']",남향,13346902.183886953
경기도,용인시 기흥구,보라동,한보라에듀포레,매매,507동,12/15,440000000,108.98,NONE,귀한 12층 탑층 복층 테라스하우스 초 학세권 도서관 유치원 초중고교바로,25.07.10,"['25년이내', '테라스', '복층', '방세개']",남동향,13346902.183886953
경기도,용인시 기흥구,보라동,한보라에듀포레,매매,505동,7/23,450000000,107.92,OWNER,숲속의 전망 조망  조용하고 쾌적한 콘도같은집  도서관 유치원 초중고교,25.07.19,"['25년이내', '방세개', '화장실두개', '세대당1대']",남동향,13784314.77020015
경기도,용인시 기흥구,보라동,한보라에듀포레,전세,505동,7/23,320000000,107.92,OWNER,숲속의 전망 조망 채광 별장 콘도같은집 초학세권 도서관 유치원 초중고교,25.07.17,"['25년이내', '방세개', '화장실두개', '세대당1대']",남동향,9802179.392142328
경기도,용인시 기흥구,보라동,한보라에듀포레,매매,503동,고/25,410000000,107.92,OWNER,"9월입주협의 ,최고의 조망,  초중고 단지 옆에 위치",25.07.19,"['25년이내', '방세개', '화장실두개', '고층']",남서향,12559042.34618236
경기도,용인시 기흥구,보라동,한보라에듀포레,전세,503동,고/25,300000000,107.92,OWNER,"9월입주협의, 채광통풍우수, 도배,장판 등 수리예정",25.07.19,"['25년이내', '융자금없는', '방세개', '화장실두개']",남서향,9189543.180133432
경기도,용인시 기흥구,보라동,한보라에듀포레,매매,505동,10/23,450000000,107.92,OWNER,확장  숲 전망 숲 조망 채광굿 초 학세권 도서관 유치원 초중고교,25.07.11,"['25년이내', '방세개', '화장실두개', '중층']",남향,13784314.77020015
경기도,용인시 기흥구,보라동,한보라에듀포레,매매,505동,6/23,470000000,107.92,OWNER,완전 화이트 올수리 숲속의  별장같이 조용한 집 초학세권 초 숲세권,25.07.08,"['25년이내', '올수리', '방세개', '화장실두개']",남서향,14396950.982209044
경기도,용인시 기흥구,보라동,한보라에듀포레,전세,503동,1/25,300000000,107.92,DOC,필로티 1층 전체 도배 등 교체 문 교체 장판 2개교체 씽크볼교체,25.07.17,"['25년이내', '1층', '필로티', '방세개']",남향,9189543.180133432
경기도,용인시 기흥구,보라동,한보라에듀포레,매매,503동,22/25,430000000,107.92,DOCV2,초초급 초 숲세권  초 학세권 도서관 유치원 초 중고교 바로 전망 조망굿,25.07.08,"['25년이내', '방세개', '화장실두개', '고층']",남서향,13171678.558191253
경기도,용인시 기흥구,보라동,한보라에듀포레,매매,503동,23/25,500000000,107.92,DOC,수리깨꿋 주인 관리깨꿋  탑층 복층 테라스 하우스 초 학세권 초 숲세권,25.07.12,"['25년이내', '테라스', '복층', '방세개']",남동향,15315905.30022239
경기도,용인시 기흥구,보라동,한보라에듀포레,매매,503동,22/25,430000000,107.92,NONE,초학세권 초중고교 도서관 유치원 유아원이바로  공원전망 조망채광굿    ,25.07.17,"['25년이내', '방세개', '화장실두개', '고층']",남서향,13171678.558191253
경기도,용인시 기흥구,보라동,한보라에듀포레,매매,504동,중/14,400000000,107.72,OWNER,,25.07.15,"['25년이내', '방세개', '화장실두개', '중층']",남동향,12275473.449684368
경기도,용인시 기흥구,보라동,한보라에듀포레,매매,504동,6/14,500000000,107.72,OWNER,초학세권의 조용하고 쾌적한집 도서관 유치원 초중고교가 바로,25.07.04,"['25년이내', '방세개', '화장실두개', '중층']",남동향,15344341.81210546
경기도,용인시 기흥구,보라동,한보라에듀포레,매매,504동,3/14,420000000,107.72,OWNER,"입주일협의 가능, 유초중고가 인접해 있는 초학세권, 상업시설 이용 편리",25.07.02,"['25년이내', '방세개', '화장실두개', '세대당1대']",남향,12889247.122168586
경기도,용인시 기흥구,보라동,한보라에듀포레,매매,505동,3/23,440000000,107.71,OWNER,"올확장 되고 중문및 SYS에어콘 4대 설치등 올 수리 하여 깨끗한 집,",25.07.15,"['25년이내', '올수리', '방세개', '화장실두개']",남동향,13504274.440627612
경기도,용인시 기흥구,보라동,한보라에듀포레,매매,505동,저/23,405000000,107.71,OWNER,"전세안고 급매,초중고및 보라도서관 옆,단지앞 보라동 행정복지쎈터 신축중",25.07.18,"['25년이내', '급매', '방세개', '화장실두개']",남동향,12430070.791941326
경기도,용인시 기흥구,보라동,한보라에듀포레,매매,502동,1/25,450000000,107.71,OWNER,늦은잔금과 입주가능 일조권좋은 일층,25.07.11,"['25년이내', '1층', '방세개', '화장실두개']",남동향,13811189.768823694
경기도,용인시 기흥구,보라동,한보라에듀포레,매매,505동,10/23,450000000,107.71,OWNER,"전망굿 조망굿 채광긋 조용하고 쾌적한 초 숲세권, 초 학세권 도서관바로",25.07.01,"['25년이내', '방세개', '화장실두개', '중층']",남서향,13811189.768823694
경기도,용인시 기흥구,보라동,한보라에듀포레,매매,505동,6/23,450000000,107.71,OWNER,화이트 하우스로  전망 조망 채광굿  초 숲세권 초 학세권 5월 말경입주,25.07.01,"['25년이내', '방세개', '화장실두개', '세대당1대']",남서향,13811189.768823694
경기도,용인시 기흥구,보라동,한보라에듀포레,매매,505동,1/23,420000000,107.71,OWNER,"아이키우기좋은1층,보라도서관조망,입주일협의",25.06.24,"['25년이내', '1층', '방세개', '화장실두개']",남향,12890443.784235448
경기도,용인시 기흥구,보라동,한보라에듀포레,매매,505동,3/23,440000000,107.71,NONE,완전올수리 풀확장 숲속의 전망 조망 채광굿 초학세권 도서관 유치원 초중고,25.07.01,"['25년이내', '올수리', '방세개', '화장실두개']",남향,13504274.440627612
경기도,용인시 기흥구,보정동,대림2차,전세,207동,10/10,700000000,223.45,DOC,팬트하우스 올인테리어  나만의 옥상,25.07.12,"['25년이내', '융자금적은', '대형평수', '탑층']",남향,10356005.817856345
경기도,용인시 기흥구,보정동,대림2차,매매,204동,7/10,1500000000,186.1,OWNER,구 태경   GTX구성역 최대수혜단지  조용하고 쾌적한 산조망 로얄층,25.07.21,"['25년이내', '대형평수', '방네개이상', '화장실두개']",남서향,26645231.05857066
경기도,용인시 기흥구,보정동,대림2차,매매,203동,6/10,1380000000,186.1,OWNER,GTX 구성역  5번출구 도보5분  투자 굿  급매입니다,25.07.21,"['25년이내', '급매', '대형평수', '방네개이상']",남서향,24513612.573885012
경기도,용인시 기흥구,보정동,대림2차,매매,203동,1/10,1900000000,186.1,OWNER,"GTX플랫폼시티,전원주택같은 1층 내정원아파트,올인테리어,주인거주,집최상",25.07.19,"['25년이내', '마당', '1층', '대형평수']",남서향,33750626.00752284
경기도,용인시 기흥구,보정동,대림2차,매매,204동,8/10,1400000000,186.1,OWNER,GTX용인역  최대수혜단지  산조망 로얄층,25.07.17,"['25년이내', '대형평수', '방네개이상', '화장실두개']",남향,24868882.32133262
경기도,용인시 기흥구,보정동,대림2차,매매,204동,6/10,1450000000,186.1,OWNER,GTX구성역  최대수혜아파트  올확장  산조망 집 깨끗,25.07.17,"['25년이내', '대형평수', '방네개이상', '화장실두개']",남서향,25757056.689951643
경기도,용인시 기흥구,보정동,대림2차,매매,203동,2/10,1400000000,186.1,OWNER,구태 경  GTX구성역  최대수혜단지 산조망,25.07.17,"['25년이내', '대형평수', '방네개이상', '화장실두개']",남서향,24868882.32133262
경기도,용인시 기흥구,보정동,대림2차,매매,206동,7/10,1500000000,186.1,OWNER,"올확장,올리모델링, GTX최대 수혜아파트 조용한 숲세권, 입주협의",25.07.14,"['25년이내', '대형평수', '방네개이상', '화장실두개']",남향,26645231.05857066
경기도,용인시 기흥구,보정동,대림2차,매매,201동,2/10,1300000000,161.86,OWNER,"병풍같이 아름다운 숲뷰, 조용한 동, 막힘없는 뷰, 입주협의",25.07.10,"['25년이내', '대형평수', '방네개이상', '화장실두개']",남동향,26550849.499567527
경기도,용인시 기흥구,보정동,대림2차,전세,205동,2/10,500000000,161.86,OWNER,"수리되어 아주 깨끗하고 예쁜 집, 융자 무, 전원주택 같은 집",25.07.01,"['25년이내', '융자금없는', '대형평수', '방네개이상']",남서향,10211865.192141356
경기도,용인시 기흥구,보정동,대림2차,매매,201동,3/10,1300000000,161.86,OWNER,"입주협의, 조용하고 쾌적한 숲세권, 수리되어 깨끗, GTX구성역바로 앞",25.06.30,"['25년이내', '대형평수', '방네개이상', '화장실두개']",남향,26550849.499567527
경기도,용인시 기흥구,보정동,더샵보정애비뉴1단지,매매,206동,고/20,1850000000,254.7,OWNER,"복층펜트하우스, 초역세권, 2세대주거가능, 플렛폼시티 수혜지역, 우수학군",25.07.09,"['25년이내', '역세권', '복층', '대형평수']",남향,24011394.7781704
경기도,용인시 기흥구,보정동,더샵보정애비뉴1단지,매매,205동,20/21,2000000000,254.7,OWNER,l 화이트 특올수리 l 복층 정원 l 입주일 협의가능 l 가격조정 l,25.06.26,"['25년이내', '올수리', '마당', '역세권']",남향,25958264.62504908
경기도,용인시 기흥구,보정동,더샵보정애비뉴1단지,매매,203동,9/21,1200000000,195.95,OWNER,세안고  초역세권 초중고 학군우수 ,25.07.18,"['25년이내', '역세권', '대형평수', '방네개이상']",남향,20244664.45521817
경기도,용인시 기흥구,보정동,더샵보정애비뉴1단지,매매,204동,고/18,1250000000,195.95,OWNER,로얄동 쾌적함 초역세권 플랫폼싵시티수혜 집상태양호,25.07.17,"['25년이내', '역세권', '대형평수', '방네개이상']",남향,21088192.14085226
경기도,용인시 기흥구,보정동,더샵보정애비뉴1단지,매매,204동,1/18,1100000000,195.95,OWNER,보정역세권 남향 용인플랫폼시티개발수혜  우수학군 구조좋음,25.07.01,"['25년이내', '역세권', '1층', '대형평수']",남향,18557609.08394999
경기도,용인시 기흥구,보정동,더샵보정애비뉴1단지,매매,206동,18/20,1200000000,194.47,OWNER,"최근 전체 올수리,시스템에어컨 설치,전망,상태 아주 좋아요.",25.07.21,"['25년이내', '올수리', '역세권', '대형평수']",남향,20398735.023396928
경기도,용인시 기흥구,보정동,더샵보정애비뉴1단지,매매,206동,12/20,1200000000,194.47,OWNER,정상입주 정남향 보정역초역세권 플렛폼시티수혜단지 명품학군 입주일협의가능,25.07.15,"['25년이내', '역세권', '대형평수', '방네개이상']",남향,20398735.023396928
경기도,용인시 기흥구,보정동,더샵보정애비뉴1단지,매매,206동,저/20,1100000000,194.47,OWNER,보정역도보역세권 우수학군 주거환경쾌적 플랫폼시티개발후광단지 협의입주,25.07.20,"['25년이내', '역세권', '대형평수', '방네개이상']",남향,18698840.43811385
경기도,용인시 기흥구,보정동,더샵보정애비뉴1단지,매매,207동,6/18,1100000000,194.47,OWNER,올수리 로얄동 초역세권 플랫폼시티수혜 학군우수,25.07.03,"['25년이내', '올수리', '역세권', '대형평수']",남향,18698840.43811385
경기도,용인시 기흥구,보정동,더샵보정애비뉴1단지,매매,207동,15/18,1200000000,194.47,OWNER,"전망 굿  올수리 초역세권, 플렛폼시티 수혜 우수학군",25.07.02,"['25년이내', '올수리', '역세권', '대형평수']",남향,20398735.023396928
경기도,용인시 기흥구,보정동,더샵보정애비뉴1단지,매매,206동,고/20,1200000000,194.47,OWNER,보정역초역세권 플랫폼시티호재 조망굿,25.07.07,"['25년이내', '역세권', '대형평수', '방네개이상']",남향,20398735.023396928
경기도,용인시 기흥구,보정동,더샵보정애비뉴1단지,매매,205동,중/21,1150000000,194.47,OWNER,보정역초역세권 플랫폼시티호재 조망굿,25.07.04,"['25년이내', '역세권', '대형평수', '방네개이상']",남향,19548787.73075539
경기도,용인시 기흥구,보정동,더샵보정애비뉴1단지,전세,205동,중/21,750000000,194.47,OWNER,정상입주 수리 깨끗하게관리된집입니다,25.06.30,"['25년이내', '역세권', '대형평수', '방네개이상']",남향,12749209.38962308
경기도,용인시 기흥구,보정동,더샵보정애비뉴1단지,매매,207동,중/18,1250000000,194.47,DOC,남향 우수학군 교통편리  채광좋음  보정역세권,25.07.08,"['25년이내', '역세권', '대형평수', '방네개이상']",남향,21248682.316038463
경기도,용인시 기흥구,보정동,더샵보정애비뉴1단지,매매,204동,중/18,1250000000,194.47,DOC,로얄동 정상입주 주인거주로깨끗 우수학군  교통편리,25.07.05,"['25년이내', '역세권', '대형평수', '방네개이상']",남향,21248682.316038463
경기도,용인시 기흥구,보정동,더샵보정애비뉴1단지,매매,207동,3/18,1100000000,194.47,DOC,남향 우수학군 초록뷰 수리매물 보정역세권 교통생활편리,25.06.27,"['25년이내', '역세권', '필로티', '대형평수']",남향,18698840.43811385
경기도,용인시 기흥구,보정동,더샵보정애비뉴1단지,매매,206동,12/20,1200000000,194.47,NONE,보정역세권 용인플랫폼시티 개발 수혜,25.07.01,"['25년이내', '역세권', '대형평수', '방네개이상']",남향,20398735.023396928
경기도,용인시 기흥구,보정동,더샵보정애비뉴1단지,매매,208동,1/18,940000000,165.12,OWNER,"역세권, 나만의 정원 있음, 집상태 최상, 정상입주.",25.07.21,"['25년이내', '마당', '역세권', '1층']",남향,18819270.22771318
경기도,용인시 기흥구,보정동,더샵보정애비뉴1단지,매매,208동,3/18,985000000,165.12,OWNER,"급매,26.8월 4억 120만원 세안고,플랫폼시티 호재, 학군우수",25.07.16,"['25년이내', '역세권', '급매', '대형평수']",남향,19720192.738614343
경기도,용인시 기흥구,보정동,더샵보정애비뉴1단지,매매,202동,중/19,1050000000,165.12,OWNER,로얄동 보정역5분 조망좋고 집상태깨끗,25.07.21,"['25년이내', '역세권', '대형평수', '방네개이상']",남향,21021525.254360463
경기도,용인시 기흥구,보정동,더샵보정애비뉴1단지,매매,202동,16/19,1100000000,165.12,OWNER,"역세권, 플렛폼시티 수혜지역, 전망 채광최고, 세안고, 남향",25.07.14,"['25년이내', '역세권', '대형평수', '방네개이상']",남향,22022550.26647287
경기도,용인시 기흥구,보정동,더샵보정애비뉴1단지,월세,208동,중/18,"5,000/240",165.12,OWNER,"앞뒤트임,교통편리,밝은집,초역세권,주차편리",25.07.19,"['25년이내', '융자금없는', '역세권', '대형평수']",남향,
경기도,용인시 기흥구,보정동,더샵보정애비뉴1단지,매매,210동,중/19,1075000000,165.12,OWNER,"초역세권, 플렛폼시티 수혜지역, 우수학군,집상태 깨끗, 남향",25.07.18,"['25년이내', '역세권', '대형평수', '방네개이상']",남향,21522037.760416664
경기도,용인시 기흥구,보정동,더샵보정애비뉴1단지,매매,208동,저/18,1050000000,165.12,OWNER,"보정역5분, 플랫폼시티 호재, 학군우수,잔잔한 전망",25.07.18,"['25년이내', '역세권', '대형평수', '방네개이상']",남향,21021525.254360463
경기도,용인시 기흥구,보정동,더샵보정애비뉴1단지,매매,209동,고/18,1100000000,165.12,OWNER,"남향,보정역5분, 플랫폼시티 호재, 생활여건 편리, 깨끗해요",25.07.15,"['25년이내', '역세권', '대형평수', '방네개이상']",남향,22022550.26647287
경기도,용인시 기흥구,보정동,더샵보정애비뉴1단지,매매,203동,저/21,1150000000,165.12,OWNER,구포스홈타운공인 완전 특 리모델링.정상입주 가능합니다.,25.07.14,"['25년이내', '역세권', '대형평수', '방네개이상']",남향,23023575.278585274
경기도,용인시 기흥구,보정동,더샵보정애비뉴1단지,매매,209동,4/18,1050000000,165.12,OWNER,"구포스홈타운공인, 초역세권  우수학군  ,플렛폼시티수혜,입주협의",25.07.05,"['25년이내', '역세권', '대형평수', '방네개이상']",남향,21021525.254360463
경기도,용인시 기흥구,보정동,더샵보정애비뉴1단지,매매,203동,중/21,1080000000,165.12,OWNER,"로얄동,초역세권,편안한 전망,깨끗하게 관리된 집이예요.",25.07.08,"['25년이내', '역세권', '대형평수', '방네개이상']",남향,21622140.26162791
경기도,용인시 기흥구,보정동,더샵보정애비뉴1단지,월세,208동,고/18,"6,000/250",165.12,DOC,1억240만원가능 입주일협의 보정역 남향 우수학군 내부컨디션굿,25.07.17,"['25년이내', '융자금없는', '역세권', '대형평수']",남향,
경기도,용인시 기흥구,보정동,더샵보정애비뉴1단지,매매,203동,6/21,1080000000,165.12,OWNER,"로얄동,중간 층 편안한 전망,세안고,수리, 깨끗하게 관리된 집이예요.",25.06.25,"['25년이내', '역세권', '대형평수', '방네개이상']",남향,21622140.26162791
경기도,용인시 기흥구,보정동,더샵보정애비뉴1단지,월세,212동,7/23,"5,000/200",131.54,OWNER,보정역초역세권 플랫폼시티호재 조망굿,25.07.21,"['25년이내', '역세권', '방세개', '화장실두개']",남향,
경기도,용인시 기흥구,보정동,더샵보정애비뉴1단지,매매,212동,1/23,1000000000,131.54,OWNER,즉시입주가 보정역세권 필로티 1층  수리매물 사진있음,25.07.19,"['25년이내', '역세권', '1층', '필로티']",남향,25131404.895849176
경기도,용인시 기흥구,보정동,더샵보정애비뉴1단지,매매,211동,5/21,950000000,131.54,OWNER,거실 방 확장 보정역1분거리 아래로 펼쳐진 정원조망 세안고,25.07.19,"['25년이내', '마당', '역세권', '방세개']",남향,23874834.651056714
경기도,용인시 기흥구,보정동,더샵보정애비뉴1단지,매매,211동,고/21,1000000000,131.54,OWNER,전망 굿 집상태 양호 로얄동  보정초역세권 플랫폼시티수혜,25.07.21,"['25년이내', '역세권', '방세개', '화장실두개']",남향,25131404.895849176
경기도,용인시 기흥구,보정동,더샵보정애비뉴1단지,매매,212동,저/23,1000000000,131.54,OWNER,"초역세권,정상입주,좋은 기운,잔잔한 전망이 좋아요.",25.07.21,"['25년이내', '역세권', '방세개', '화장실두개']",남향,25131404.895849176
경기도,용인시 기흥구,보정동,더샵보정애비뉴1단지,매매,211동,중/21,1050000000,131.54,OWNER,"보정역 2분, 수리되었음, 학군우수,정상입주, 매도인 전,월세 가능.",25.07.19,"['25년이내', '역세권', '방세개', '화장실두개']",남향,26387975.140641633
경기도,용인시 기흥구,보정동,더샵보정애비뉴1단지,매매,212동,2/23,1000000000,131.54,OWNER,정상입주가 보정역바로앞 GTX개통수혜 남향 우수학군인접,25.07.11,"['25년이내', '역세권', '방세개', '화장실두개']",남향,25131404.895849176
경기도,용인시 기흥구,보정동,더샵보정애비뉴1단지,전세,212동,중/23,620000000,131.54,OWNER,보정역3분 일부수리 귀한전세,25.07.17,"['25년이내', '역세권', '방세개', '화장실두개']",남향,15581471.03542649
경기도,용인시 기흥구,보정동,더샵보정애비뉴1단지,매매,211동,고/21,1060000000,131.54,OWNER,구포스홈타운공인.안쪽라인으로 전망좋고 조용합니다.특 수리,25.07.09,"['25년이내', '역세권', '방세개', '화장실두개']",남향,26639289.189600125
경기도,용인시 기흥구,보정동,더샵보정애비뉴1단지,매매,212동,중/23,1050000000,131.54,OWNER,"구포스홈타운공인.지하철 초 인접동, 중간라인 남향 따뜻한집",25.07.09,"['25년이내', '역세권', '방세개', '화장실두개']",남향,26387975.140641633
경기도,용인시 기흥구,보정동,더샵보정애비뉴1단지,매매,212동,고/23,1100000000,131.54,OWNER,"초역세권, 집상태 깨끗, 플렛폼시티 수혜지역, 우수학군, 남향, 하시입주",25.07.04,"['25년이내', '역세권', '방세개', '화장실두개']",남향,27644545.38543409
경기도,용인시 기흥구,보정동,더샵보정애비뉴2단지,매매,301동,고/20,2200000000,254.11,DOC,"팬트하우스,완전특올수리,전망굿,바베큐파티,입주날짜협의",25.06.24,"['25년이내', '올수리', '대형평수', '방네개이상']",남향,28620388.807996538
경기도,용인시 기흥구,보정동,더샵보정애비뉴2단지,매매,301동,16/20,1050000000,194.2,OWNER,조망최고 로얄동 플랫폼시티수혜,25.07.19,"['25년이내', '대형평수', '방네개이상', '화장실두개']",남향,17873708.805355307
경기도,용인시 기흥구,보정동,더샵보정애비뉴2단지,매매,307동,중/19,1000000000,194.2,OWNER,수리  2세대거주가 일정협의 깨끗 보정역세권,25.07.18,"['25년이내', '대형평수', '방네개이상', '화장실두개']",남향,17022579.8146241
경기도,용인시 기흥구,보정동,더샵보정애비뉴2단지,매매,308동,고/19,970000000,194.2,OWNER,"보정역세권, 플렛폼시티 개발 호재, 전망 좋음, 우수학군, 남향",25.07.15,"['25년이내', '역세권', '대형평수', '방네개이상']",남향,16511902.42018538
경기도,용인시 기흥구,보정동,더샵보정애비뉴2단지,매매,301동,고/20,1050000000,194.2,OWNER,조망최고 로얄동 플랫폼시티수혜 숲조망 조용,25.07.08,"['25년이내', '대형평수', '방네개이상', '화장실두개']",남향,17873708.805355307
경기도,용인시 기흥구,보정동,더샵보정애비뉴2단지,매매,307동,중/19,1050000000,194.2,OWNER,정상입주 인테리어된집  보정역세권 조망예쁨 남향 편리한생활권,25.06.26,"['25년이내', '대형평수', '방네개이상', '화장실두개']",남향,17873708.805355307
경기도,용인시 기흥구,보정동,더샵보정애비뉴2단지,매매,301동,중/20,1100000000,194.2,DOC,전망나오는 보정역도보가능 날짜조정가능,25.07.03,"['25년이내', '대형평수', '방네개이상', '화장실두개']",남향,18724837.79608651
경기도,용인시 기흥구,보정동,더샵보정애비뉴2단지,매매,307동,저/19,1030000000,194.2,DOC,정상입주 집깨끗 우수학군 남향 편안한눈높이전망,25.07.01,"['25년이내', '대형평수', '방네개이상', '화장실두개']",남향,17533257.209062826
경기도,용인시 기흥구,보정동,더샵보정애비뉴2단지,전세,306동,8/17,630000000,165.28,OWNER,｜보정역세권｜남향｜깨끗｜빠른입주｜보정초 가까운동｜,25.07.21,"['25년이내', '융자금없는', '역세권', '대형평수']",남향,12600705.166989353
경기도,용인시 기흥구,보정동,더샵보정애비뉴2단지,전세,304동,1/16,500000000,165.28,OWNER,남향 초등학교앞 보정역 청정무해 생활편리,25.07.21,"['25년이내', '융자금없는', '1층', '대형평수']",남향,10000559.656340756
경기도,용인시 기흥구,보정동,더샵보정애비뉴2단지,매매,306동,8/17,900000000,165.28,OWNER,하시입주 공가 플랫폼시티수혜 급매,25.07.19,"['25년이내', '역세권', '급매', '대형평수']",남향,18001007.38141336
경기도,용인시 기흥구,보정동,더샵보정애비뉴2단지,전세,304동,중/16,640000000,165.28,OWNER,특올수리된집. 샷시포함.전망좋고 밝은집.하시입주가능,25.07.21,"['25년이내', '융자금없는', '올수리', '대형평수']",남향,12800716.360116167
경기도,용인시 기흥구,보정동,더샵보정애비뉴2단지,매매,305동,저/16,900000000,165.28,OWNER,"세안고,역세권, 남향, 플랫폼시티수혜, 학교 앞, 깨끗해요.",25.07.17,"['25년이내', '대형평수', '방네개이상', '화장실두개']",남향,18001007.38141336
경기도,용인시 기흥구,보정동,더샵보정애비뉴2단지,전세,306동,저/17,620000000,165.28,OWNER,일부수리 주인거주 깨끗 관리,25.07.16,"['25년이내', '역세권', '대형평수', '방네개이상']",남향,12400693.973862536
경기도,용인시 기흥구,보정동,더샵보정애비뉴2단지,매매,304동,고/16,930000000,165.28,OWNER,올수리 입주협의 보정역세권 초등학교앞,25.07.16,"['25년이내', '올수리', '대형평수', '방네개이상']",남향,18601040.960793804
경기도,용인시 기흥구,보정동,더샵보정애비뉴2단지,매매,304동,고/16,930000000,165.28,OWNER,조망좋고 깨끗 초등학교앞 플랫폼시티수혜,25.07.10,"['25년이내', '대형평수', '방네개이상', '화장실두개']",남향,18601040.960793804
경기도,용인시 기흥구,보정동,더샵보정애비뉴2단지,매매,304동,고/16,920000000,165.28,DOC,26년4월 세안고 우수학군 보정역 남향 편리한생활권,25.07.15,"['25년이내', '대형평수', '방네개이상', '화장실두개']",남향,18401029.76766699
경기도,용인시 기흥구,보정동,더샵보정애비뉴2단지,매매,305동,저/16,950000000,165.28,OWNER,주전세 가능 갭투자 실입주 입주도 투자도 맞춰드립니다.,25.07.04,"['25년이내', '대형평수', '방네개이상', '화장실두개']",남향,19001063.347047437
경기도,용인시 기흥구,보정동,더샵보정애비뉴2단지,매매,305동,중/16,960000000,165.28,OWNER,올수리 집상태굿 유지관리 정상입주 플랫폼시티호재 조망굿,25.07.01,"['25년이내', '올수리', '대형평수', '방네개이상']",남향,19201074.54017425
경기도,용인시 기흥구,보정동,더샵보정애비뉴2단지,매매,305동,고/16,930000000,165.28,DOC,로얄동 초등학교앞 조망좋고 깨끗 플랫폼시티수혜,25.06.27,"['25년이내', '대형평수', '방네개이상', '화장실두개']",남향,18601040.960793804
경기도,용인시 기흥구,보정동,더샵보정애비뉴2단지,매매,303동,중/15,900000000,131.33,OWNER,"숲전망,정상입주,우수학군,생활여견,교통 환경 편리, 투자수혜.",25.07.18,"['25년이내', '방세개', '화장실두개', '중층']",남향,22654431.584557984
경기도,용인시 기흥구,보정동,더샵보정애비뉴2단지,매매,302동,3/18,900000000,131.33,DOC,정상보여주는집특수리전망최고보정역세권,25.07.14,"['25년이내', '방세개', '화장실두개', '세대당 1.5대이상']",남향,22654431.584557984
경기도,용인시 기흥구,보정동,더샵보정애비뉴2단지,매매,303동,중/15,840000000,131.33,OWNER,초등학교앞 조망좋고수리된집  세안고 플랫폼시티수혜,25.07.04,"['25년이내', '방세개', '화장실두개', '중층']",남향,21144136.14558745
경기도,용인시 기흥구,보정동,더샵보정애비뉴2단지,전세,303동,중/15,630000000,131.33,OWNER,전망 굿 집상태 양호 보정역세권 초중고 도보가능,25.06.27,"['25년이내', '방세개', '화장실두개', '중층']",남향,15858102.109190587
경기도,용인시 기흥구,보정동,보정e-편한세상대림1차,매매,103동,1/10,1650000000,220.85,DOC,"관리잘된 정원딸린 1층, 앞뒤베란다 막힘없는 조망, 로얄동. 75P",25.07.14,"['25년이내', '마당', '1층', '대형평수']",남동향,24697963.549920764
경기도,용인시 기흥구,보정동,보정e-편한세상대림1차,매매,110동,10/10,2600000000,215.72,OWNER,"GTX와 플랫폼시티 개발 호재  아파트내 귀한 68Y펜트하우스,  올수리",25.07.08,"['25년이내', '올수리', '대형평수', '탑층']",남향,39843505.47005378
경기도,용인시 기흥구,보정동,보정e-편한세상대림1차,매매,110동,10/10,2600000000,215.72,NONE,｜65.｜펜트하우스｜플랫폼시티 개발호재｜,25.07.21,"['25년이내', '역세권', '대형평수', '탑층']",남향,39843505.47005378
경기도,용인시 기흥구,보정동,보정e-편한세상대림1차,매매,108동,2/10,1500000000,185.91,OWNER,타운하우스같은 아파트 그림같은 뷰와 단지 조경이 일품이예요,25.07.14,"['25년이내', '대형평수', '방네개이상', '화장실두개']",남향,26672462.481846057
경기도,용인시 기흥구,보정동,보정e-편한세상대림1차,월세,101동,4/9,1억/150,180.4,OWNER,남향 별장같은 쾌적한아파트 산조망으로 깨끗해요,25.07.18,"['25년이내', '대형평수', '방네개이상', '화장실두개']",남향,
경기도,용인시 기흥구,보정동,보정e-편한세상대림1차,전세,101동,3/9,450000000,180.4,OWNER,남향  산조망 조용하고  쾌적한 동,25.07.18,"['25년이내', '융자금없는', '대형평수', '방네개이상']",남향,8246137.749445677
경기도,용인시 기흥구,보정동,보정e-편한세상대림1차,매매,104동,9/10,1500000000,180.4,OWNER,,25.07.17,"['25년이내', '대형평수', '방네개이상', '화장실두개']",남향,27487125.831485588
경기도,용인시 기흥구,보정동,보정e-편한세상대림1차,매매,101동,5/9,1500000000,180.4,OWNER,올수리  남향 정상  GTX역세권,25.06.30,"['25년이내', '올수리', '대형평수', '방네개이상']",남향,27487125.831485588
경기도,용인시 기흥구,보정동,보정e-편한세상대림1차,매매,104동,9/10,1500000000,180.4,NONE,정상입주 구성역GTX더블역세권 자연전망 살기좋은 집,25.06.23,"['25년이내', '대형평수', '방네개이상', '화장실두개']",남향,27487125.831485588
경기도,용인시 기흥구,보정동,보정e-편한세상대림1차,매매,105동,6/10,1400000000,160.64,OWNER,GTX구성역  가까운 1단지 남향,25.07.20,"['25년이내', '대형평수', '방네개이상', '화장실두개']",남향,28810377.24103586
경기도,용인시 기흥구,보정동,보정e-편한세상대림1차,매매,113동,6/8,1400000000,160.64,OWNER,"올수리, 관리잘된 집, GTX 플시 호재, 입주일협의",25.07.19,"['25년이내', '올수리', '역세권', '대형평수']",남동향,28810377.24103586
경기도,용인시 기흥구,보정동,보정e-편한세상대림1차,전세,111동,4/8,400000000,160.64,OWNER,GTX구성역 5분 낭향 산조망  잡 깨끗,25.06.27,"['25년이내', '융자금없는', '대형평수', '방네개이상']",남향,8231536.354581675
경기도,용인시 기흥구,보정동,보정샬레파인비스타,매매,102동,11/26,750000000,109.19,NDOC1,입주가능 남향 판상형 로얄층 수리 상태특,25.07.21,"['10년이내', '화장실두개', '방세개', '중층']",남향,22706646.670940563
경기도,용인시 기흥구,보정동,보정샬레파인비스타,매매,102동,16/26,800000000,109.19,OWNER,"입주가능, 판상형, 남향, 집상태굿, 시원한전망",25.07.16,"['10년이내', '방세개', '화장실두개', '중층']",남향,24220423.115669932
경기도,용인시 기흥구,보정동,보정샬레파인비스타,매매,102동,5/26,710000000,109.19,MOBL,하이브엘 바로옆 실입주로얄층 로얄라인 남향 전망환상 로얄라인,25.07.14,"['10년이내', '방세개', '화장실두개', '세대당1대']",남향,21495625.51515707
경기도,용인시 기흥구,보정동,보정샬레파인비스타,매매,102동,24/26,710000000,109.19,OWNER,"수지구청역,죽전역도보10분 귀한판상형 4베이구조 환한남향 정상입주급매",25.07.15,"['10년이내', '급매', '방세개', '화장실두개']",남향,21495625.51515707
경기도,용인시 기흥구,보정동,보정샬레파인비스타,전세,101동,중/24,520000000,109.19,NDOC1,남향 트인전망 로얄층 대출보험가능,25.07.21,"['10년이내', '융자금없는', '화장실두개', '방세개']",남향,15743275.025185458
경기도,용인시 기흥구,보정동,보정샬레파인비스타,전세,102동,4/26,550000000,109.19,OWNER,입주협의 융자없음 전세대출가능 판상형 컨디션굳 하이브엘입주 생활권용이 ,25.07.14,"['10년이내', '융자금없는', '필로티', '방세개']",남향,16651540.89202308
경기도,용인시 기흥구,보정동,보정샬레파인비스타,매매,102동,4/26,800000000,109.19,OWNER,더블역세권 입주협의 판상형 채광 전망 양호 더블뷰 신혼부부강추,25.07.09,"['10년이내', '필로티', '방세개', '화장실두개']",남향,24220423.115669932
경기도,용인시 기흥구,보정동,보정샬레파인비스타,매매,102동,4/26,780000000,109.19,OWNER,주인거주관리잘된집.바닥교체.더블역세권.판상형.아이들뛰어놀기좋은층,25.06.23,"['10년이내', '필로티', '방세개', '화장실두개']",남동향,23614912.537778188
경기도,용인시 기흥구,보정동,보정샬레파인비스타,전세,102동,24/26,540000000,108.96,MOBL,남향 특로얄층 상태양호 대출 보험가능 더블뷰,25.07.21,"['10년이내', '융자금없는', '방세개', '화장실두개']",남향,16383295.704845816
경기도,용인시 기흥구,보정동,보정샬레파인비스타,매매,101동,10/24,730000000,108.96,NDOC1,남향로얄층 상태특 거실더블뷰,25.07.21,"['10년이내', '화장실두개', '방세개', '중층']",남향,22147788.63803231
경기도,용인시 기흥구,보정동,보정샬레파인비스타,매매,101동,11/24,720000000,108.96,NDOC1,급매 거실더블뷰 남동향 빠른입주가능 더블역세권,25.07.21,"['10년이내', '급매', '방세개', '화장실두개']",남동향,21844394.273127757
경기도,용인시 기흥구,보정동,보정샬레파인비스타,매매,102동,21/26,850000000,108.96,NDOC1,남향 전세안고 최상뷰 로얄층 거실더블뷰,25.07.19,"['10년이내', '화장실두개', '방세개', '고층']",남향,25788521.01688693
경기도,용인시 기흥구,보정동,보정샬레파인비스타,매매,101동,24/24,820000000,108.96,MOBL,입주가능 올수리 인테리어 거실더블뷰 막힘없는 전망 입주일협의가능,25.07.17,"['10년이내', '올수리', '탑층', '방세개']",남서향,24878337.922173277
경기도,용인시 기흥구,보정동,보정샬레파인비스타,매매,101동,7/24,710000000,108.96,OWNER,더블역세권 급매물입니다,25.07.18,"['10년이내', '급매', '방세개', '화장실두개']",남동향,21540999.908223204
경기도,용인시 기흥구,보정동,보정샬레파인비스타,매매,102동,26/26,780000000,108.96,OWNER,남향 최상뷰 세안고 로얄층 거실더블뷰,25.07.17,"['10년이내', '탑층', '방세개', '화장실두개']",남서향,23664760.46255507
경기도,용인시 기흥구,보정동,보정샬레파인비스타,매매,102동,20/26,790000000,108.96,OWNER,입주일 협의가능 상태 최고 뷰가 아름다운 로얄층  남동향에 더블역세권,25.07.14,"['10년이내', '방세개', '화장실두개', '고층']",남동향,23968154.82745962
경기도,용인시 기흥구,보정동,보정샬레파인비스타,월세,101동,11/24,"5,000/180",108.96,NDOC1,빠른입주 남동향 트인 전망 거실더블뷰,25.07.11,"['10년이내', '융자금없는', '화장실두개', '방세개']",남동향,
경기도,용인시 기흥구,보정동,보정샬레파인비스타,매매,102동,6/26,850000000,108.96,OWNER,세 안고 매매  더블역세권 거실더블뷰,25.06.30,"['10년이내', '방세개', '화장실두개', '세대당1대']",남동향,25788521.01688693
경기도,용인시 기흥구,보정동,보정샬레파인비스타,매매,102동,25/26,810000000,108.96,OWNER,32 주인거주 화이트전체올수리 최신 빌트인 다수 깔끔한 집,25.06.28,"['10년이내', '올수리', '방세개', '화장실두개']",남동향,24574943.557268724
경기도,용인시 기흥구,보정동,보정샬레파인비스타,매매,102동,고/26,780000000,108.96,DOC,"남향 전망,깨끗 협의가능 ",25.07.08,"['10년이내', '방세개', '화장실두개', '고층']",남향,23664760.46255507
경기도,용인시 기흥구,보정동,보정샬레파인비스타,매매,101동,10/24,730000000,108.96,NONE,더블역세권  전망좋아요 주인거주,25.06.26,"['10년이내', '방세개', '화장실두개', '중층']",남동향,22147788.63803231
경기도,용인시 기흥구,보정동,상떼빌구성역플랫폼시티,전세,110동,8/9,450000000,195.41,OWNER,저렴전세 융무 하시 페인트시공 수리됨 GTX구성더블역세권 초품아 학군굿,25.07.19,"['25년이내', '융자금없는', '대형평수', '방네개이상']",동향,7612728.365999694
경기도,용인시 기흥구,보정동,상떼빌구성역플랫폼시티,매매,115동,6/11,900000000,195.41,OWNER,세안고 남향 일부수리 조망굿 구성역세권 초중고인접,25.07.14,"['25년이내', '대형평수', '방네개이상', '화장실두개']",남향,15225456.731999388
경기도,용인시 기흥구,보정동,상떼빌구성역플랫폼시티,매매,115동,10/11,850000000,195.41,OWNER,로얄동 정상 남향 GTX구성역세권 초중고인접,25.07.14,"['25년이내', '대형평수', '방네개이상', '화장실두개']",남향,14379598.024666088
경기도,용인시 기흥구,보정동,상떼빌구성역플랫폼시티,매매,113동,5/12,880000000,195.41,OWNER,수리깨끗. 남향. 빠른입주. 초품아,25.07.11,"['25년이내', '대형평수', '방네개이상', '화장실두개']",남향,14887113.249066066
경기도,용인시 기흥구,보정동,상떼빌구성역플랫폼시티,전세,112동,1/12,530000000,195.41,OWNER,"내부상태 최상, 깨끗하게 관리중, 최근 올수리, 학군인접, 정남향",25.07.11,"['25년이내', '올수리', '1층', '대형평수']",남향,8966102.297732973
경기도,용인시 기흥구,보정동,상떼빌구성역플랫폼시티,월세,112동,저/12,1억/140,195.41,OWNER,정님향 GTX구성더블역세권 입주일협의가 부분수리됨 초품아 초중고학군굿,25.07.15,"['25년이내', '대형평수', '방네개이상', '화장실두개']",남향,
경기도,용인시 기흥구,보정동,상떼빌구성역플랫폼시티,매매,115동,중/11,750000000,195.41,OWNER,남향  주전세가능 매우깨끗함 구성역세권 초중고인접,25.07.14,"['25년이내', '대형평수', '방네개이상', '화장실두개']",남향,12687880.609999489
경기도,용인시 기흥구,보정동,상떼빌구성역플랫폼시티,매매,110동,6/9,750000000,195.41,OWNER,급매 정상입주협의 일부수리 조용한아파트 초중고인접,25.07.02,"['25년이내', '급매', '대형평수', '방네개이상']",동향,12687880.609999489
경기도,용인시 기흥구,보정동,상떼빌구성역플랫폼시티,매매,112동,고/12,900000000,195.41,OWNER,"정남향, 부분수리 깨끗관리, 초중고 학군인접, GTX 플시 수혜",25.06.30,"['25년이내', '대형평수', '방네개이상', '화장실두개']",남향,15225456.731999388
경기도,용인시 기흥구,보정동,상떼빌구성역플랫폼시티,매매,112동,1/12,710000000,195.41,DOC,"가격 저렴, 남향, GTX구성역, 용인플렛품 호재",25.06.30,"['25년이내', '1층', '대형평수', '방네개이상']",남향,12011193.64413285
경기도,용인시 기흥구,보정동,상떼빌구성역플랫폼시티,월세,113동,5/12,1억/135,195.41,NONE,"올수리,하시입주,보증금조정가",25.07.14,"['25년이내', '융자금없는', '올수리', '대형평수']",남향,
경기도,용인시 기흥구,보정동,상떼빌구성역플랫폼시티,매매,101동,3/20,770000000,162.9,OWNER,,25.07.21,"['25년이내', '대형평수', '방네개이상', '화장실두개']",남향,15625871.393492943
경기도,용인시 기흥구,보정동,상떼빌구성역플랫폼시티,매매,103동,3/20,745000000,162.9,OWNER,49.방4.특올수리.입주.금액조정.원하시는 조건을 최대한 맞춰드리겠습니다,25.07.21,"['25년이내', '올수리', '대형평수', '방네개이상']",동향,15118537.906691222
경기도,용인시 기흥구,보정동,상떼빌구성역플랫폼시티,매매,104동,17/20,830000000,162.9,OWNER,｜49.｜입주협의｜정남향｜1년전 올수리｜GTX더블역세권｜미래가치투자｜,25.07.21,"['25년이내', '올수리', '대형평수', '방네개이상']",남향,16843471.761817068
경기도,용인시 기흥구,보정동,상떼빌구성역플랫폼시티,매매,104동,14/20,750000000,162.9,OWNER,｜49.｜빠른입주가능｜정남향｜올수리｜GTX 더블역세권｜초품아 학세권｜,25.07.21,"['25년이내', '올수리', '대형평수', '방네개이상']",남향,15220004.604051568
경기도,용인시 기흥구,보정동,상떼빌구성역플랫폼시티,전세,104동,14/20,450000000,162.9,OWNER,"5년전올수함, 주인거주,빠른이사가능",25.07.21,"['25년이내', '대형평수', '방네개이상', '화장실두개']",남동향,9132002.76243094
경기도,용인시 기흥구,보정동,상떼빌구성역플랫폼시티,매매,104동,4/20,670000000,162.9,OWNER,"올수리, 정남향, 입주협의",25.07.19,"['25년이내', '올수리', '대형평수', '방네개이상']",남향,13596537.446286066
경기도,용인시 기흥구,보정동,상떼빌구성역플랫폼시티,매매,106동,6/20,670000000,162.9,OWNER,정상입주 GTX구성역 더블역세권 거실확장 최근 부분수리 주거환경좋음,25.07.19,"['25년이내', '대형평수', '방네개이상', '화장실두개']",동향,13596537.446286066
경기도,용인시 기흥구,보정동,상떼빌구성역플랫폼시티,매매,107동,4/20,730000000,162.9,OWNER,"인근, 초,중,고 위치,교통편리. 특 올수리,교통 편리 ",25.07.18,"['25년이내', '올수리', '대형평수', '방네개이상']",남향,14814137.814610189
경기도,용인시 기흥구,보정동,상떼빌구성역플랫폼시티,매매,101동,12/20,800000000,162.9,OWNER,"로얄동 로얄층, 시원한전망, GTX 플시수혜, 학군인접, 입주일협의",25.07.17,"['25년이내', '대형평수', '방네개이상', '화장실두개']",남향,16234671.577655004
경기도,용인시 기흥구,보정동,상떼빌구성역플랫폼시티,월세,106동,15/20,"5,000/170",162.9,OWNER,빠른입주가능  올수리  전망굿  GTX구성역 더블역세권,25.07.17,"['25년이내', '올수리', '대형평수', '방네개이상']",동향,
경기도,용인시 기흥구,보정동,상떼빌구성역플랫폼시티,매매,104동,9/20,900000000,162.9,OWNER,"정남향, 입주가능",25.07.17,"['25년이내', '대형평수', '방네개이상', '화장실두개']",남향,18264005.52486188
경기도,용인시 기흥구,보정동,상떼빌구성역플랫폼시티,매매,104동,18/20,800000000,162.9,OWNER,"부분수리, 초품아, GTX 플시 수혜, 초중고 인접, 입주일협의",25.07.16,"['25년이내', '대형평수', '방네개이상', '화장실두개']",남향,16234671.577655004
경기도,용인시 기흥구,보정동,상떼빌구성역플랫폼시티,전세,107동,11/20,450000000,162.9,OWNER,"올수리,정상입주협의,초중고근접,gtx구성역세권",25.07.15,"['25년이내', '올수리', '대형평수', '방네개이상']",남향,9132002.76243094
경기도,용인시 기흥구,보정동,상떼빌구성역플랫폼시티,매매,104동,저/20,670000000,162.9,OWNER,"짧은세안고,부분수리께끗,초품아,조용쾌적",25.07.21,"['25년이내', '대형평수', '방네개이상', '화장실두개']",남향,13596537.446286066
경기도,용인시 기흥구,보정동,상떼빌구성역플랫폼시티,매매,104동,저/20,720000000,162.9,OWNER,"정상입주,gtx구성역세권,초품아,조용쾌적",25.07.21,"['25년이내', '대형평수', '방네개이상', '화장실두개']",남향,14611204.419889502
경기도,용인시 기흥구,보정동,상떼빌구성역플랫폼시티,매매,106동,고/20,730000000,162.9,OWNER,특올수리 깨끗함 GTX구성역세권 초품아,25.07.21,"['25년이내', '올수리', '대형평수', '방네개이상']",동향,14814137.814610189
경기도,용인시 기흥구,보정동,상떼빌구성역플랫폼시티,매매,107동,고/20,750000000,162.9,OWNER,"빠른입주,초중고근접,gtx구성역세권,전망좋음",25.07.21,"['25년이내', '대형평수', '방네개이상', '화장실두개']",남향,15220004.604051568
경기도,용인시 기흥구,보정동,상떼빌구성역플랫폼시티,매매,101동,4/20,850000000,162.9,OWNER,올수리.전망굿.날짜조정가능,25.07.14,"['25년이내', '올수리', '대형평수', '방네개이상']",남향,17249338.55125844
경기도,용인시 기흥구,보정동,상떼빌구성역플랫폼시티,매매,101동,11/20,760000000,162.9,OWNER,정상입주 최고로얄 전망굿 조정가능 확장 정남향 초중고인접,25.07.14,"['25년이내', '대형평수', '방네개이상', '화장실두개']",남향,15422937.998772254
경기도,용인시 기흥구,보정동,상떼빌구성역플랫폼시티,매매,101동,5/20,780000000,162.9,OWNER,플랫폼 시티 수혜지역,25.07.14,"['25년이내', '대형평수', '방네개이상', '화장실두개']",남향,15828804.78821363
경기도,용인시 기흥구,보정동,상떼빌구성역플랫폼시티,매매,104동,중/20,780000000,162.9,OWNER,"인테리어굳,gtx도보역세권,초품아중고근접,조용쾌적",25.07.17,"['25년이내', '대형평수', '방네개이상', '화장실두개']",남향,15828804.78821363
경기도,용인시 기흥구,보정동,상떼빌구성역플랫폼시티,전세,107동,2/20,450000000,162.9,OWNER,융자없음 씽크대 도배 전등수리됨 깨끗한집,25.07.08,"['25년이내', '융자금없는', '대형평수', '방네개이상']",남향,9132002.76243094
경기도,용인시 기흥구,보정동,상떼빌구성역플랫폼시티,전세,101동,중/20,450000000,162.9,OWNER,올수리 남향 조망최고 융무,25.07.14,"['25년이내', '융자금없는', '올수리', '대형평수']",남향,9132002.76243094
경기도,용인시 기흥구,보정동,상떼빌구성역플랫폼시티,매매,104동,고/20,750000000,162.9,OWNER,세안고 GTX구성역세권 조망나옴 초중고인접,25.07.14,"['25년이내', '대형평수', '방네개이상', '화장실두개']",남향,15220004.604051568
경기도,용인시 기흥구,보정동,상떼빌구성역플랫폼시티,매매,106동,중/20,800000000,162.9,OWNER,｜49.｜입주협의｜GTX 더블 역세권｜초품아 학세권｜가치투자｜,25.07.10,"['25년이내', '대형평수', '방네개이상', '화장실두개']",동향,16234671.577655004
경기도,용인시 기흥구,보정동,상떼빌구성역플랫폼시티,매매,104동,1/20,920000000,162.9,OWNER,입주물건 플시및GTX수혜단지 정남향 층간소음X 부분수리됨 초품아 학군굿,25.07.02,"['25년이내', '1층', '대형평수', '방네개이상']",남향,18669872.314303253
경기도,용인시 기흥구,보정동,상떼빌구성역플랫폼시티,매매,104동,저/20,850000000,162.9,OWNER,"샷시포함 특올수리, 주인거주 관리중, 초중고학군인접, 플시 GTX 수혜",25.07.08,"['25년이내', '올수리', '대형평수', '방네개이상']",남향,17249338.55125844
경기도,용인시 기흥구,보정동,상떼빌구성역플랫폼시티,매매,101동,중/20,750000000,162.9,OWNER,"입주,올수리,로얄동,전망굿,GTX구성역세권",25.07.08,"['25년이내', '올수리', '대형평수', '방네개이상']",남향,15220004.604051568
경기도,용인시 기흥구,보정동,상떼빌구성역플랫폼시티,매매,106동,4/20,730000000,162.9,OWNER,수리 플시수혜및GTX구성역더블역세권 입주일협의 초품아 초중고학군굿,25.07.01,"['25년이내', '대형평수', '방네개이상', '화장실두개']",동향,14814137.814610189
경기도,용인시 기흥구,보정동,상떼빌구성역플랫폼시티,매매,107동,2/20,750000000,162.9,OWNER,남향큰평수 입주매물 주인거주로 관리상태 좋아요,25.07.01,"['25년이내', '대형평수', '방네개이상', '화장실두개']",남향,15220004.604051568
경기도,용인시 기흥구,보정동,상떼빌구성역플랫폼시티,매매,104동,중/20,750000000,162.9,OWNER,"주인거주관리 깨끗, 초중고학군인접, 플랫폼시티수혜, 입주일협의",25.07.04,"['25년이내', '대형평수', '방네개이상', '화장실두개']",남향,15220004.604051568
경기도,용인시 기흥구,보정동,상떼빌구성역플랫폼시티,매매,107동,중/20,760000000,162.9,OWNER,｜49.｜입주협의｜정남향｜깨끗｜더블 역세권｜초품아단지｜가치투자｜,25.07.03,"['25년이내', '대형평수', '방네개이상', '화장실두개']",남향,15422937.998772254
경기도,용인시 기흥구,보정동,상떼빌구성역플랫폼시티,매매,101동,고/20,800000000,162.9,OWNER,갭작은세안고급매 정남향 로얄동 뻥뷰 올수리 플시수혜및GTX구성더블역세권,25.06.27,"['25년이내', '올수리', '급매', '소형평수']",남향,16234671.577655004
경기도,용인시 기흥구,보정동,상떼빌구성역플랫폼시티,매매,104동,고/20,850000000,162.9,DOC,샤시까지특올수리.전망굿.세안고,25.06.27,"['25년이내', '올수리', '대형평수', '방네개이상']",남향,17249338.55125844
경기도,용인시 기흥구,보정동,상떼빌구성역플랫폼시티,매매,101동,1/20,870000000,162.9,NONE,세안고투자 앞동 특올수리 정남향 플시및GTX수혜단지 구성역세권 층간소음X,25.07.16,"['25년이내', '올수리', '1층', '대형평수']",남향,17655205.340699818
경기도,용인시 기흥구,보정동,상떼빌구성역플랫폼시티,매매,103동,3/20,800000000,162.9,NONE,"특급인테리어샷시포함,gtx구성역세권,초중고근접",25.07.14,"['25년이내', '대형평수', '방네개이상', '화장실두개']",동향,16234671.577655004
경기도,용인시 기흥구,보정동,상떼빌구성역플랫폼시티,매매,104동,4/20,840000000,162.9,NONE,올수리 입주시기 협의가능 ,25.07.06,"['25년이내', '올수리', '대형평수', '방네개이상']",남향,17046405.156537756
경기도,용인시 기흥구,보정동,상떼빌구성역플랫폼시티,매매,102동,4/20,630000000,107.4,OWNER,정상 올확장 올수리 구성역세권 초중고인접 마을버스3분,25.07.21,"['25년이내', '올수리', '방세개', '화장실두개']",동향,19391476.25698324
경기도,용인시 기흥구,보정동,상떼빌구성역플랫폼시티,매매,108동,20/20,650000000,107.4,OWNER,｜32.｜세안고｜귀한탑층｜단독라인｜올수리｜더블역세권｜미래가치투자｜,25.07.21,"['25년이내', '올수리', '탑층', '방세개']",동향,20007078.67783985
경기도,용인시 기흥구,보정동,상떼빌구성역플랫폼시티,매매,116동,2/10,670000000,107.4,OWNER,｜32.｜입주협의｜정남향｜올수리｜방1확장｜더블역세권｜선호동｜,25.07.19,"['25년이내', '올수리', '방세개', '화장실두개']",남향,20622681.098696463
경기도,용인시 기흥구,보정동,상떼빌구성역플랫폼시티,매매,116동,7/10,680000000,107.4,OWNER,"입주협의,지하주차장연결,일부수리",25.07.19,"['25년이내', '방세개', '화장실두개', '고층']",남향,20930482.309124768
경기도,용인시 기흥구,보정동,상떼빌구성역플랫폼시티,전세,105동,2/20,300000000,107.4,OWNER,"9월26일 입주  GTX구성역 역세권 부분수리 깨끗 교육,주거환경좋음",25.07.19,"['25년이내', '융자금적은', '방세개', '화장실두개']",동향,9234036.312849162
경기도,용인시 기흥구,보정동,상떼빌구성역플랫폼시티,매매,105동,2/20,610000000,107.4,OWNER,급매 정상입주 GTX구성역 수혜단지 부분수리 깨끗  교육 주거환경좋음,25.07.19,"['25년이내', '급매', '방세개', '화장실두개']",동향,18775873.83612663
경기도,용인시 기흥구,보정동,상떼빌구성역플랫폼시티,매매,116동,5/10,750000000,107.4,OWNER,남향 싱크대화장실수리 구성역세권 초품아 주차장연결,25.07.18,"['25년이내', '욕실수리', '방세개', '화장실두개']",남향,23085090.782122906
경기도,용인시 기흥구,보정동,상떼빌구성역플랫폼시티,매매,108동,2/20,650000000,107.4,OWNER,"샷시교체, 올수리, 초중고인접, GTX 플시수혜단지",25.07.18,"['25년이내', '올수리', '방세개', '화장실두개']",동향,20007078.67783985
경기도,용인시 기흥구,보정동,상떼빌구성역플랫폼시티,매매,102동,2/20,610000000,107.4,OWNER,｜32.｜빠른입주가능｜초품아｜더블 역세권｜잔금전 수리가능｜,25.07.18,"['25년이내', '방세개', '화장실두개', '세대당 1.5대이상']",동향,18775873.83612663
경기도,용인시 기흥구,보정동,상떼빌구성역플랫폼시티,매매,105동,17/20,650000000,107.4,NDOC1,급매 짧은세안고 플시수혜및GTX구성역더블역세권 올수리 확장됨 초품아 학군,25.07.16,"['25년이내', '올수리', '급매', '방세개']",동향,20007078.67783985
경기도,용인시 기흥구,보정동,상떼빌구성역플랫폼시티,매매,102동,고/20,670000000,107.4,OWNER,정상 골프장및법화산뷰 거실확장 올마루 플시및GTX구성더블역세권 입주일협의,25.07.21,"['25년이내', '방세개', '화장실두개', '고층']",동향,20622681.098696463
경기도,용인시 기흥구,보정동,상떼빌구성역플랫폼시티,매매,102동,저/20,640000000,107.4,OWNER,"세안고, 올수리, 잔잔한조망, 초중고인접, GTX구성역세권",25.07.21,"['25년이내', '올수리', '방세개', '화장실두개']",동향,19699277.467411544
경기도,용인시 기흥구,보정동,상떼빌구성역플랫폼시티,매매,105동,고/20,680000000,107.4,NDOC1,세안고.올수리.전망굿,25.07.21,"['25년이내', '올수리', '방세개', '화장실두개']",동향,20930482.309124768
경기도,용인시 기흥구,보정동,상떼빌구성역플랫폼시티,매매,109동,8/12,675000000,107.4,OWNER,올수리 주인거주 폴딩도어  GTX구성역세권  남향 관리비저렴,25.07.14,"['25년이내', '올수리', '방세개', '화장실두개']",남향,20776581.703910615
경기도,용인시 기흥구,보정동,상떼빌구성역플랫폼시티,매매,114동,3/12,630000000,107.4,NDOC1,"GTX 구성역,수인분당선 더블역세권,즉시 입주,초품아,용인플랫폼시티",25.07.14,"['25년이내', '방세개', '화장실두개', '세대당 1.5대이상']",동향,19391476.25698324
경기도,용인시 기흥구,보정동,상떼빌구성역플랫폼시티,매매,108동,12/20,700000000,107.4,OWNER,세안고 올수리 gtx 플랫폼시티,25.07.14,"['25년이내', '올수리', '방세개', '화장실두개']",동향,21546084.72998138
경기도,용인시 기흥구,보정동,상떼빌구성역플랫폼시티,매매,116동,3/10,680000000,107.4,OWNER,"입주일협의, 정남향 로얄동, GTX 플랫폼시티 수혜단지",25.07.11,"['25년이내', '방세개', '화장실두개', '세대당 1.5대이상']",남향,20930482.309124768
경기도,용인시 기흥구,보정동,상떼빌구성역플랫폼시티,월세,102동,고/20,"5,000/150",107.4,NDOC1,깨끗.전망굿.날짜협의가능,25.07.17,"['25년이내', '방세개', '화장실두개', '고층']",동향,
경기도,용인시 기흥구,보정동,상떼빌구성역플랫폼시티,매매,116동,1/10,600000000,107.4,NDOC1,남향.세안고 입주도가능.수리.,25.07.10,"['25년이내', '1층', '방세개', '화장실두개']",남향,18468072.625698324
경기도,용인시 기흥구,보정동,상떼빌구성역플랫폼시티,매매,108동,저/20,700000000,107.4,OWNER,정상 올확장 초품아 GTX더블역세권,25.07.16,"['25년이내', '방세개', '화장실두개', '세대당 1.5대이상']",동향,21546084.72998138
경기도,용인시 기흥구,보정동,상떼빌구성역플랫폼시티,매매,105동,고/20,680000000,107.4,OWNER,"트인전망, 올수리 관리되어 깨끗한 집, 초중고 학군인접, 입주일협의",25.07.15,"['25년이내', '올수리', '방세개', '화장실두개']",동향,20930482.309124768
경기도,용인시 기흥구,보정동,상떼빌구성역플랫폼시티,매매,108동,19/20,730000000,107.4,OWNER,"세안고 내부 특올수리, 거실 방 확장, 넉넉한 수납공간, 시원한 뷰,",25.07.07,"['25년이내', '올수리', '방세개', '화장실두개']",동향,22469488.361266293
경기도,용인시 기흥구,보정동,상떼빌구성역플랫폼시티,매매,105동,중/20,680000000,107.4,NDOC1,"GTX 구성역, 수인분당선 더블역세권,대형아트 인접, 초품아 전망좋음.",25.07.14,"['25년이내', '대형평수', '방세개', '화장실두개']",동향,20930482.309124768
경기도,용인시 기흥구,보정동,상떼빌구성역플랫폼시티,매매,109동,중/12,620000000,107.4,DOC,깨끗.남향.입주가능,25.07.21,"['25년이내', '방세개', '화장실두개', '중층']",남향,19083675.046554934
경기도,용인시 기흥구,보정동,상떼빌구성역플랫폼시티,매매,105동,저/20,610000000,107.4,OWNER,수리.매우깨끗.입주가능.,25.07.10,"['25년이내', '방세개', '화장실두개', '세대당 1.5대이상']",동향,18775873.83612663
경기도,용인시 기흥구,보정동,상떼빌구성역플랫폼시티,매매,105동,9/20,640000000,107.4,OWNER,"입주,GTX구성역세권,일부수리,전망굿",25.07.03,"['25년이내', '방세개', '화장실두개', '중층']",남향,19699277.467411544
경기도,용인시 기흥구,보정동,상떼빌구성역플랫폼시티,매매,105동,9/20,700000000,107.4,OWNER,"세안고,조망좋음,초품아 GTX구성역세권",25.07.01,"['25년이내', '방세개', '화장실두개', '중층']",동향,21546084.72998138
경기도,용인시 기흥구,보정동,상떼빌구성역플랫폼시티,매매,114동,5/12,750000000,107.4,OWNER,화이트톤올수리 정상입주 GTX구성역세권 초중고인접,25.06.24,"['25년이내', '올수리', '방세개', '화장실두개']",동향,23085090.782122906
경기도,용인시 기흥구,보정동,상떼빌구성역플랫폼시티,매매,102동,고/20,650000000,107.4,NONE,"정상,gtx용인도보역세권,전망좋음,초중고근접",25.07.07,"['25년이내', '방세개', '화장실두개', '고층']",동향,20007078.67783985
경기도,용인시 기흥구,보정동,상떼빌구성역플랫폼시티,매매,102동,4/20,630000000,107.4,NONE,｜32.｜입주협의｜올확장 수리 깨끗｜더블 역세권｜초품아 학세권｜가치투자｜,25.07.02,"['25년이내', '방세개', '화장실두개', '세대당 1.5대이상']",동향,19391476.25698324
경기도,용인시 기흥구,보정동,성호샤인힐즈,매매,105동,10/10,1080000000,144.48,OWNER,초급매 귀한팬트하우스 올확장수리 전망굿 정상,25.07.09,"['25년이내', '급매', '대형평수', '탑층']",남향,24711017.44186047
경기도,용인시 기흥구,보정동,성호샤인힐즈,월세,103동,5/10,1억 500/110,104.14,OWNER,남향  도배 장판 엘리디등  전망굿 하시,25.07.19,"['25년이내', '방세개', '화장실두개', '중층']",남향,
경기도,용인시 기흥구,보정동,성호샤인힐즈,전세,116동,7/10,350000000,104.14,OWNER,올수리  집깨끗 로얄층 전망굿,25.07.14,"['25년이내', '융자금없는', '올수리', '방세개']",남동향,11110281.83214903
경기도,용인시 기흥구,보정동,성호샤인힐즈,전세,116동,2/10,300000000,104.14,OWNER,9월 초 전체적으로 수리 완료 후 입주   자연과 조화로운 주거 환경,25.07.10,"['25년이내', '융자금없는', '방세개', '화장실두개']",남동향,9523098.713270597
경기도,용인시 기흥구,보정동,성호샤인힐즈,매매,122동,1/10,740000000,104.14,OWNER,,25.07.10,"['25년이내', '1층', '방세개', '화장실두개']",남동향,23490310.15940081
경기도,용인시 기흥구,보정동,성호샤인힐즈,월세,106동,중/10,"1억 3,000/100",104.14,OWNER,남향 수리한집 아주깨끗  빠른입주가능,25.07.07,"['25년이내', '방세개', '화장실두개', '중층']",남향,
경기도,용인시 기흥구,보정동,성호샤인힐즈,전세,116동,2/10,300000000,104.14,NONE,,25.07.14,"['25년이내', '융자금없는', '방세개', '화장실두개']",남동향,9523098.713270597
경기도,용인시 기흥구,보정동,성호샤인힐즈,매매,122동,1/10,740000000,104.14,NONE,산 전망 학교 통학로 인접 공가 하시입주GTX구성역 더블역세권,25.07.07,"['25년이내', '1층', '방세개', '화장실두개']",남동향,23490310.15940081
경기도,용인시 기흥구,보정동,솔뫼마을현대홈타운,매매,105동,5/13,930000000,212.53,OWNER,급매 기본 깨끗 플랫폼시티내존치아파트 GTX개통,25.07.19,"['25년이내', '급매', '대형평수', '방네개이상']",남향,14465628.617136406
경기도,용인시 기흥구,보정동,솔뫼마을현대홈타운,매매,105동,11/13,950000000,212.53,OWNER,정상입주. 로얄동 로얄층 기본 남향 뷰최고,25.07.18,"['25년이내', '대형평수', '방네개이상', '화장실두개']",남향,14776717.404601704
경기도,용인시 기흥구,보정동,솔뫼마을현대홈타운,매매,105동,12/13,950000000,212.53,OWNER,"로얄동로얄층, 주인거주, 용인플렛폼시티개발지역내위치, 이현초,이현중 배정",25.07.19,"['25년이내', '대형평수', '방네개이상', '화장실두개']",남향,14776717.404601704
경기도,용인시 기흥구,보정동,솔뫼마을현대홈타운,전세,105동,11/13,420000000,212.53,OWNER,"강추, 탁 트인전망, 기본구조, 일부수리예정, 쾌적하고 조용함",25.07.16,"['25년이내', '융자금적은', '대형평수', '방네개이상']",남향,6532864.53677128
경기도,용인시 기흥구,보정동,솔뫼마을현대홈타운,월세,103동,2/10,"5,000/200",212.53,OWNER,일부수리 보증금조정가능 융자무 남향 조용하고 예쁜뷰,25.07.07,"['25년이내', '대형평수', '방네개이상', '화장실두개']",남향,
경기도,용인시 기흥구,보정동,솔뫼마을현대홈타운,전세,103동,저/10,500000000,212.53,OWNER,"즉시입주가능, 일부수리중 남향,조용, 아늑하고편안한 집,장기거주가능",25.07.08,"['25년이내', '융자금없는', '대형평수', '방네개이상']",남동향,7777219.686632476
경기도,용인시 기흥구,보정동,솔뫼마을현대홈타운,매매,105동,고/13,1030000000,212.53,DOC,로얄동 로얄층 트인뷰 올수리 플랫폼시티내 존치 투자겸실거주최고,25.07.08,"['25년이내', '올수리', '대형평수', '방네개이상']",남향,16021072.5544629
경기도,용인시 기흥구,보정동,솔뫼마을현대홈타운,월세,103동,2/10,3억/100,212.53,NONE,부분수리됨. 즉시입주가. 전원주택같은 아늑한세대,25.07.15,"['25년이내', '융자금없는', '대형평수', '방네개이상']",남향,
경기도,용인시 기흥구,보정동,솔뫼마을현대홈타운,전세,104동,4/13,470000000,176.07,OWNER,2년전 올수리 거실확장 남향 아주깨끗 ,25.07.19,"['25년이내', '올수리', '대형평수', '방네개이상']",남향,8824438.8595445
경기도,용인시 기흥구,보정동,솔뫼마을현대홈타운,매매,102동,1/12,900000000,176.07,OWNER,샷시포함 올수리 아주깨끗 앞정원있음. 남향,25.07.19,"['25년이내', '올수리', '마당', '1층']",남향,16897861.645936277
경기도,용인시 기흥구,보정동,솔뫼마을현대홈타운,전세,107동,6/12,500000000,176.07,OWNER,"빠른입주가능,싱크대,화장실인테리어,채광좋고뷰좋은집,집상태최상,월세도가능",25.07.19,"['25년이내', '대형평수', '방네개이상', '화장실두개']",남향,9387700.914409043
경기도,용인시 기흥구,보정동,솔뫼마을현대홈타운,월세,107동,6/12,3억/80,176.07,OWNER,즉시입주가 전세가 부분수리 채광굿,25.07.19,"['25년이내', '대형평수', '방네개이상', '화장실두개']",남향,
경기도,용인시 기흥구,보정동,솔뫼마을현대홈타운,월세,104동,3/13,"5,000/170",176.07,OWNER,기본 이현초 넓은지하주차장 남향,25.07.18,"['25년이내', '대형평수', '방네개이상', '화장실두개']",남향,
경기도,용인시 기흥구,보정동,솔뫼마을현대홈타운,매매,104동,3/13,900000000,176.07,OWNER,기본 플랫폼시티내 아파트 투자겸실거주추천,25.07.18,"['25년이내', '대형평수', '방네개이상', '화장실두개']",남향,16897861.645936277
경기도,용인시 기흥구,보정동,솔뫼마을현대홈타운,매매,102동,3/12,950000000,176.07,OWNER,전세안고  플랫폼시티개발지역내  수리됨.,25.07.18,"['25년이내', '대형평수', '방네개이상', '화장실두개']",남향,17836631.73737718
경기도,용인시 기흥구,보정동,솔뫼마을현대홈타운,전세,107동,4/12,430000000,176.07,OWNER,올수리된 예쁜집 남향 융자무 빠른이사가능,25.07.18,"['25년이내', '올수리', '대형평수', '방네개이상']",남향,8073422.786391777
경기도,용인시 기흥구,보정동,솔뫼마을현대홈타운,전세,104동,1/13,400000000,176.07,OWNER,남향 정원이예뻐요 아주깨끗 수리함 정상,25.07.17,"['25년이내', '마당', '1층', '대형평수']",남향,7510160.731527234
경기도,용인시 기흥구,보정동,솔뫼마을현대홈타운,전세,102동,4/12,530000000,176.07,OWNER,,25.07.15,"['25년이내', '대형평수', '방네개이상', '화장실두개']",남향,9950962.969273586
경기도,용인시 기흥구,보정동,솔뫼마을현대홈타운,전세,104동,3/13,400000000,176.07,OWNER,기본 이현초도보5분거리 넓은지하주차장,25.07.14,"['25년이내', '대형평수', '방네개이상', '화장실두개']",남향,7510160.731527234
경기도,용인시 기흥구,보정동,솔뫼마을현대홈타운,전세,102동,고/12,450000000,176.07,OWNER,로얄층 화장실 씽크대교체 깨끗 이현초5분,25.07.18,"['25년이내', '대형평수', '방네개이상', '화장실두개']",남향,8448930.822968138
경기도,용인시 기흥구,보정동,솔뫼마을현대홈타운,매매,102동,저/12,1090000000,176.07,OWNER,,25.07.12,"['25년이내', '대형평수', '방네개이상', '화장실두개']",남향,20465187.993411712
경기도,용인시 기흥구,보정동,솔뫼마을현대홈타운,매매,102동,2/12,900000000,176.07,OWNER,올수리 거실확장 필로티 2층 플랫폼시티 인근개발지역,25.07.04,"['25년이내', '올수리', '필로티', '대형평수']",남향,16897861.645936277
경기도,용인시 기흥구,보정동,솔뫼마을현대홈타운,전세,107동,10/12,380000000,176.07,DOC,뻥뷰 일조량최고 오래살수있는집 깨끗해요,25.07.04,"['25년이내', '대형평수', '방네개이상', '화장실두개']",남향,7134652.694950873
경기도,용인시 기흥구,보정동,수지구청역롯데캐슬하이브엘(민간임대),월세,104동,25/29,"5,000/240",115.17,DOC,로얄층 남동향 트인전망 첫입주,25.07.21,"['2년이내', '화장실두개', '방세개', '고층']",남동향,
경기도,용인시 기흥구,보정동,수지구청역롯데캐슬하이브엘(민간임대),매매,103동,3/36,1427200000,115.17,DOC,"마피3000, 실입주금8억, 11억대출가능,막힘없는저층로얄동호",25.07.21,"['2년이내', '역세권', '방세개', '화장실두개']",남서향,40965671.199096985
경기도,용인시 기흥구,보정동,수지구청역롯데캐슬하이브엘(민간임대),전세,103동,15/36,650000000,115.17,DOC,,25.07.21,"['2년이내', '역세권', '방세개', '화장실두개']",남동향,18657291.395328645
경기도,용인시 기흥구,보정동,수지구청역롯데캐슬하이브엘(민간임대),매매,103동,23/36,966100000,115.17,DOC,확트인 뻥뷰 직접 집 보실 수 있어요.추천매물 꼭 하실 의사있음 맞춰줌,25.07.21,"['2년이내', '역세권', '방세개', '화장실두개']",남서향,27730475.718503084
경기도,용인시 기흥구,보정동,수지구청역롯데캐슬하이브엘(민간임대),월세,103동,23/36,"5,000/220",115.17,DOC,0추천매물0 신축첫입주  더블역세권 탁트인전망 넓은안방붙박이장 학원가도보,25.07.19,"['2년이내', '역세권', '방세개', '화장실두개']",남서향,
경기도,용인시 기흥구,보정동,수지구청역롯데캐슬하이브엘(민간임대),월세,103동,1/36,"5,000/230",115.17,DOC,층간소음걱정무신분당선  수지구청역도보가능 다량매물보유,25.07.19,"['2년이내', '역세권', '1층', '방세개']",남동향,
경기도,용인시 기흥구,보정동,수지구청역롯데캐슬하이브엘(민간임대),전세,101동,2/35,650000000,115.17,DOC,"5000에200가능, 첫입주, 아늑한 조경뷰, 풀옵션, 조식, GTX셔틀",25.07.19,"['2년이내', '방세개', '화장실두개', '세대당1대']",남서향,18657291.395328645
경기도,용인시 기흥구,보정동,수지구청역롯데캐슬하이브엘(민간임대),월세,104동,18/29,2억/170,115.17,DOC,로얄층 남동향 트인전망 첫입주 근저당해드림,25.07.19,"['2년이내', '화장실두개', '방세개', '중층']",남동향,
경기도,용인시 기흥구,보정동,수지구청역롯데캐슬하이브엘(민간임대),월세,101동,8/35,"5,000/240",115.17,DOC,남동향 트인전망 인기좋은타입 근저당해드림,25.07.19,"['2년이내', '화장실두개', '방세개', '세대당1대']",남동향,
경기도,용인시 기흥구,보정동,수지구청역롯데캐슬하이브엘(민간임대),월세,101동,2/35,"5,000/210",115.17,DOC,"6.5억전세가능, 첫입주, 아늑한 조경뷰, 풀옵션, 해잘드는집",25.07.19,"['2년이내', '방세개', '화장실두개', '세대당1대']",남서향,
경기도,용인시 기흥구,보정동,수지구청역롯데캐슬하이브엘(민간임대),매매,104동,5/29,1451500000,115.17,DOC,"신분당선,분당선,GTX 교통 최상,풀옵션,우수한 학원",25.07.19,"['2년이내', '방세개', '화장실두개', '세대당1대']",남동향,41663166.862030044
경기도,용인시 기흥구,보정동,수지구청역롯데캐슬하이브엘(민간임대),월세,101동,19/35,"5,000/240",115.17,DOC,"뻥뷰,에어컨5대등 옵션다수,B타입",25.07.19,"['2년이내', '방세개', '화장실두개', '중층']",남동향,
경기도,용인시 기흥구,보정동,수지구청역롯데캐슬하이브엘(민간임대),월세,104동,14/29,"5,000/230",115.17,DOC,"전망굿,첫입주,에어컨5대등 옵션다수",25.07.19,"['2년이내', '방세개', '화장실두개', '중층']",남동향,
경기도,용인시 기흥구,보정동,수지구청역롯데캐슬하이브엘(민간임대),매매,104동,3/29,1417200000,115.17,DOC,"마피4천실사진,선납시1억할인,약8억대출가",25.07.19,"['2년이내', '방세개', '화장실두개', '세대당1대']",남동향,40678635.94686116
경기도,용인시 기흥구,보정동,수지구청역롯데캐슬하이브엘(민간임대),매매,101동,24/35,1521600000,115.17,DOC,분양확정형 로얄층 각종세금,25.07.18,"['2년이내', '방세개', '화장실두개', '고층']",남서향,43675283.98020318
경기도,용인시 기흥구,보정동,수지구청역롯데캐슬하이브엘(민간임대),매매,103동,5/36,1447200000,115.17,DOC,"매매예약ok. 풀옵션, 주택수미포함, 잔잔한전망",25.07.18,"['2년이내', '역세권', '방세개', '화장실두개']",남서향,41539741.703568645
경기도,용인시 기흥구,보정동,수지구청역롯데캐슬하이브엘(민간임대),월세,101동,32/35,"5,000/240",115.17,DOC,"플랫폼시티뻥뷰,풀옵션,보증금월세조정가,수납좋은B타입",25.07.18,"['2년이내', '방세개', '화장실두개', '고층']",남향,
경기도,용인시 기흥구,보정동,수지구청역롯데캐슬하이브엘(민간임대),매매,101동,2/35,1402900000,115.17,DOC,"마피4천,신축 입주 풀옵션, 11억 입주가능,8억대출가능",25.07.17,"['2년이내', '방세개', '화장실두개', '세대당1대']",남동향,40268175.53616393
경기도,용인시 기흥구,보정동,수지구청역롯데캐슬하이브엘(민간임대),매매,103동,1/36,1422900000,115.17,DOC,"뛰어도 좋아 귀한1층,마피,풀옵션,신축",25.07.17,"['2년이내', '역세권', '1층', '방세개']",남동향,40842246.040635586
경기도,용인시 기흥구,보정동,수지구청역롯데캐슬하이브엘(민간임대),매매,103동,12/36,941600000,115.17,TEL,,25.07.15,"['2년이내', '역세권', '방세개', '화장실두개']",남서향,27027239.350525312
경기도,용인시 기흥구,보정동,수지구청역롯데캐슬하이브엘(민간임대),전세,103동,10/36,650000000,115.17,DOC,신축 첫입주 풀옵션 성복천뷰 빠른입주시 조정가능,25.07.17,"['2년이내', '역세권', '방세개', '화장실두개']",남서향,18657291.395328645
경기도,용인시 기흥구,보정동,수지구청역롯데캐슬하이브엘(민간임대),매매,103동,33/36,1546000000,115.17,DOC,,25.07.16,"['2년이내', '역세권', '방세개', '화장실두개']",남향,44375649.99565859
경기도,용인시 기흥구,보정동,수지구청역롯데캐슬하이브엘(민간임대),매매,104동,22/29,912500000,115.17,DOC,"더블 역세권 , 트인뷰 , 하시입주",25.07.16,"['2년이내', '방세개', '화장실두개', '고층']",남서향,26191966.766519062
경기도,용인시 기흥구,보정동,수지구청역롯데캐슬하이브엘(민간임대),매매,101동,13/35,1514400000,115.17,DOC,P5천 B타입 선납시1억할인 초기자금11억대 약8억대출가능,25.07.16,"['2년이내', '방세개', '화장실두개', '중층']",남동향,43468618.598593384
경기도,용인시 기흥구,보정동,수지구청역롯데캐슬하이브엘(민간임대),월세,103동,32/36,2억/170,115.17,DOC,"보증금 근저당설정해줌, 전망아주좋아요, 붙박이장 넓은타입",25.07.16,"['2년이내', '역세권', '복층', '방세개']",남동향,
경기도,용인시 기흥구,보정동,수지구청역롯데캐슬하이브엘(민간임대),매매,103동,6/36,1477200000,115.17,DOC,P2천 B타입 선납시1억할인 초기자금11억대 약8억대출가능,25.07.16,"['2년이내', '역세권', '방세개', '화장실두개']",남동향,42400847.46027611
경기도,용인시 기흥구,보정동,수지구청역롯데캐슬하이브엘(민간임대),월세,103동,26/36,"5,000/230",115.17,DOC,신축 첫입주. 풀옵션. 수지구청역 도보이용. 성복천 산책로. ,25.07.15,"['2년이내', '역세권', '방세개', '화장실두개']",남서향,
경기도,용인시 기흥구,보정동,수지구청역롯데캐슬하이브엘(민간임대),월세,103동,8/36,"5,000/220",115.17,DOC,"추천,잔금대출안받는세대,풀옵션",25.07.15,"['2년이내', '역세권', '방세개', '화장실두개']",남서향,
경기도,용인시 기흥구,보정동,수지구청역롯데캐슬하이브엘(민간임대),월세,103동,24/36,"5,000/230",115.17,DOC,"실사진,성복천좋은뷰 남서향,풀옵션,에어컨5대",25.07.15,"['2년이내', '역세권', '방세개', '화장실두개']",남서향,
경기도,용인시 기흥구,보정동,수지구청역롯데캐슬하이브엘(민간임대),월세,103동,5/36,"5,000/230",115.17,DOC,"신축첫입주,풀옵션,더블역세권,조식,GTX셔틀,입지굿",25.07.12,"['2년이내', '역세권', '방세개', '화장실두개']",남동향,
경기도,용인시 기흥구,보정동,수지구청역롯데캐슬하이브엘(민간임대),월세,104동,저/29,"5,000/260",115.17,DOC,신축첫입주  잔잔한 정원 조망  풀옵션  수지구청역  상권이용,25.07.19,"['2년이내', '마당', '방세개', '화장실두개']",남서향,
경기도,용인시 기흥구,보정동,수지구청역롯데캐슬하이브엘(민간임대),매매,103동,저/36,1402900000,115.17,DOC,"마피4천실사진,수지최신축,약8억대출가,선납시1억할인",25.07.19,"['2년이내', '역세권', '방세개', '화장실두개']",남동향,40268175.53616393
경기도,용인시 기흥구,보정동,수지구청역롯데캐슬하이브엘(민간임대),월세,101동,저/35,1억/190,115.17,DOC,"층낮지않아요.풀옵션,최저가월세,초록뷰에채광좋은집",25.07.18,"['2년이내', '방세개', '화장실두개', '세대당1대']",남향,
경기도,용인시 기흥구,보정동,수지구청역롯데캐슬하이브엘(민간임대),매매,101동,20/35,1541600000,115.17,DOC,P7천 B타입 선납시1억할인 초기자금11억대 약8억대출가능,25.07.12,"['2년이내', '방세개', '화장실두개', '중층']",남동향,44249354.484674826
경기도,용인시 기흥구,보정동,수지구청역롯데캐슬하이브엘(민간임대),매매,101동,15/35,1514400000,115.17,DOC,"신축,풀옵션,P5천,임대보증금 대출 가능",25.07.11,"['2년이내', '방세개', '화장실두개', '중층']",남동향,43468618.598593384
경기도,용인시 기흥구,보정동,수지구청역롯데캐슬하이브엘(민간임대),월세,104동,7/29,"5,000/250",115.17,DOC,풀옵션 트인뷰 신분당선역세권신축 보증금조율가,25.07.11,"['2년이내', '방세개', '화장실두개', '세대당1대']",남동향,
경기도,용인시 기흥구,보정동,수지구청역롯데캐슬하이브엘(민간임대),월세,103동,22/36,"5,000/250",115.17,DOC,붙박이장넓은 타입.보증금조절가능. 수지구청역5분,25.07.11,"['2년이내', '역세권', '방세개', '화장실두개']",남향,
경기도,용인시 기흥구,보정동,수지구청역롯데캐슬하이브엘(민간임대),월세,104동,15/29,"5,000/250",115.17,DOC,0강추 첫입주 신분당선분당선 더블역세권 탁트인전망 커뮤니티동 학원가인접,25.07.11,"['2년이내', '방세개', '화장실두개', '중층']",남동향,
경기도,용인시 기흥구,보정동,수지구청역롯데캐슬하이브엘(민간임대),매매,103동,저/36,1447200000,115.17,DOC,"급매,마피1천,실사진.단지조경뷰,선납시1억할인,대출약7.8억가능",25.07.17,"['2년이내', '역세권', '급매', '방세개']",남서향,41539741.703568645
경기도,용인시 기흥구,보정동,수지구청역롯데캐슬하이브엘(민간임대),월세,104동,고/29,"5,000/280",115.17,DOC,"풀옵션, 신축아파트 ,수지구청역 역세권, 학세권",25.07.17,"['2년이내', '방세개', '화장실두개', '고층']",남서향,
경기도,용인시 기흥구,보정동,수지구청역롯데캐슬하이브엘(민간임대),매매,103동,저/36,902100000,115.17,DOC,,25.07.17,"['2년이내', '역세권', '방세개', '화장실두개']",남서향,25893450.104193803
경기도,용인시 기흥구,보정동,수지구청역롯데캐슬하이브엘(민간임대),매매,101동,중/35,1501600000,115.17,DOC,P 3천  선납할인가능,25.07.16,"['2년이내', '방세개', '화장실두개', '중층']",남서향,43101213.47573153
경기도,용인시 기흥구,보정동,수지구청역롯데캐슬하이브엘(민간임대),매매,101동,저/35,1494400000,115.17,DOC,"P3천  신축입주 풀옵션  11억 으로입주 8억대출 에어컨,김치냉장고",25.07.16,"['2년이내', '방세개', '화장실두개', '세대당1대']",남서향,42894548.09412173
경기도,용인시 기흥구,보정동,수지구청역롯데캐슬하이브엘(민간임대),월세,103동,10/36,"5,000/250",115.17,DOC,신축 첫입주 풀옵션 성복천뷰 빠른입주시 조정가능,25.07.10,"['2년이내', '역세권', '방세개', '화장실두개']",남서향,
경기도,용인시 기흥구,보정동,수지구청역롯데캐슬하이브엘(민간임대),매매,103동,20/36,1501600000,115.17,DOC,"P3000,입주금11억, 8억대출가능, 트인전망,B타입가성비최고집",25.07.09,"['2년이내', '역세권', '방세개', '화장실두개']",남향,43101213.47573153
경기도,용인시 기흥구,보정동,수지구청역롯데캐슬하이브엘(민간임대),월세,104동,중/29,"5,000/230",115.17,DOC,신축 첫입주. 풀옵션. 수지구청역 도보이용. 성복천 산책로. ,25.07.16,"['2년이내', '방세개', '화장실두개', '중층']",남동향,
경기도,용인시 기흥구,보정동,수지구청역롯데캐슬하이브엘(민간임대),월세,101동,17/35,"5,000/260",115.17,DOC,"신축첫입주,보정금 월세 조정가,넉넉한 수납,풀옵션",25.07.08,"['2년이내', '방세개', '화장실두개', '중층']",남서향,
경기도,용인시 기흥구,보정동,수지구청역롯데캐슬하이브엘(민간임대),매매,101동,21/35,1521600000,115.17,DOC,"로얄층 트인뷰, 신축풀옵션, 선납시 1억할인, 신분당역세권, 주택수미포함",25.07.08,"['2년이내', '방세개', '화장실두개', '중층']",남향,43675283.98020318
경기도,용인시 기흥구,보정동,수지구청역롯데캐슬하이브엘(민간임대),월세,104동,9/29,1억/200,115.17,DOC,"급임대,즉시입주",25.07.08,"['2년이내', '방세개', '화장실두개', '세대당1대']",남서향,
경기도,용인시 기흥구,보정동,수지구청역롯데캐슬하이브엘(민간임대),매매,101동,18/35,931600000,115.17,DOC,"P5000,실입주금3억,8억대출가능,로얄동호,남동향뻥뷰",25.07.07,"['2년이내', '방세개', '화장실두개', '중층']",남향,26740204.098289486
경기도,용인시 기흥구,보정동,수지구청역롯데캐슬하이브엘(민간임대),월세,103동,25/36,"5,000/250",115.17,DOC,"실사진,조건협의가능,풀옵션,11월중순입주가능",25.07.07,"['2년이내', '역세권', '방세개', '화장실두개']",남동향,
경기도,용인시 기흥구,보정동,수지구청역롯데캐슬하이브엘(민간임대),월세,101동,18/35,"1,000/220",115.17,DOC,"남동향트인뷰,26년2월까지 단기임대",25.07.07,"['2년이내', '방세개', '화장실두개', '중층']",남동향,
경기도,용인시 기흥구,보정동,수지구청역롯데캐슬하이브엘(민간임대),월세,104동,28/29,"5,000/280",115.17,DOC,"25년6월입주예정,수지구청역세권,신축,풀옵션",25.07.07,"['2년이내', '방세개', '화장실두개', '고층']",남서향,
경기도,용인시 기흥구,보정동,수지구청역롯데캐슬하이브엘(민간임대),매매,103동,9/36,907100000,115.17,DOC,"p3000, 실입주금3억, 8억대출가능, 햇빛잘드는 트인뷰",25.07.05,"['2년이내', '역세권', '방세개', '화장실두개']",남서향,26036967.730311714
경기도,용인시 기흥구,보정동,수지구청역롯데캐슬하이브엘(민간임대),매매,103동,17/36,906300000,115.17,DOC,"P2500,실입주금3억, 8억대출가능, 트인전망, 가성비최고,바로나갈집",25.07.05,"['2년이내', '역세권', '방세개', '화장실두개']",남향,26014004.910132848
경기도,용인시 기흥구,보정동,수지구청역롯데캐슬하이브엘(민간임대),월세,104동,고/29,"5,000/240",115.17,DOC,"실사진,완전뻥뷰,에어컨5대,김치냉장고옵션",25.07.12,"['2년이내', '방세개', '화장실두개', '고층']",남동향,
경기도,용인시 기흥구,보정동,수지구청역롯데캐슬하이브엘(민간임대),월세,104동,25/29,"5,000/240",115.17,DOC,"신축,탁트인전망,첫입주,수지구청역근접",25.07.05,"['2년이내', '방세개', '화장실두개', '고층']",남동향,
경기도,용인시 기흥구,보정동,수지구청역롯데캐슬하이브엘(민간임대),매매,104동,26/29,902500000,115.17,DOC,"P2000, 실입주금3억대, 8억대출가능, 소음없고 햇빛잘드는집",25.07.04,"['2년이내', '방세개', '화장실두개', '고층']",남향,25904931.514283232
경기도,용인시 기흥구,보정동,수지구청역롯데캐슬하이브엘(민간임대),매매,104동,저/29,1431500000,115.17,DOC,마피 B타입 선납시1억할인 초기자금11억대 약8억대출가능,25.07.11,"['2년이내', '방세개', '화장실두개', '세대당1대']",남동향,41089096.3575584
경기도,용인시 기흥구,보정동,수지구청역롯데캐슬하이브엘(민간임대),매매,104동,중/29,908000000,115.17,DOC,"인프라갖춘 저렴한매물, 풀옵션의 프리미엄아파트, 상가 지하철등 편리",25.07.11,"['2년이내', '방세개', '화장실두개', '중층']",남서향,26062800.90301294
경기도,용인시 기흥구,보정동,수지구청역롯데캐슬하이브엘(민간임대),매매,101동,중/35,1494400000,115.17,DOC,,25.07.10,"['2년이내', '방세개', '화장실두개', '중층']",남서향,42894548.09412173
경기도,용인시 기흥구,보정동,수지구청역롯데캐슬하이브엘(민간임대),매매,104동,저/29,1451500000,115.17,DOC,,25.07.10,"['2년이내', '방세개', '화장실두개', '세대당1대']",남서향,41663166.862030044
경기도,용인시 기흥구,보정동,수지구청역롯데캐슬하이브엘(민간임대),매매,104동,18/29,878000000,115.17,DOC,"신축6월첫입주,풀옵션,수지구청역도보5분,매매예약X",25.07.04,"['2년이내', '방세개', '화장실두개', '중층']",남서향,25201695.146305464
경기도,용인시 기흥구,보정동,수지구청역롯데캐슬하이브엘(민간임대),월세,103동,6/36,1억/220,115.17,DOC,"저렴한월세 ,수지구청역 도보5분",25.07.04,"['2년이내', '융자금없는', '역세권', '방세개']",남서향,
경기도,용인시 기흥구,보정동,수지구청역롯데캐슬하이브엘(민간임대),매매,104동,25/29,908000000,115.17,DOC,,25.07.03,"['2년이내', '방세개', '화장실두개', '고층']",남서향,26062800.90301294
경기도,용인시 기흥구,보정동,수지구청역롯데캐슬하이브엘(민간임대),월세,101동,35/35,1억/280,115.17,DOC,"신축첫입주,풀옵션,더블역세권,조식,GTX셔틀,막힘없는전망",25.07.03,"['2년이내', '탑층', '방세개', '화장실두개']",남동향,
경기도,용인시 기흥구,보정동,수지구청역롯데캐슬하이브엘(민간임대),매매,103동,고/36,1546000000,115.17,DOC,"고층시원한뻥뷰, 민간임대,10년간 주택수 미포함",25.07.09,"['2년이내', '역세권', '방세개', '화장실두개']",남동향,44375649.99565859
경기도,용인시 기흥구,보정동,수지구청역롯데캐슬하이브엘(민간임대),매매,104동,고/29,1535800000,115.17,DOC,"경부뻥뷰, 신축풀옵션, 선납시 1억 할인, 10년간주택수미포함",25.07.09,"['2년이내', '방세개', '화장실두개', '고층']",남동향,44082874.03837805
경기도,용인시 기흥구,보정동,수지구청역롯데캐슬하이브엘(민간임대),매매,104동,저/29,834600000,115.17,DOC,마피3천  예쁜단지뷰,25.07.08,"['2년이내', '방세개', '화장실두개', '세대당1대']",남동향,23955962.151601978
경기도,용인시 기흥구,보정동,수지구청역롯데캐슬하이브엘(민간임대),월세,101동,고/35,"5,000/250",115.17,DOC,,25.07.08,"['2년이내', '방세개', '화장실두개', '고층']",남향,
경기도,용인시 기흥구,보정동,수지구청역롯데캐슬하이브엘(민간임대),매매,104동,중/29,890000000,115.17,DOC,,25.07.05,"['2년이내', '방세개', '화장실두개', '중층']",남동향,25546137.448988456
경기도,용인시 기흥구,보정동,수지구청역롯데캐슬하이브엘(민간임대),매매,103동,중/36,918600000,115.17,DOC,"전망뷰수지구청역 10분거리이며, 젊은층들이 선호하는 아파트구조와위치함,",25.07.05,"['2년이내', '역세권', '방세개', '화장실두개']",남향,26367058.270382915
경기도,용인시 기흥구,보정동,수지구청역롯데캐슬하이브엘(민간임대),전세,104동,중/29,700000000,115.17,DOC,,25.07.04,"['2년이내', '방세개', '화장실두개', '중층']",남동향,20092467.65650777
경기도,용인시 기흥구,보정동,수지구청역롯데캐슬하이브엘(민간임대),월세,103동,중/36,"5,000/240",115.17,DOC,"로얄호실, 탄천뻥뷰, 신축 풀옵션, 학세권, 역세권, 수지구청역 도보5분",25.07.03,"['2년이내', '역세권', '방세개', '화장실두개']",남서향,
경기도,용인시 기흥구,보정동,수지구청역롯데캐슬하이브엘(민간임대),매매,104동,17/29,918000000,115.17,DOC,"로얄동, 트인전망, 남동향, 첫입주",25.06.27,"['2년이내', '방세개', '화장실두개', '중층']",남향,26349836.155248765
경기도,용인시 기흥구,보정동,수지구청역롯데캐슬하이브엘(민간임대),월세,101동,고/35,1억/280,115.17,DOC,"신축,풀옵션 첫입주,수지구청역 도보이용,조식",25.07.02,"['2년이내', '방세개', '화장실두개', '고층']",남서향,
경기도,용인시 기흥구,보정동,수지구청역롯데캐슬하이브엘(민간임대),월세,101동,저/35,1억/240,115.17,DOC,"신축,풀옵션,수납장,수지구청역 이용편리",25.07.02,"['2년이내', '방세개', '화장실두개', '세대당1대']",남서향,
경기도,용인시 기흥구,보정동,수지구청역롯데캐슬하이브엘(민간임대),월세,102동,20/28,"7,000/280",115.17,TEL,조율가능 풀옵션 김치냉장고 에어컨중문 인덕션전자렌지등,25.06.23,"['2년이내', '역세권', '화장실두개', '방세개']",남서향,
경기도,용인시 기흥구,보정동,수지구청역롯데캐슬하이브엘(민간임대),매매,103동,2/36,868200000,115.17,DOC,"무피, 필로티, 조경뷰, 신축풀옵션, 신분당역세권, 선납시1억할인",25.06.24,"['2년이내', '역세권', '방세개', '화장실두개']",남서향,24920400.599114355
경기도,용인시 기흥구,보정동,수지구청역롯데캐슬하이브엘(민간임대),월세,104동,고/29,"5,000/240",115.17,DOC,경부라인 뷰 조망 최고. 구조 좋은 신축 첫입주,25.06.25,"['2년이내', '방세개', '화장실두개', '고층']",남동향,
경기도,용인시 기흥구,보정동,수지구청역롯데캐슬하이브엘(민간임대),매매,103동,고/36,950000000,115.17,DOC,,25.06.25,"['2년이내', '역세권', '방세개', '화장실두개']",남동향,27268348.9624034
경기도,용인시 기흥구,보정동,수지구청역롯데캐슬하이브엘(민간임대),월세,101동,중/35,"5,000/240",115.17,NONE,"수지구청역 도보, 전망최고, 풀옵션, 거실 양창구조 밝고 환함,",25.07.17,"['2년이내', '방세개', '화장실두개', '중층']",서향,
경기도,용인시 기흥구,보정동,수지구청역롯데캐슬하이브엘(민간임대),월세,102동,12/28,"5,000/260",114.8,DOC,로얄층 채광 전망굿 빠른입주 매매도 가능,25.07.21,"['2년이내', '화장실두개', '방세개', '중층']",남서향,
경기도,용인시 기흥구,보정동,수지구청역롯데캐슬하이브엘(민간임대),매매,102동,23/28,941100000,114.8,DOC,,25.07.21,"['2년이내', '방세개', '화장실두개', '고층']",남서향,27099950.030487806
경기도,용인시 기흥구,보정동,수지구청역롯데캐슬하이브엘(민간임대),매매,102동,9/28,1437200000,114.8,DOC,"피3000, 풀옵션, 주택수x,신규 입주아파트, 단지초입동,수지구청역5분",25.07.19,"['2년이내', '방세개', '화장실두개', '세대당1대']",남동향,41385663.780487806
경기도,용인시 기흥구,보정동,수지구청역롯데캐슬하이브엘(민간임대),매매,102동,25/28,1542600000,114.8,DOC,"피7천실사진,선납시1억할인,약8억대출가",25.07.19,"['2년이내', '방세개', '화장실두개', '고층']",남서향,44420766.03658537
경기도,용인시 기흥구,보정동,수지구청역롯데캐슬하이브엘(민간임대),월세,102동,2/28,"3,000/240",114.8,DOC,"월세 보증금 조정가,안정된 조망,신축,풀옵션,E타입",25.07.18,"['2년이내', '방세개', '화장실두개', '세대당1대']",남동향,
경기도,용인시 기흥구,보정동,수지구청역롯데캐슬하이브엘(민간임대),매매,102동,7/28,1437200000,114.8,DOC,"매매예약됨,풀옵션,선호도좋은동, 잔잔한조망,주택수미포함",25.07.18,"['2년이내', '방세개', '화장실두개', '세대당1대']",남서향,41385663.780487806
경기도,용인시 기흥구,보정동,수지구청역롯데캐슬하이브엘(민간임대),매매,102동,15/28,1504400000,114.8,DOC,p4천 신축입주 풀옵션 11억대 입주 8억대출 임대보증금 8억 8160만,25.07.18,"['2년이내', '방세개', '화장실두개', '중층']",남동향,43320757.439024396
경기도,용인시 기흥구,보정동,수지구청역롯데캐슬하이브엘(민간임대),매매,102동,12/28,881600000,114.8,DOC,"입구선호동,풀옵션,신분당수지구청역세권,우수학군",25.07.18,"['2년이내', '방세개', '화장실두개', '중층']",남서향,25386585.85365854
경기도,용인시 기흥구,보정동,수지구청역롯데캐슬하이브엘(민간임대),매매,102동,5/28,1467200000,114.8,DOC,"입구초입동, 막힘없는 뷰, 선납시 1억할인, 신축 풀옵션",25.07.17,"['2년이내', '방세개', '화장실두개', '세대당1대']",남동향,42249544.878048785
경기도,용인시 기흥구,보정동,수지구청역롯데캐슬하이브엘(민간임대),매매,102동,13/28,1499000000,114.8,DOC,"P3500,실입주금11억대,8억대출가능,입구동생활편리,수납좋은타입",25.07.16,"['2년이내', '방세개', '화장실두개', '중층']",남동향,43165258.84146342
경기도,용인시 기흥구,보정동,수지구청역롯데캐슬하이브엘(민간임대),전세,102동,고/28,700000000,114.8,DOC,신분당선 더블역세권. 첫입주. 풀옵션 살기좋은 위치,25.07.21,"['2년이내', '방세개', '화장실두개', '고층']",남향,20157225.609756097
경기도,용인시 기흥구,보정동,수지구청역롯데캐슬하이브엘(민간임대),월세,102동,중/28,"5,000/250",114.8,DOC,"수지구청역, 트인뷰, 인프라 굿,  학세권, 풀옵션, 즉시입주 가능",25.07.19,"['2년이내', '방세개', '화장실두개', '중층']",남동향,
경기도,용인시 기흥구,보정동,수지구청역롯데캐슬하이브엘(민간임대),매매,102동,저/28,917100000,114.8,DOC,"트인뷰, 수지구청역 역세권 신축 .입지 최고. 시에o",25.07.19,"['2년이내', '방세개', '화장실두개', '세대당1대']",남서향,26408845.152439028
경기도,용인시 기흥구,보정동,수지구청역롯데캐슬하이브엘(민간임대),매매,102동,저/28,1487200000,114.8,DOC,"수지구청역10분거리,  풀옵션  우수한 학원가, 양도세X",25.07.18,"['2년이내', '방세개', '화장실두개', '세대당1대']",남서향,42825465.6097561
경기도,용인시 기흥구,보정동,수지구청역롯데캐슬하이브엘(민간임대),매매,102동,10/28,1484400000,114.8,DOC,"P2000,실입주금11억대,8억대출가능,입구동생활편리,수납좋은타입",25.07.10,"['2년이내', '방세개', '화장실두개', '중층']",남동향,42744836.70731708
경기도,용인시 기흥구,보정동,수지구청역롯데캐슬하이브엘(민간임대),매매,102동,14/28,1514400000,114.8,DOC,"P5천,자납,남동향트인뷰,추천",25.07.10,"['2년이내', '방세개', '화장실두개', '중층']",남동향,43608717.804878056
경기도,용인시 기흥구,보정동,수지구청역롯데캐슬하이브엘(민간임대),매매,102동,3/28,881000000,114.8,DOC,필로티,25.07.09,"['2년이내', '방세개', '화장실두개', '세대당1대']",남서향,25369308.23170732
경기도,용인시 기흥구,보정동,수지구청역롯데캐슬하이브엘(민간임대),월세,102동,28/28,2억/170,114.8,DOC,,25.07.09,"['2년이내', '탑층', '방세개', '화장실두개']",남서향,
경기도,용인시 기흥구,보정동,수지구청역롯데캐슬하이브엘(민간임대),월세,102동,12/28,"5,000/250",114.8,DOC,첫입주 편한날짜 언제든지 가능,25.07.05,"['2년이내', '방세개', '화장실두개', '중층']",남동향,
경기도,용인시 기흥구,보정동,수지구청역롯데캐슬하이브엘(민간임대),월세,102동,저/28,1억/200,114.8,DOC,저층 풀옵션,25.07.11,"['2년이내', '방세개', '화장실두개', '세대당1대']",남동향,
경기도,용인시 기흥구,보정동,수지구청역롯데캐슬하이브엘(민간임대),월세,102동,14/28,"5,000/240",114.8,DOC,"남동향,해잘들어오는집,풀옵션",25.07.05,"['2년이내', '방세개', '화장실두개', '중층']",남서향,
경기도,용인시 기흥구,보정동,수지구청역롯데캐슬하이브엘(민간임대),전세,102동,중/28,700000000,114.8,DOC,풀옵션  첫입주,25.07.10,"['2년이내', '방세개', '화장실두개', '중층']",남동향,20157225.609756097
경기도,용인시 기흥구,보정동,수지구청역롯데캐슬하이브엘(민간임대),월세,102동,저/28,1억/250,114.8,DOC,"더블 역세권 아파트 , 필로티 , 하시입주",25.07.10,"['2년이내', '방세개', '화장실두개', '세대당1대']",남서향,
경기도,용인시 기흥구,보정동,수지구청역롯데캐슬하이브엘(민간임대),매매,102동,중/28,916600000,114.8,DOC,"입구동생활편리,시스템에어컨5,붙박이장,김치냉장고,쿡탑,오븐",25.07.07,"['2년이내', '방세개', '화장실두개', '중층']",남동향,26394447.134146344
경기도,용인시 기흥구,보정동,수지구청역롯데캐슬하이브엘(민간임대),매매,104동,저/29,837100000,114.8,DOC,,25.07.04,"['2년이내', '방세개', '화장실두개', '세대당1대']",남서향,24105162.225609757
경기도,용인시 기흥구,보정동,수지구청역롯데캐슬하이브엘(민간임대),매매,101동,31/35,1556000000,114.62,DOC,,25.07.21,"['2년이내', '방세개', '화장실두개', '고층']",남서향,44876997.55714535
경기도,용인시 기흥구,보정동,수지구청역롯데캐슬하이브엘(민간임대),매매,103동,26/36,1505800000,114.62,DOC,분양확정형 트인전망 각종세금면제,25.07.21,"['2년이내', '역세권', '화장실두개', '방세개']",남동향,43429166.40202408
경기도,용인시 기흥구,보정동,수지구청역롯데캐슬하이브엘(민간임대),매매,101동,6/35,1467000000,114.62,DOC,분양확정형 트인전망 각종세금면제,25.07.21,"['2년이내', '화장실두개', '방세개', '세대당1대']",남서향,42310125.58890246
경기도,용인시 기흥구,보정동,수지구청역롯데캐슬하이브엘(민간임대),매매,101동,11/35,896600000,114.62,DOC,주택수제외 선납시 1억 할인 수지구청역 도보권 풀옵션,25.07.21,"['2년이내', '방세개', '화장실두개', '세대당1대']",남서향,25859071.98569185
경기도,용인시 기흥구,보정동,수지구청역롯데캐슬하이브엘(민간임대),매매,101동,3/35,1437200000,114.62,DOC,"마피2000,실입주금11억대,8억대출가능,해잘드는A타입저층",25.07.21,"['2년이내', '방세개', '화장실두개', '세대당1대']",남향,41450656.09841215
경기도,용인시 기흥구,보정동,수지구청역롯데캐슬하이브엘(민간임대),매매,102동,12/28,1474400000,114.62,DOC,"P1000, 실입주금11억대, 8억대출가능,수지구청역이용편리A타입최저가",25.07.21,"['2년이내', '방세개', '화장실두개', '중층']",남동향,42523550.89862153
경기도,용인시 기흥구,보정동,수지구청역롯데캐슬하이브엘(민간임대),매매,104동,10/29,1443700000,114.62,DOC,"마피1500,단지정원뷰,에5,김치냉장고,붙박이장,오븐,쿡탑",25.07.21,"['2년이내', '방세개', '화장실두개', '중층']",남향,41638124.27586809
경기도,용인시 기흥구,보정동,수지구청역롯데캐슬하이브엘(민간임대),월세,104동,9/29,"5,000/230",114.62,DOC,수지구청역도보5분 탁트인전망 10년간 주택수미포함,25.07.21,"['2년이내', '방세개', '화장실두개', '세대당1대']",남동향,
경기도,용인시 기흥구,보정동,수지구청역롯데캐슬하이브엘(민간임대),매매,101동,10/35,901600000,114.62,DOC,2000피. 남향 트인 조망. 3억으로 신축 입주.,25.07.21,"['2년이내', '방세개', '화장실두개', '세대당1대']",남향,26003278.276042577
경기도,용인시 기흥구,보정동,수지구청역롯데캐슬하이브엘(민간임대),매매,101동,1/35,828200000,114.62,DOC,"25년6월입주신축,마피4천,신분당선역세권,풀에어컨,인덕션,중문기본옵션",25.07.21,"['2년이내', '1층', '방세개', '화장실두개']",남동향,23886329.933693945
경기도,용인시 기흥구,보정동,수지구청역롯데캐슬하이브엘(민간임대),월세,101동,34/35,"5,000/250",114.62,DOC,"전망환상,a타입,보증금월세조정가능,탑층",25.07.21,"['2년이내', '방세개', '화장실두개', '고층']",남서향,
경기도,용인시 기흥구,보정동,수지구청역롯데캐슬하이브엘(민간임대),월세,104동,9/29,"5,000/220",114.62,DOC,0추천매물0 신축첫입주  더블역세권 탁트인전망 커뮤니티동 학원가도보권,25.07.19,"['2년이내', '방세개', '화장실두개', '세대당1대']",남서향,
경기도,용인시 기흥구,보정동,수지구청역롯데캐슬하이브엘(민간임대),매매,101동,5/35,1457200000,114.62,DOC,"무피,실입주금11억대,8억대출가능,해잘드는A타입저층",25.07.19,"['2년이내', '방세개', '화장실두개', '세대당1대']",남향,42027481.25981504
경기도,용인시 기흥구,보정동,수지구청역롯데캐슬하이브엘(민간임대),월세,103동,12/36,"5,000/250",114.62,DOC,"신축 첫 입주, 풀옵션, 수지구청역, 인프라 좋아요, 학세권,",25.07.19,"['2년이내', '역세권', '방세개', '화장실두개']",남동향,
경기도,용인시 기흥구,보정동,수지구청역롯데캐슬하이브엘(민간임대),매매,101동,10/35,1494400000,114.62,DOC,P3000 A타입 선납시1억할인 초기자금11억대 약8억대출가능,25.07.19,"['2년이내', '방세개', '화장실두개', '세대당1대']",남동향,43100376.06002443
경기도,용인시 기흥구,보정동,수지구청역롯데캐슬하이브엘(민간임대),월세,103동,33/36,"5,000/230",114.62,DOC,"확트인전망,신축첫입주,에어컨5대등 옵션다수",25.07.19,"['2년이내', '역세권', '방세개', '화장실두개']",남향,
경기도,용인시 기흥구,보정동,수지구청역롯데캐슬하이브엘(민간임대),월세,101동,4/35,"3,000/250",114.62,DOC,"보증금조정가,첫입주,에어컨5대등 옵션다수",25.07.19,"['2년이내', '방세개', '화장실두개', '세대당1대']",남동향,
경기도,용인시 기흥구,보정동,수지구청역롯데캐슬하이브엘(민간임대),월세,103동,27/36,"5,000/230",114.62,DOC,"실사진,트인뷰,저렴한월세,풀옵션,트인뷰,수지구청역5분거리",25.07.19,"['2년이내', '역세권', '방세개', '화장실두개']",남동향,
경기도,용인시 기흥구,보정동,수지구청역롯데캐슬하이브엘(민간임대),매매,103동,11/36,1488700000,114.62,DOC,"피2500.실사진,선납시1억할인,입주시11억필요",25.07.19,"['2년이내', '역세권', '방세개', '화장실두개']",남동향,42935980.8890246
경기도,용인시 기흥구,보정동,수지구청역롯데캐슬하이브엘(민간임대),매매,103동,34/36,1550000000,114.62,DOC,"입구선호동,풀옵션,신분당수지구청역세권,우수학군",25.07.19,"['2년이내', '역세권', '방세개', '화장실두개']",남동향,44703950.00872448
경기도,용인시 기흥구,보정동,수지구청역롯데캐슬하이브엘(민간임대),월세,102동,18/28,"5,000/270",114.62,DOC,"보증금조정가, 선호도좋은 A타입, 풀옵션, 신규입주, 초입동전망라인",25.07.18,"['2년이내', '방세개', '화장실두개', '중층']",남서향,
경기도,용인시 기흥구,보정동,수지구청역롯데캐슬하이브엘(민간임대),매매,102동,5/28,1407200000,114.62,DOC,"무피, 매매예약ok, 잔잔한전망, 주택수미포함,풀옵션,수지구청역도보5분",25.07.18,"['2년이내', '방세개', '화장실두개', '세대당1대']",남서향,40585418.3563078
경기도,용인시 기흥구,보정동,수지구청역롯데캐슬하이브엘(민간임대),월세,103동,16/36,"5,000/230",114.62,DOC,최저가 로얄층 트인전망 탄천뷰 빠른입주,25.07.18,"['2년이내', '역세권', '화장실두개', '방세개']",남서향,
경기도,용인시 기흥구,보정동,수지구청역롯데캐슬하이브엘(민간임대),매매,104동,16/29,1408700000,114.62,DOC,"풀옵션, 단지조망, 매매예약x, 신분당선도보5분",25.07.18,"['2년이내', '방세개', '화장실두개', '중층']",남동향,40628680.243413016
경기도,용인시 기흥구,보정동,수지구청역롯데캐슬하이브엘(민간임대),매매,101동,19/35,1464400000,114.62,DOC,"매매예약됨, 시원한전망, 풀옵션,신규입주",25.07.18,"['2년이내', '방세개', '화장실두개', '중층']",남서향,42235138.31792008
경기도,용인시 기흥구,보정동,수지구청역롯데캐슬하이브엘(민간임대),매매,102동,12/28,1444400000,114.62,DOC,"선호도좋은평면도, 신축, 풀옵션, 주택수미포함, 수지구청역도보7분",25.07.18,"['2년이내', '방세개', '화장실두개', '중층']",남서향,41658313.156517185
경기도,용인시 기흥구,보정동,수지구청역롯데캐슬하이브엘(민간임대),전세,104동,20/29,750000000,114.62,DOC,"경부,플랫폼시티뻥뷰,소음적은로얄동호,풀옵션",25.07.18,"['2년이내', '방세개', '화장실두개', '고층']",남향,21630943.55260862
경기도,용인시 기흥구,보정동,수지구청역롯데캐슬하이브엘(민간임대),매매,101동,7/35,1484400000,114.62,DOC,"P2000,실입주금11억대,8억대출가능,해잘드는A타입저층",25.07.18,"['2년이내', '방세개', '화장실두개', '세대당1대']",남향,42811963.479322985
경기도,용인시 기흥구,보정동,수지구청역롯데캐슬하이브엘(민간임대),매매,103동,16/36,1488700000,114.62,DOC,"P3000,실입주금11억대,8억대출가능,진산마을스카이뷰,풀옵션",25.07.18,"['2년이내', '역세권', '방세개', '화장실두개']",남향,42935980.8890246
경기도,용인시 기흥구,보정동,수지구청역롯데캐슬하이브엘(민간임대),매매,104동,12/29,908000000,114.62,DOC,"신분당선 도보 5분, 재산세,종부세 부담 없이 보유",25.07.18,"['2년이내', '방세개', '화장실두개', '중층']",남서향,26187862.327691503
경기도,용인시 기흥구,보정동,수지구청역롯데캐슬하이브엘(민간임대),월세,104동,1/29,"5,000/230",114.62,DOC,"SS.사랑스런 자녀들 입주환영,첫입주,수지구청역 도보가능,상권이용편리",25.07.18,"['2년이내', '1층', '방세개', '화장실두개']",남동향,
경기도,용인시 기흥구,보정동,수지구청역롯데캐슬하이브엘(민간임대),월세,104동,26/29,"5,000/250",114.62,DOC,"즉시입주신축아파트,신분당선역세권,풀에어컨,인덕션,중문등풀옵션,뻥뷰",25.07.18,"['2년이내', '방세개', '화장실두개', '고층']",남동향,
경기도,용인시 기흥구,보정동,수지구청역롯데캐슬하이브엘(민간임대),월세,102동,10/28,"5,000/230",114.62,DOC,"초입동, 3bay, 신축 풀옵션, 학세권",25.07.17,"['2년이내', '방세개', '화장실두개', '중층']",남향,
경기도,용인시 기흥구,보정동,수지구청역롯데캐슬하이브엘(민간임대),매매,103동,10/36,1473700000,114.62,DOC,"A타입, 3bay, 신축풀옵션,선납시 1억할인, 10년간 주택수미포함",25.07.17,"['2년이내', '역세권', '방세개', '화장실두개']",남동향,42503362.01797243
경기도,용인시 기흥구,보정동,수지구청역롯데캐슬하이브엘(민간임대),매매,103동,13/36,1471700000,114.62,DOC,p1300 안정적인조망 최대 대출8억 풀옵션,25.07.16,"['2년이내', '역세권', '방세개', '화장실두개']",남동향,42445679.50183214
경기도,용인시 기흥구,보정동,수지구청역롯데캐슬하이브엘(민간임대),매매,104동,22/29,1465800000,114.62,DOC,,25.07.16,"['2년이내', '방세개', '화장실두개', '고층']",남향,42275516.07921828
경기도,용인시 기흥구,보정동,수지구청역롯데캐슬하이브엘(민간임대),매매,101동,9/35,1487200000,114.62,DOC,p3천 임대보증금 8억7710만원 매매예약X,25.07.16,"['2년이내', '방세개', '화장실두개', '세대당1대']",남서향,42892719.00191938
경기도,용인시 기흥구,보정동,수지구청역롯데캐슬하이브엘(민간임대),매매,103동,11/36,908000000,114.62,DOC,,25.07.16,"['2년이내', '역세권', '방세개', '화장실두개']",남서향,26187862.327691503
경기도,용인시 기흥구,보정동,수지구청역롯데캐슬하이브엘(민간임대),전세,103동,20/36,700000000,114.62,DOC,"시스템에어컨5,중문,김치냉장고,쿡탑,오븐,수지구청가까운동",25.07.16,"['2년이내', '역세권', '방세개', '화장실두개']",남향,20188880.64910138
경기도,용인시 기흥구,보정동,수지구청역롯데캐슬하이브엘(민간임대),전세,103동,12/36,700000000,114.62,DOC,"수지구청역 역세권으로 교통편리,전망이 좋고, 조용한 환경",25.07.16,"['2년이내', '역세권', '방세개', '화장실두개']",남서향,20188880.64910138
경기도,용인시 기흥구,보정동,수지구청역롯데캐슬하이브엘(민간임대),매매,104동,12/29,886000000,114.62,DOC,"수지최고입지 , 신분당선10분거리,  에어컨유,",25.07.16,"['2년이내', '방세개', '화장실두개', '중층']",남향,25553354.650148317
경기도,용인시 기흥구,보정동,수지구청역롯데캐슬하이브엘(민간임대),월세,104동,18/29,"3,000/250",114.62,DOC,"5000에230가능, 첫입주, 신축 풀옵션, 신분당 역세권, 학세권",25.07.15,"['2년이내', '방세개', '화장실두개', '중층']",남동향,
경기도,용인시 기흥구,보정동,수지구청역롯데캐슬하이브엘(민간임대),매매,103동,저/36,1432900000,114.62,DOC,,25.07.21,"['2년이내', '역세권', '방세개', '화장실두개']",남향,41326638.688710526
경기도,용인시 기흥구,보정동,수지구청역롯데캐슬하이브엘(민간임대),전세,101동,저/35,700000000,114.62,DOC,"해잘드는저층,엘베4대,풀에어컨,김치냉장고,붙박이장,쿡탑등풀옵션,",25.07.21,"['2년이내', '융자금없는', '화장실두개', '방세개']",남향,20188880.64910138
경기도,용인시 기흥구,보정동,수지구청역롯데캐슬하이브엘(민간임대),월세,104동,16/29,"3억 5,000/100",114.62,DOC,신분당선 수지구청역 인근  성북천끼고 있고 수지구청 초 중학 인근임,25.07.15,"['2년이내', '방세개', '화장실두개', '중층']",남서향,
경기도,용인시 기흥구,보정동,수지구청역롯데캐슬하이브엘(민간임대),매매,104동,21/29,1485800000,114.62,DOC,P2천 단지뷰 10년 주택수 미포함 귀한신축,25.07.14,"['2년이내', '방세개', '화장실두개', '고층']",남향,42852341.24062119
경기도,용인시 기흥구,보정동,수지구청역롯데캐슬하이브엘(민간임대),월세,104동,12/29,1억/200,114.62,DOC,"경부고속도로초록뷰,시스템에어컨5,중문,김치냉장고,붙박이장,쿡탑,오븐",25.07.14,"['2년이내', '방세개', '화장실두개', '중층']",남향,
경기도,용인시 기흥구,보정동,수지구청역롯데캐슬하이브엘(민간임대),매매,101동,28/35,1578000000,114.62,DOC,"P9000,실입주금11억대,8억대출가능,A타입로얄동호경부뻥뷰",25.07.14,"['2년이내', '방세개', '화장실두개', '고층']",남향,45511505.234688535
경기도,용인시 기흥구,보정동,수지구청역롯데캐슬하이브엘(민간임대),매매,103동,3/36,1391500000,114.62,DOC,"마이너스피, 선납시1억할인, 10년간 주택수 미포함 전매가능",25.07.12,"['2년이내', '역세권', '화장실두개', '방세개']",남서향,40132610.604606524
경기도,용인시 기흥구,보정동,수지구청역롯데캐슬하이브엘(민간임대),전세,101동,4/35,650000000,114.62,DOC,"햇빛잘드는저층,시스템에어컨5,중문,붙박이장,김치냉장고,쿡탑,오븐",25.07.12,"['2년이내', '방세개', '화장실두개', '세대당1대']",남향,18746817.745594136
경기도,용인시 기흥구,보정동,수지구청역롯데캐슬하이브엘(민간임대),월세,103동,저/36,1억/220,114.62,DOC,보증금조절가능 남동향 풀옵션 신축첫입주,25.07.19,"['2년이내', '역세권', '방세개', '화장실두개']",남동향,
경기도,용인시 기흥구,보정동,수지구청역롯데캐슬하이브엘(민간임대),월세,101동,중/35,1억/280,114.62,DOC,"신축,풀옵션,전망굿,수지구청역 도보이용",25.07.18,"['2년이내', '방세개', '화장실두개', '중층']",남서향,
경기도,용인시 기흥구,보정동,수지구청역롯데캐슬하이브엘(민간임대),월세,103동,20/36,"5,000/230",114.62,DOC,"신축첫입주,성복천뷰,에어컨5대등옵션다수",25.07.12,"['2년이내', '역세권', '방세개', '화장실두개']",남서향,
경기도,용인시 기흥구,보정동,수지구청역롯데캐슬하이브엘(민간임대),매매,102동,13/28,1494400000,114.62,DOC,P3000 A타입 선납시1억할인 초기자금11억대 약8억대출가능,25.07.12,"['2년이내', '방세개', '화장실두개', '중층']",남서향,43100376.06002443
경기도,용인시 기흥구,보정동,수지구청역롯데캐슬하이브엘(민간임대),월세,104동,26/29,"5,000/230",114.62,DOC,"채광좋은집, 강력추천,",25.07.12,"['2년이내', '방세개', '화장실두개', '고층']",남서향,
경기도,용인시 기흥구,보정동,수지구청역롯데캐슬하이브엘(민간임대),매매,101동,저/35,877100000,114.62,DOC,"인기많은A타입,무피,수지구청역세권,신축,풀옵션",25.07.18,"['2년이내', '방세개', '화장실두개', '세대당1대']",남동향,25296667.453324027
경기도,용인시 기흥구,보정동,수지구청역롯데캐슬하이브엘(민간임대),전세,101동,중/35,700000000,114.62,DOC,"3bay, 신축 첫입주, 풀옵션, 수지구청역 5분, 학세권",25.07.17,"['2년이내', '방세개', '화장실두개', '중층']",남동향,20188880.64910138
경기도,용인시 기흥구,보정동,수지구청역롯데캐슬하이브엘(민간임대),매매,103동,20/36,1535800000,114.62,DOC,P7천 A타입 선납시1억할인 초기자금11억대 약8억대출가능,25.07.11,"['2년이내', '역세권', '방세개', '화장실두개']",남동향,44294404.14412843
경기도,용인시 기흥구,보정동,수지구청역롯데캐슬하이브엘(민간임대),매매,101동,25/35,1541600000,114.62,DOC,P7000 A타입 선납시1억할인 초기자금11억대 약8억대출가능,25.07.11,"['2년이내', '방세개', '화장실두개', '고층']",남서향,44461683.44093526
경기도,용인시 기흥구,보정동,수지구청역롯데캐슬하이브엘(민간임대),매매,104동,26/29,1485800000,114.62,DOC,P2000 A타입 선납시1억할인 초기자금11억대 약8억대출가능,25.07.11,"['2년이내', '방세개', '화장실두개', '고층']",남서향,42852341.24062119
경기도,용인시 기흥구,보정동,수지구청역롯데캐슬하이브엘(민간임대),매매,103동,8/36,1471500000,114.62,DOC,P2천 A타입 선납시1억할인 초기자금11억대 약8억대출가능,25.07.11,"['2년이내', '역세권', '방세개', '화장실두개']",남서향,42439911.250218116
경기도,용인시 기흥구,보정동,수지구청역롯데캐슬하이브엘(민간임대),매매,104동,3/29,1454500000,114.62,DOC,A타입 선납시1억할인 초기자금11억대 약8억대출가능,25.07.11,"['2년이내', '방세개', '화장실두개', '세대당1대']",남동향,41949609.86302565
경기도,용인시 기흥구,보정동,수지구청역롯데캐슬하이브엘(민간임대),매매,104동,9/29,873600000,114.62,DOC,"수지구청역 도보 5분, 트인뷰,10년간 주택수미포함",25.07.11,"['2년이내', '방세개', '화장실두개', '세대당1대']",남동향,25195723.050078522
경기도,용인시 기흥구,보정동,수지구청역롯데캐슬하이브엘(민간임대),월세,104동,17/29,"5,000/250",114.62,DOC,"3bay, 트인뷰, 신축, 풀옵션, 학세권",25.07.10,"['2년이내', '방세개', '화장실두개', '중층']",남향,
경기도,용인시 기흥구,보정동,수지구청역롯데캐슬하이브엘(민간임대),매매,102동,15/28,1489400000,114.62,DOC,"P2500,실입주금11억대,8억대출가능,입구동A타입,수지구청역이용편리",25.07.10,"['2년이내', '방세개', '화장실두개', '중층']",남동향,42956169.769673705
경기도,용인시 기흥구,보정동,수지구청역롯데캐슬하이브엘(민간임대),매매,104동,중/29,896100000,114.62,DOC,"수지구청 역  도보이용가능,   풀옵션",25.07.17,"['2년이내', '방세개', '화장실두개', '중층']",남서향,25844651.35665678
경기도,용인시 기흥구,보정동,수지구청역롯데캐슬하이브엘(민간임대),매매,103동,4/36,1420150000,114.62,DOC,"마피3000,실입주금11억대,8억대출가능,수지구청역이용편리,예쁜정원뷰",25.07.09,"['2년이내', '역세권', '방세개', '화장실두개']",남향,40958912.648316175
경기도,용인시 기흥구,보정동,수지구청역롯데캐슬하이브엘(민간임대),매매,101동,6/35,1474400000,114.62,DOC,"P1000,실입주금11억대,8억대출가능,해잘드는A타입저층",25.07.09,"['2년이내', '방세개', '화장실두개', '세대당1대']",남향,42523550.89862153
경기도,용인시 기흥구,보정동,수지구청역롯데캐슬하이브엘(민간임대),월세,101동,저/35,"5,000/200",114.62,DOC,,25.07.16,"['2년이내', '방세개', '화장실두개', '세대당1대']",남동향,
경기도,용인시 기흥구,보정동,수지구청역롯데캐슬하이브엘(민간임대),월세,101동,19/35,"5,000/250",114.62,DOC,"선호하는A타입,P5000,풀옵션,주변 인프라 최고",25.07.09,"['2년이내', '방세개', '화장실두개', '중층']",남서향,
경기도,용인시 기흥구,보정동,수지구청역롯데캐슬하이브엘(민간임대),월세,103동,21/36,1억/250,114.62,DOC,,25.07.08,"['2년이내', '역세권', '방세개', '화장실두개']",남향,
경기도,용인시 기흥구,보정동,수지구청역롯데캐슬하이브엘(민간임대),월세,101동,19/35,1억/260,114.62,DOC,로얄층에 뻥 뚫린 시야,25.07.08,"['2년이내', '방세개', '화장실두개', '중층']",남향,
경기도,용인시 기흥구,보정동,수지구청역롯데캐슬하이브엘(민간임대),매매,101동,16/35,931600000,114.62,DOC,"3bay, 수지구청역세권, 선납시1억할인, 10년간 주택수미포함",25.07.08,"['2년이내', '방세개', '화장실두개', '중층']",남서향,26868516.01814692
경기도,용인시 기흥구,보정동,수지구청역롯데캐슬하이브엘(민간임대),월세,103동,저/36,"5,000/230",114.62,DOC,"바로입주, 신축첫입주, 역세권, 학세권",25.07.15,"['2년이내', '역세권', '방세개', '화장실두개']",남향,
경기도,용인시 기흥구,보정동,수지구청역롯데캐슬하이브엘(민간임대),매매,104동,중/29,927600000,114.62,DOC,"신분당선 도보 5분, 10년간 보유세X,주택수포함 x,취득세X",25.07.15,"['2년이내', '방세개', '화장실두개', '중층']",남동향,26753150.98586634
경기도,용인시 기흥구,보정동,수지구청역롯데캐슬하이브엘(민간임대),월세,104동,중/29,"5,000/210",114.62,DOC,판상형  고층 저렴이월세  풀옵션,25.07.14,"['2년이내', '방세개', '화장실두개', '중층']",남향,
경기도,용인시 기흥구,보정동,수지구청역롯데캐슬하이브엘(민간임대),매매,101동,22/35,1541600000,114.62,DOC,P7천 A타입 선납시1억할인 초기자금11억대 약8억대출가능,25.07.08,"['2년이내', '방세개', '화장실두개', '중층']",남동향,44461683.44093526
경기도,용인시 기흥구,보정동,수지구청역롯데캐슬하이브엘(민간임대),매매,103동,36/36,961500000,114.62,DOC,"P7000,실입주금3억대,8억대출가능,로얄동호,뻥뷰,층간소음없는탑층",25.07.07,"['2년이내', '역세권', '탑층', '방세개']",남향,27730869.634444248
경기도,용인시 기흥구,보정동,수지구청역롯데캐슬하이브엘(민간임대),매매,102동,19/28,951600000,114.62,DOC,"P7000, 실입주금3억대, 8억대출가능, 입구동A타입",25.07.07,"['2년이내', '방세개', '화장실두개', '고층']",남동향,27445341.179549817
경기도,용인시 기흥구,보정동,수지구청역롯데캐슬하이브엘(민간임대),매매,102동,중/28,1494400000,114.62,DOC,"수지구청역10분거리,  풀옵션  우수한 학원가, 양도세X",25.07.14,"['2년이내', '방세개', '화장실두개', '중층']",남향,43100376.06002443
경기도,용인시 기흥구,보정동,수지구청역롯데캐슬하이브엘(민간임대),전세,104동,저/29,600000000,114.62,DOC,"최저가전세,예쁜정원뷰,시스템에어컨5,중문,인덕션,김치냉장고,오븐",25.07.12,"['2년이내', '방세개', '화장실두개', '세대당1대']",남향,17304754.842086896
경기도,용인시 기흥구,보정동,수지구청역롯데캐슬하이브엘(민간임대),월세,102동,24/28,"5,000/220",114.62,DOC,"4년가능,로얄동호,시스템에어컨5,김치냉장고,붙박이장,오븐,쿡탑,중문",25.07.05,"['2년이내', '방세개', '화장실두개', '고층']",남동향,
경기도,용인시 기흥구,보정동,수지구청역롯데캐슬하이브엘(민간임대),월세,101동,11/35,1억/250,114.62,DOC,"융무, 트인뷰, 8월말부터 입주가능, 교통편리, 추천",25.07.05,"['2년이내', '융자금없는', '방세개', '화장실두개']",남동향,
경기도,용인시 기흥구,보정동,수지구청역롯데캐슬하이브엘(민간임대),월세,101동,8/35,1억/250,114.62,DOC,"선호하는A타입,25년6월입주예정,수지구청역세권,신축,풀옵션",25.07.05,"['2년이내', '방세개', '화장실두개', '세대당1대']",남동향,
경기도,용인시 기흥구,보정동,수지구청역롯데캐슬하이브엘(민간임대),매매,101동,26/35,941100000,114.62,DOC,,25.07.04,"['2년이내', '방세개', '화장실두개', '고층']",남향,27142507.969813295
경기도,용인시 기흥구,보정동,수지구청역롯데캐슬하이브엘(민간임대),전세,104동,고/29,700000000,114.62,DOC,,25.07.10,"['2년이내', '방세개', '화장실두개', '고층']",남향,20188880.64910138
경기도,용인시 기흥구,보정동,수지구청역롯데캐슬하이브엘(민간임대),월세,103동,32/36,"7,000/270",114.62,DOC,"선호하는A타입,확트인뷰,6월신축첫입주,주변인프라최고",25.07.04,"['2년이내', '역세권', '방세개', '화장실두개']",남동향,
경기도,용인시 기흥구,보정동,수지구청역롯데캐슬하이브엘(민간임대),월세,104동,24/29,"5,000/300",114.62,DOC,"신축, 첫입주,풀옵션, 신분당선,뻥뷰,25년6월 입주예정",25.07.04,"['2년이내', '방세개', '화장실두개', '고층']",남동향,
경기도,용인시 기흥구,보정동,수지구청역롯데캐슬하이브엘(민간임대),월세,102동,23/28,"5,000/270",114.62,DOC,,25.07.03,"['2년이내', '방세개', '화장실두개', '고층']",남서향,
경기도,용인시 기흥구,보정동,수지구청역롯데캐슬하이브엘(민간임대),매매,101동,저/35,877100000,114.62,DOC,"더블역세권 아파트 , 6월중순 첫 입주",25.07.10,"['2년이내', '방세개', '화장실두개', '세대당1대']",남서향,25296667.453324027
경기도,용인시 기흥구,보정동,수지구청역롯데캐슬하이브엘(민간임대),매매,102동,중/28,1564400000,114.62,DOC,P1억 선납시 최대 1억 할인 최장 10년 무주택자,25.07.09,"['2년이내', '방세개', '화장실두개', '중층']",남동향,45119264.12493456
경기도,용인시 기흥구,보정동,수지구청역롯데캐슬하이브엘(민간임대),전세,103동,28/36,700000000,114.62,DOC,"신축,풀옵션,6월10일이후 입주가능,수지구청역 이용편리",25.07.02,"['2년이내', '역세권', '방세개', '화장실두개']",남동향,20188880.64910138
경기도,용인시 기흥구,보정동,수지구청역롯데캐슬하이브엘(민간임대),매매,103동,저/36,1420150000,114.62,DOC,"수지구청역 10분거리, 우수한학원가",25.07.09,"['2년이내', '역세권', '방세개', '화장실두개']",남향,40958912.648316175
경기도,용인시 기흥구,보정동,수지구청역롯데캐슬하이브엘(민간임대),매매,102동,고/28,986100000,114.62,DOC,첫입주. 풀옵션. 주택수미포함. 취득세X. 보유세. 선납시 1억 할인.,25.07.09,"['2년이내', '방세개', '화장실두개', '고층']",남향,28440364.582969815
경기도,용인시 기흥구,보정동,수지구청역롯데캐슬하이브엘(민간임대),월세,101동,고/35,"5,000/260",114.62,DOC,"선호하는A타입,신규입주,주변 인프라 최고,수지구청역세권,풀옵션",25.07.09,"['2년이내', '방세개', '화장실두개', '고층']",남동향,
경기도,용인시 기흥구,보정동,수지구청역롯데캐슬하이브엘(민간임대),월세,103동,저/36,2억/170,114.62,DOC,,25.07.08,"['2년이내', '역세권', '방세개', '화장실두개']",남향,
경기도,용인시 기흥구,보정동,수지구청역롯데캐슬하이브엘(민간임대),매매,101동,저/35,877100000,114.62,DOC,,25.07.08,"['2년이내', '방세개', '화장실두개', '세대당1대']",남향,25296667.453324027
경기도,용인시 기흥구,보정동,수지구청역롯데캐슬하이브엘(민간임대),월세,101동,33/35,1억/280,114.62,DOC,조망권굿  풀옵션,25.07.02,"['2년이내', '방세개', '화장실두개', '고층']",남동향,
경기도,용인시 기흥구,보정동,수지구청역롯데캐슬하이브엘(민간임대),매매,101동,고/35,956100000,114.62,DOC,"선호하는A타입,신규입주,주변 인프라 최고,수지구청역세권,풀옵션",25.07.08,"['2년이내', '방세개', '화장실두개', '고층']",남동향,27575126.840865467
경기도,용인시 기흥구,보정동,수지구청역롯데캐슬하이브엘(민간임대),매매,102동,저/28,877100000,114.62,DOC,1.7억선납시1억할인 신분당선수지구청역 풀옵션,25.07.07,"['2년이내', '방세개', '화장실두개', '세대당1대']",남서향,25296667.453324027
경기도,용인시 기흥구,보정동,수지구청역롯데캐슬하이브엘(민간임대),월세,102동,7/28,"5,000/250",114.62,DOC,"선납가능, 수지구청역 역세권 신축 .입지 최고. 시에o",25.07.01,"['2년이내', '융자금없는', '방세개', '화장실두개']",남서향,
경기도,용인시 기흥구,보정동,수지구청역롯데캐슬하이브엘(민간임대),매매,104동,15/29,858000000,114.62,DOC,신축. 수지구청역5도보5분거리. 10년간 주택수미포함.수지최신축임,25.07.01,"['2년이내', '방세개', '화장실두개', '중층']",남서향,24745799.42418426
경기도,용인시 기흥구,보정동,수지구청역롯데캐슬하이브엘(민간임대),월세,104동,15/29,"5,000/250",114.62,DOC,월세보증금조정가. 신분당선 도보5분거리. 학원가. 성복천산책로임,25.07.01,"['2년이내', '방세개', '화장실두개', '중층']",남서향,
경기도,용인시 기흥구,보정동,수지구청역롯데캐슬하이브엘(민간임대),매매,102동,19/28,941600000,114.62,DOC,"초입로얄동, 3bay, 뻥뷰, 선납시 1억할인, 10년간주택수미포함",25.06.30,"['2년이내', '방세개', '화장실두개', '고층']",남향,27156928.59884837
경기도,용인시 기흥구,보정동,수지구청역롯데캐슬하이브엘(민간임대),매매,104동,고/29,922500000,114.62,DOC,"선호타입, 트인뷰, 선납시1억할인, 10년간 주택수미포함",25.07.05,"['2년이내', '방세개', '화장실두개', '고층']",남동향,26606060.5697086
경기도,용인시 기흥구,보정동,수지구청역롯데캐슬하이브엘(민간임대),매매,103동,2/36,874600000,114.62,DOC,"조경뷰, 신축풀옵션, 신분당역세권, 선납시1억할인",25.06.28,"['2년이내', '역세권', '방세개', '화장실두개']",남동향,25224564.308148667
경기도,용인시 기흥구,보정동,수지구청역롯데캐슬하이브엘(민간임대),매매,101동,중/35,931600000,114.62,DOC,"전망굿 모두가 선호하는 타입이며,  수지구청역 10분거리,",25.07.05,"['2년이내', '방세개', '화장실두개', '중층']",남향,26868516.01814692
경기도,용인시 기흥구,보정동,수지구청역롯데캐슬하이브엘(민간임대),월세,104동,중/29,"5,000/250",114.62,DOC,"신축,풀옵션,시스템AC5대,3베이",25.07.04,"['2년이내', '방세개', '화장실두개', '중층']",남동향,
경기도,용인시 기흥구,보정동,수지구청역롯데캐슬하이브엘(민간임대),월세,101동,15/35,1억/220,114.62,DOC,,25.06.28,"['2년이내', '방세개', '화장실두개', '중층']",남서향,
경기도,용인시 기흥구,보정동,수지구청역롯데캐슬하이브엘(민간임대),월세,102동,중/28,1억/250,114.62,DOC,"풀옵션   입주 6월10일이후  하시가능함,",25.07.04,"['2년이내', '방세개', '화장실두개', '중층']",남서향,
경기도,용인시 기흥구,보정동,수지구청역롯데캐슬하이브엘(민간임대),매매,104동,24/29,946200000,114.62,DOC,"주택수미포함,수지구청역도보5분,뻥뚫린 시원한 뷰",25.06.27,"['2년이내', '방세개', '화장실두개', '고층']",남서향,27289598.385971036
경기도,용인시 기흥구,보정동,수지구청역롯데캐슬하이브엘(민간임대),월세,104동,저/29,"5,000/220",114.62,DOC,신분당선 도보3분. 신축 첫입주. 풀옵션. 합리적인 월세.,25.07.02,"['2년이내', '방세개', '화장실두개', '세대당1대']",남동향,
경기도,용인시 기흥구,보정동,수지구청역롯데캐슬하이브엘(민간임대),월세,104동,19/29,"7,000/280",114.62,TEL,신축첫입주 에어컨 중문 김치냉장고 전자렌지 인덕션등 막힘없는뷰교통최고,25.06.23,"['2년이내', '방세개', '화장실두개', '중층']",남서향,
경기도,용인시 기흥구,보정동,수지구청역롯데캐슬하이브엘(민간임대),매매,103동,5/36,873600000,114.62,DOC,"무피, 3bay, 트인뷰, 추천, 11억언더 입주, 선납시 1억할인",25.06.24,"['2년이내', '역세권', '방세개', '화장실두개']",남서향,25195723.050078522
경기도,용인시 기흥구,보정동,수지구청역롯데캐슬하이브엘(민간임대),월세,103동,5/36,1억/270,114.62,DOC,신축아파트 첫입주 신분당선 수지구청역 도보5분 수지최고학군지,25.06.24,"['2년이내', '역세권', '방세개', '화장실두개']",남동향,
경기도,용인시 기흥구,보정동,수지구청역롯데캐슬하이브엘(민간임대),월세,101동,중/35,3억/200,114.62,DOC,귀한 남동향 높은중층 풀옵션 신축첫입주 25년6월말입주예정,25.06.27,"['2년이내', '방세개', '화장실두개', '중층']",남동향,
경기도,용인시 기흥구,보정동,수지구청역롯데캐슬하이브엘(민간임대),전세,102동,저/28,700000000,114.62,DOC,"입구동해잘드는저층,시스템에어컨5,붙박이장,김치냉장고,오븐,쿡탑",25.06.25,"['2년이내', '융자금없는', '방세개', '화장실두개']",남동향,20188880.64910138
경기도,용인시 기흥구,보정동,수지구청역롯데캐슬하이브엘(민간임대),전세,103동,저/36,800000000,114.62,DOC,"신축 첫 입주, 6월 중순 입주 가능, 수지구청역 이용편리",25.06.23,"['2년이내', '역세권', '방세개', '화장실두개']",남향,23073006.45611586
경기도,용인시 기흥구,보정동,수지구청역롯데캐슬하이브엘(민간임대),매매,101동,저/35,881600000,114.62,NONE,"수지구청역 도보, 전망최고, 풀옵션, 거실 양창구조 밝고 환함,",25.07.05,"['2년이내', '방세개', '화장실두개', '세대당1대']",남향,25426453.114639677
경기도,용인시 기흥구,보정동,수지구청역롯데캐슬하이브엘(민간임대),매매,101동,26/35,1451500000,114.3,DOC,무피 신축입주 풀옵선 양창뷰  최장 10년 무주택자,25.07.21,"['2년이내', '방세개', '화장실두개', '고층']",남서향,41980288.07961506
경기도,용인시 기흥구,보정동,수지구청역롯데캐슬하이브엘(민간임대),매매,101동,14/35,1424300000,114.3,DOC,마피2천 최장10년 주택수미포함 신분당선라인 풀옵션,25.07.21,"['2년이내', '방세개', '화장실두개', '중층']",남서향,41193609.584426954
경기도,용인시 기흥구,보정동,수지구청역롯데캐슬하이브엘(민간임대),매매,104동,4/29,1407000000,114.3,DOC,분양확정형 각종세금 면제,25.07.21,"['2년이내', '방세개', '화장실두개', '세대당1대']",남동향,40693258.92388452
경기도,용인시 기흥구,보정동,수지구청역롯데캐슬하이브엘(민간임대),월세,103동,18/36,"5,000/230",114.3,DOC,로얄층 남동향 트인전망 첫입주,25.07.21,"['2년이내', '역세권', '화장실두개', '방세개']",남동향,
경기도,용인시 기흥구,보정동,수지구청역롯데캐슬하이브엘(민간임대),매매,104동,24/29,1481500000,114.3,DOC,"P3000,C타입,실입주금11억대,8억대출가능,성복천,경부양창뻥뷰",25.07.21,"['2년이내', '방세개', '화장실두개', '고층']",남향,42847948.184601925
경기도,용인시 기흥구,보정동,수지구청역롯데캐슬하이브엘(민간임대),매매,101동,23/35,1454500000,114.3,DOC,"P300,실입주금11억대,8억대출가능,거실양창,가성비최고집",25.07.21,"['2년이내', '방세개', '화장실두개', '중층']",남동향,42067054.09011374
경기도,용인시 기흥구,보정동,수지구청역롯데캐슬하이브엘(민간임대),월세,103동,7/36,"5,000/210",114.3,DOC,"최저가월세,예쁜정원뷰,성복천뷰,수지구청이용편리한동,풀옵션",25.07.21,"['2년이내', '역세권', '방세개', '화장실두개']",남동향,
경기도,용인시 기흥구,보정동,수지구청역롯데캐슬하이브엘(민간임대),전세,103동,18/36,700000000,114.3,DOC,"신축첫입주,성복천파노라마뷰,프라이버시보호출입구,전세금보장",25.07.21,"['2년이내', '역세권', '방세개', '화장실두개']",남서향,20245402.44969379
경기도,용인시 기흥구,보정동,수지구청역롯데캐슬하이브엘(민간임대),월세,101동,13/35,"5,000/230",114.3,DOC,"보증금조절가능,첫입주, 역세권도보5분거리",25.07.21,"['2년이내', '방세개', '화장실두개', '중층']",남서향,
경기도,용인시 기흥구,보정동,수지구청역롯데캐슬하이브엘(민간임대),전세,101동,24/35,650000000,114.3,DOC,,25.07.19,"['2년이내', '방세개', '화장실두개', '고층']",남서향,18799302.274715662
경기도,용인시 기흥구,보정동,수지구청역롯데캐슬하이브엘(민간임대),매매,103동,20/36,1521500000,114.3,DOC,"p7천,자납,거실양창 C타입,탄천뷰",25.07.19,"['2년이내', '역세권', '방세개', '화장실두개']",남서향,44004828.32458443
경기도,용인시 기흥구,보정동,수지구청역롯데캐슬하이브엘(민간임대),월세,104동,4/29,"5,000/230",114.3,DOC,"신축 첫입주,풀옵션,시스템에어컨,김치냉장고 인덕션",25.07.19,"['2년이내', '방세개', '화장실두개', '세대당1대']",남서향,
경기도,용인시 기흥구,보정동,수지구청역롯데캐슬하이브엘(민간임대),매매,103동,4/36,1417100000,114.3,DOC,"마피,양창구조C타입,신축 풀옵션,10년간 주택수 포함X",25.07.19,"['2년이내', '역세권', '방세개', '화장실두개']",남서향,40985371.1592301
경기도,용인시 기흥구,보정동,수지구청역롯데캐슬하이브엘(민간임대),월세,104동,3/29,"5,000/250",114.3,DOC,남동향 트인전망 첫입주,25.07.19,"['2년이내', '화장실두개', '방세개', '세대당1대']",남동향,
경기도,용인시 기흥구,보정동,수지구청역롯데캐슬하이브엘(민간임대),매매,103동,22/36,1490000000,114.3,DOC,분양확정형 로얄층 각종세금면제,25.07.19,"['2년이내', '역세권', '화장실두개', '방세개']",남동향,43093785.21434821
경기도,용인시 기흥구,보정동,수지구청역롯데캐슬하이브엘(민간임대),월세,103동,22/36,"5,000/230",114.3,DOC,"C타입로얄동호,시스템에어컨5,중문,김치냉장고,쿡탑,오븐,붙박이장",25.07.19,"['2년이내', '역세권', '방세개', '화장실두개']",남향,
경기도,용인시 기흥구,보정동,수지구청역롯데캐슬하이브엘(민간임대),매매,103동,25/36,1461500000,114.3,DOC,"P1000,실입주금11억대,8억대출가능,30층이상최저프리미엄,양창뻥뷰",25.07.19,"['2년이내', '역세권', '방세개', '화장실두개']",남서향,42269508.11461068
경기도,용인시 기흥구,보정동,수지구청역롯데캐슬하이브엘(민간임대),매매,104동,26/29,913600000,114.3,DOC,"하천뷰,탁 트인 양창으로 개방감 우수, 역세권 신축으로 입지최고",25.07.19,"['2년이내', '방세개', '화장실두개', '고층']",남서향,26423142.39720035
경기도,용인시 기흥구,보정동,수지구청역롯데캐슬하이브엘(민간임대),매매,103동,8/36,1427100000,114.3,DOC,"마피1천,양창구조,단지뷰,선납시1억할인",25.07.19,"['2년이내', '역세권', '방세개', '화장실두개']",동향,41274591.19422573
경기도,용인시 기흥구,보정동,수지구청역롯데캐슬하이브엘(민간임대),월세,103동,26/36,"5,000/230",114.3,DOC,"하이브엘최고뷰,양창구조 개방감굿,에어컨등풀옵션",25.07.19,"['2년이내', '역세권', '방세개', '화장실두개']",남서향,
경기도,용인시 기흥구,보정동,수지구청역롯데캐슬하이브엘(민간임대),월세,101동,4/35,"5,000/220",114.3,DOC,"양창구조,단지뷰,풀옵션,저렴한월세,신축첫입주",25.07.19,"['2년이내', '방세개', '화장실두개', '세대당1대']",서향,
경기도,용인시 기흥구,보정동,수지구청역롯데캐슬하이브엘(민간임대),월세,103동,6/36,1억/200,114.3,DOC,"실사진,에어컨5대,김치냉장고,오븐,쿡탑옵션",25.07.19,"['2년이내', '역세권', '방세개', '화장실두개']",북동향,
경기도,용인시 기흥구,보정동,수지구청역롯데캐슬하이브엘(민간임대),매매,103동,3/36,1407100000,114.3,DOC,"마피3천,실사진,5세대뿐인 필로티3층",25.07.19,"['2년이내', '역세권', '방세개', '화장실두개']",동향,40696151.124234475
경기도,용인시 기흥구,보정동,수지구청역롯데캐슬하이브엘(민간임대),월세,101동,11/35,"5,000/240",114.3,DOC,남동향 트인전망 인기좋은타입 근저당해드림,25.07.18,"['2년이내', '화장실두개', '방세개', '세대당1대']",남동향,
경기도,용인시 기흥구,보정동,수지구청역롯데캐슬하이브엘(민간임대),월세,101동,20/35,1억/245,114.3,DOC,"신축,풀옵션,거실 양창뷰,고속도로 뻥뷰,보증금 조정가",25.07.18,"['2년이내', '방세개', '화장실두개', '중층']",남동향,
경기도,용인시 기흥구,보정동,수지구청역롯데캐슬하이브엘(민간임대),매매,101동,19/35,1464300000,114.3,DOC,"P2000,실입주금11억대,8억대출가능,거실양창,가성비최고집",25.07.18,"['2년이내', '방세개', '화장실두개', '중층']",남동향,42350489.724409446
경기도,용인시 기흥구,보정동,수지구청역롯데캐슬하이브엘(민간임대),매매,101동,2/35,1372800000,114.3,DOC,"급매,마피,6월중순입주예정,풀옵션,주변 인프라 최고",25.07.18,"['2년이내', '급매', '방세개', '화장실두개']",남서향,39704126.40419948
경기도,용인시 기흥구,보정동,수지구청역롯데캐슬하이브엘(민간임대),월세,101동,9/35,"5,000/210",114.3,DOC,0추천0 신축첫입주 풀옵션 판상형 파노라마구조거실양창 신분당선도보권,25.07.18,"['2년이내', '방세개', '화장실두개', '세대당1대']",남서향,
경기도,용인시 기흥구,보정동,수지구청역롯데캐슬하이브엘(민간임대),매매,103동,5/36,1457100000,114.3,DOC,"피2천,양창구조,선호동,선호라인",25.07.18,"['2년이내', '역세권', '방세개', '화장실두개']",남서향,42142251.2992126
경기도,용인시 기흥구,보정동,수지구청역롯데캐슬하이브엘(민간임대),매매,103동,30/36,892500000,114.3,TEL,,25.07.15,"['2년이내', '역세권', '방세개', '화장실두개']",북동향,25812888.123359583
경기도,용인시 기흥구,보정동,수지구청역롯데캐슬하이브엘(민간임대),매매,104동,22/29,1511500000,114.3,DOC,"피6천,신축입주 풀옵션  탁트인 멋진뷰",25.07.16,"['2년이내', '방세개', '화장실두개', '고층']",남동향,43715608.28958881
경기도,용인시 기흥구,보정동,수지구청역롯데캐슬하이브엘(민간임대),매매,103동,12/36,899100000,114.3,DOC,,25.07.16,"['2년이내', '역세권', '방세개', '화장실두개']",북동향,26003773.346456695
경기도,용인시 기흥구,보정동,수지구청역롯데캐슬하이브엘(민간임대),매매,101동,31/35,882500000,114.3,DOC,,25.07.16,"['2년이내', '방세개', '화장실두개', '고층']",북서향,25523668.088363957
경기도,용인시 기흥구,보정동,수지구청역롯데캐슬하이브엘(민간임대),매매,104동,26/29,1501500000,114.3,DOC,"P5000,실입주금11억대,8억대출가능,성복천,경부양창뻥뷰",25.07.16,"['2년이내', '방세개', '화장실두개', '고층']",남향,43426388.25459318
경기도,용인시 기흥구,보정동,수지구청역롯데캐슬하이브엘(민간임대),매매,102동,15/28,1479300000,114.3,DOC,"P3500,실입주금11억대,8억대출가능,성복천양창뷰,수지구청역이용편리",25.07.16,"['2년이내', '방세개', '화장실두개', '중층']",남동향,42784319.77690289
경기도,용인시 기흥구,보정동,수지구청역롯데캐슬하이브엘(민간임대),매매,103동,35/36,1495800000,114.3,DOC,"P3000,실입주금11억대,8억대출가능,탑층,막힘없는 양창뻥뷰",25.07.16,"['2년이내', '역세권', '방세개', '화장실두개']",남서향,43261532.83464567
경기도,용인시 기흥구,보정동,수지구청역롯데캐슬하이브엘(민간임대),월세,104동,4/29,1억/250,114.3,DOC,첫입주 인기있는 타입 남동향,25.07.16,"['2년이내', '방세개', '화장실두개', '세대당1대']",남동향,
경기도,용인시 기흥구,보정동,수지구청역롯데캐슬하이브엘(민간임대),월세,104동,11/29,"5,000/245",114.3,DOC,신축 첫입주. 풀옵션. 수지구청역 도보이용. 성복천 산책로. ,25.07.16,"['2년이내', '방세개', '화장실두개', '중층']",남동향,
경기도,용인시 기흥구,보정동,수지구청역롯데캐슬하이브엘(민간임대),매매,101동,3/35,1437100000,114.3,DOC,무피 D타입 선납시1억할인 이자포함 초기자금11억대 8억대출,25.07.16,"['2년이내', '방세개', '화장실두개', '세대당1대']",남서향,41563811.22922135
경기도,용인시 기흥구,보정동,수지구청역롯데캐슬하이브엘(민간임대),월세,101동,28/35,"5,000/250",114.3,DOC,"보증금월세조정가능,풀옵션,우수학군,인프라최고,거실양창구조",25.07.16,"['2년이내', '방세개', '화장실두개', '고층']",남동향,
경기도,용인시 기흥구,보정동,수지구청역롯데캐슬하이브엘(민간임대),매매,101동,12/35,899100000,114.3,DOC,"10년민간임대, 용인플랫폼시티 수혜지역, 투자 최적기, 추천매물",25.07.15,"['2년이내', '방세개', '화장실두개', '중층']",남동향,26003773.346456695
경기도,용인시 기흥구,보정동,수지구청역롯데캐슬하이브엘(민간임대),월세,103동,23/36,1억/300,114.3,DOC,84C 앞튀어있고 개방감좋은 양창평면 수지구청역도보가능 입구동 입주협의가,25.07.15,"['2년이내', '역세권', '방세개', '화장실두개']",남서향,
경기도,용인시 기흥구,보정동,수지구청역롯데캐슬하이브엘(민간임대),월세,103동,17/36,"5,000/210",114.3,DOC,"최저가월세,수지구청이용편리한동,풀옵션",25.07.14,"['2년이내', '역세권', '방세개', '화장실두개']",남동향,
경기도,용인시 기흥구,보정동,수지구청역롯데캐슬하이브엘(민간임대),월세,103동,중/36,"5,000/240",114.3,DOC,신축 더블역세권. 첫입주. 풀옵션 생활편리해요.,25.07.21,"['2년이내', '역세권', '방세개', '화장실두개']",북동향,
경기도,용인시 기흥구,보정동,수지구청역롯데캐슬하이브엘(민간임대),월세,102동,저/28,"5,000/230",114.3,DOC,성복천 조망. 거실 양창으로 조망 훤해요.,25.07.21,"['2년이내', '방세개', '화장실두개', '세대당1대']",북동향,
경기도,용인시 기흥구,보정동,수지구청역롯데캐슬하이브엘(민간임대),월세,101동,고/35,"5,000/220",114.3,DOC,,25.07.19,"['2년이내', '방세개', '화장실두개', '고층']",남서향,
경기도,용인시 기흥구,보정동,수지구청역롯데캐슬하이브엘(민간임대),월세,103동,저/36,"5,000/220",114.3,DOC,"양창형, 막힘없는 뷰",25.07.19,"['2년이내', '역세권', '방세개', '화장실두개']",남서향,
경기도,용인시 기흥구,보정동,수지구청역롯데캐슬하이브엘(민간임대),매매,101동,34/35,1535800000,114.3,DOC,"P7000, 실입주금11억대,8억대출가능,경부,성복천양창뻥뷰,맞통풍구조",25.07.12,"['2년이내', '방세개', '화장실두개', '고층']",남향,44418412.97462817
경기도,용인시 기흥구,보정동,수지구청역롯데캐슬하이브엘(민간임대),월세,104동,20/29,"5,000/250",114.3,DOC,,25.07.12,"['2년이내', '방세개', '화장실두개', '고층']",북동향,
경기도,용인시 기흥구,보정동,수지구청역롯데캐슬하이브엘(민간임대),매매,101동,고/35,1495800000,114.3,DOC,신축입주 최장 10년 주택수 미포함 선납13억  풀옵션,25.07.18,"['2년이내', '방세개', '화장실두개', '고층']",남서향,43261532.83464567
경기도,용인시 기흥구,보정동,수지구청역롯데캐슬하이브엘(민간임대),월세,101동,중/35,1억/240,114.3,DOC,"신축,풀옵션,조식,시원한 뷰,교통편리",25.07.18,"['2년이내', '방세개', '화장실두개', '중층']",남동향,
경기도,용인시 기흥구,보정동,수지구청역롯데캐슬하이브엘(민간임대),월세,103동,7/36,1억/280,114.3,DOC,"양창구조,개방감 굿,풀옵션,주변 최고 인프라,수지구청역세권",25.07.12,"['2년이내', '역세권', '방세개', '화장실두개']",남서향,
경기도,용인시 기흥구,보정동,수지구청역롯데캐슬하이브엘(민간임대),매매,104동,저/29,1372800000,114.3,DOC,"마피5000, 밝은 양창, 신축풀옵션, 선납시 1억 할인,",25.07.17,"['2년이내', '방세개', '화장실두개', '세대당1대']",남동향,39704126.40419948
경기도,용인시 기흥구,보정동,수지구청역롯데캐슬하이브엘(민간임대),월세,102동,저/28,"5,000/230",114.3,DOC,거실 양창 인기타입 에어컨5 김치냉장고,25.07.17,"['2년이내', '방세개', '화장실두개', '세대당1대']",남서향,
경기도,용인시 기흥구,보정동,수지구청역롯데캐슬하이브엘(민간임대),매매,101동,12/35,1444300000,114.3,DOC,무피 선납시1억할인 초기자금11억대 약8억대출가능,25.07.11,"['2년이내', '방세개', '화장실두개', '중층']",남서향,41772049.6544182
경기도,용인시 기흥구,보정동,수지구청역롯데캐슬하이브엘(민간임대),매매,103동,22/36,1536500000,114.3,DOC,,25.07.11,"['2년이내', '역세권', '방세개', '화장실두개']",남서향,44438658.37707787
경기도,용인시 기흥구,보정동,수지구청역롯데캐슬하이브엘(민간임대),매매,103동,36/36,1645800000,114.3,DOC,"양창구조,최고뷰,선납시1억할인",25.07.11,"['2년이내', '역세권', '탑층', '방세개']",남서향,47599833.359580055
경기도,용인시 기흥구,보정동,수지구청역롯데캐슬하이브엘(민간임대),매매,102동,28/28,1531500000,114.3,DOC,"P8천,양창구조최고뷰,선납시1억할인,약8억대출가",25.07.11,"['2년이내', '탑층', '방세개', '화장실두개']",남서향,44294048.359580055
경기도,용인시 기흥구,보정동,수지구청역롯데캐슬하이브엘(민간임대),전세,103동,23/36,780000000,114.3,DOC,84C 앞튀인동으로 시티뷰와 여천뷰 입구동으로 수지구청역 가까운동,25.07.11,"['2년이내', '역세권', '방세개', '화장실두개']",남서향,22559162.729658794
경기도,용인시 기흥구,보정동,수지구청역롯데캐슬하이브엘(민간임대),매매,103동,14/36,1469300000,114.3,DOC,P2500  주택수미포함 매매예약됨,25.07.10,"['2년이내', '역세권', '방세개', '화장실두개']",남동향,42495099.74190726
경기도,용인시 기흥구,보정동,수지구청역롯데캐슬하이브엘(민간임대),매매,104동,4/29,1437100000,114.3,DOC,"신축첫입주,전망 좋아요,양창뷰,풀옵션,더블역세권",25.07.09,"['2년이내', '방세개', '화장실두개', '세대당1대']",북서향,41563811.22922135
경기도,용인시 기흥구,보정동,수지구청역롯데캐슬하이브엘(민간임대),월세,103동,36/36,1억/300,114.3,DOC,신축 첫입주. 풀옵션. 수지구청역 도보이용. 성복천 산책로. ,25.07.09,"['2년이내', '역세권', '탑층', '방세개']",서향,
경기도,용인시 기흥구,보정동,수지구청역롯데캐슬하이브엘(민간임대),월세,103동,23/36,"5,000/230",114.3,DOC,"신분당선 수지구청역세권, 탄천뷰 개방감좋은 뷰, 풀옵션",25.07.08,"['2년이내', '역세권', '방세개', '화장실두개']",남동향,
경기도,용인시 기흥구,보정동,수지구청역롯데캐슬하이브엘(민간임대),월세,101동,26/35,1억/280,114.3,DOC,선호하는 로얄층에 탁트인 시야,25.07.08,"['2년이내', '방세개', '화장실두개', '고층']",남동향,
경기도,용인시 기흥구,보정동,수지구청역롯데캐슬하이브엘(민간임대),매매,104동,21/29,1511500000,114.3,DOC,"양창구조, 뻥뷰, 신축풀옵션, 10년간세금헤택",25.07.08,"['2년이내', '방세개', '화장실두개', '고층']",남동향,43715608.28958881
경기도,용인시 기흥구,보정동,수지구청역롯데캐슬하이브엘(민간임대),매매,102동,18/28,939100000,114.3,DOC,"로얄동호, 입구동뻥뷰, 에5풀옵션,김치냉장고,쿡탑,오븐,붙박이장",25.07.07,"['2년이내', '방세개', '화장실두개', '중층']",남동향,27160653.4864392
경기도,용인시 기흥구,보정동,수지구청역롯데캐슬하이브엘(민간임대),월세,103동,33/36,1억/260,114.3,DOC,"성복천최고뷰,양창구조,에어컨5대,김치냉장고,오븐,인덕션옵션",25.07.07,"['2년이내', '역세권', '방세개', '화장실두개']",남서향,
경기도,용인시 기흥구,보정동,수지구청역롯데캐슬하이브엘(민간임대),월세,103동,중/36,"5,000/250",114.3,DOC,"신축,시스템AC,폴옵션,거실양창,환기 잘되는,수지구청역 도보이용",25.07.12,"['2년이내', '역세권', '방세개', '화장실두개']",남동향,
경기도,용인시 기흥구,보정동,수지구청역롯데캐슬하이브엘(민간임대),월세,104동,고/29,"5,000/250",114.3,DOC,"양창구조,시원한 전망,환기 잘되는 구조",25.07.12,"['2년이내', '방세개', '화장실두개', '고층']",남동향,
경기도,용인시 기흥구,보정동,수지구청역롯데캐슬하이브엘(민간임대),매매,103동,10/36,859100000,114.3,DOC,마피 성복천뷰 명의변경 가능 주택수 미포함,25.07.05,"['2년이내', '역세권', '방세개', '화장실두개']",남동향,24846893.206474192
경기도,용인시 기흥구,보정동,수지구청역롯데캐슬하이브엘(민간임대),매매,102동,고/28,963600000,114.3,DOC,"매매예약ok, 시원한전망, 풀옵션,수지구청역5분",25.07.11,"['2년이내', '방세개', '화장실두개', '고층']",남서향,27869242.572178483
경기도,용인시 기흥구,보정동,수지구청역롯데캐슬하이브엘(민간임대),월세,103동,중/36,1억/250,114.3,DOC,로얄층,25.07.11,"['2년이내', '역세권', '방세개', '화장실두개']",서향,
경기도,용인시 기흥구,보정동,수지구청역롯데캐슬하이브엘(민간임대),매매,103동,31/36,902500000,114.3,DOC,"P2000,실입주금3억,8억대출가능,30층이상최저프리미엄,양창뻥뷰",25.07.04,"['2년이내', '역세권', '방세개', '화장실두개']",남서향,26102108.158355206
경기도,용인시 기흥구,보정동,수지구청역롯데캐슬하이브엘(민간임대),매매,101동,18/35,939100000,114.3,DOC,"P5000, 실입주금3억대, 8억대출가능, 성복천,경부양창뻥뷰",25.07.04,"['2년이내', '방세개', '화장실두개', '중층']",남동향,27160653.4864392
경기도,용인시 기흥구,보정동,수지구청역롯데캐슬하이브엘(민간임대),매매,101동,저/35,1427100000,114.3,DOC,마피 선납시1억할인 초기자금11억대 약8억대출가능,25.07.11,"['2년이내', '방세개', '화장실두개', '세대당1대']",남서향,41274591.19422573
경기도,용인시 기흥구,보정동,수지구청역롯데캐슬하이브엘(민간임대),매매,104동,고/29,1521500000,114.3,DOC,"해당집사진,양창구조뻥뷰,선점하세요",25.07.11,"['2년이내', '방세개', '화장실두개', '고층']",남동향,44004828.32458443
경기도,용인시 기흥구,보정동,수지구청역롯데캐슬하이브엘(민간임대),매매,104동,고/29,1491500000,114.3,DOC,피 4000 양창조망 임대보증금8억7360,25.07.10,"['2년이내', '방세개', '화장실두개', '고층']",남서향,43137168.219597556
경기도,용인시 기흥구,보정동,수지구청역롯데캐슬하이브엘(민간임대),월세,101동,중/35,1억/200,114.3,DOC,,25.07.10,"['2년이내', '방세개', '화장실두개', '중층']",남서향,
경기도,용인시 기흥구,보정동,수지구청역롯데캐슬하이브엘(민간임대),전세,103동,중/36,850000000,114.3,DOC,"6월 첫 입주 , 더블 역세권 아파트 , 보증금 조정가",25.07.10,"['2년이내', '역세권', '방세개', '화장실두개']",북동향,24583702.974628177
경기도,용인시 기흥구,보정동,수지구청역롯데캐슬하이브엘(민간임대),매매,101동,고/35,1551500000,114.3,DOC,매매예약0 최장10년 주택수미포함 고층뻥뷰,25.07.09,"['2년이내', '방세개', '화장실두개', '고층']",남향,44872488.42957131
경기도,용인시 기흥구,보정동,수지구청역롯데캐슬하이브엘(민간임대),매매,103동,고/36,1451500000,114.3,DOC,무피가능 고층 양창조망 신축 첫입주,25.07.09,"['2년이내', '역세권', '방세개', '화장실두개']",남동향,41980288.07961506
경기도,용인시 기흥구,보정동,수지구청역롯데캐슬하이브엘(민간임대),매매,101동,고/35,913600000,114.3,DOC,"신분당선 수지구청역세권, 탄천뷰 개방감좋은 뷰, 풀옵션",25.07.08,"['2년이내', '방세개', '화장실두개', '고층']",남서향,26423142.39720035
경기도,용인시 기흥구,보정동,수지구청역롯데캐슬하이브엘(민간임대),매매,101동,고/35,1551500000,114.3,DOC,"로얄, 거실양창, 뻥뷰, 신축풀옵션, 선납시1억할인, 학세권",25.07.08,"['2년이내', '방세개', '화장실두개', '고층']",남동향,44872488.42957131
경기도,용인시 기흥구,보정동,수지구청역롯데캐슬하이브엘(민간임대),전세,103동,고/36,750000000,114.3,DOC,"신축풀옵션, 개방감 좋은 양창, 학세권, 역세권",25.07.08,"['2년이내', '역세권', '방세개', '화장실두개']",남동향,21691502.624671917
경기도,용인시 기흥구,보정동,수지구청역롯데캐슬하이브엘(민간임대),매매,101동,고/35,932500000,114.3,DOC,신분당선 수지구청역 역세권신축단지,25.07.08,"['2년이내', '방세개', '화장실두개', '고층']",남서향,26969768.263342086
경기도,용인시 기흥구,보정동,수지구청역롯데캐슬하이브엘(민간임대),월세,103동,고/36,1억/300,114.3,DOC,"첫 입주, 신 분당선, 분당선 ,학원가 접근 용이",25.07.07,"['2년이내', '역세권', '방세개', '화장실두개']",남동향,
경기도,용인시 기흥구,보정동,수지구청역롯데캐슬하이브엘(민간임대),월세,101동,고/35,"5,000/300",114.3,DOC,고층 풀옵션 신축 첫입주 25년6월말입주예정,25.07.04,"['2년이내', '방세개', '화장실두개', '고층']",남서향,
경기도,용인시 기흥구,보정동,수지구청역롯데캐슬하이브엘(민간임대),월세,103동,중/36,"5,000/240",114.3,DOC,,25.07.03,"['2년이내', '역세권', '방세개', '화장실두개']",남서향,
경기도,용인시 기흥구,보정동,수지구청역롯데캐슬하이브엘(민간임대),월세,102동,3/28,1억/200,114.3,DOC,"양창구조,선호하는C타입,풀옵션에어컨,김치냉장고,오븐인덕션",25.06.27,"['2년이내', '방세개', '화장실두개', '세대당1대']",남서향,
경기도,용인시 기흥구,보정동,수지구청역롯데캐슬하이브엘(민간임대),매매,104동,6/29,914600000,114.3,DOC,거실 양창 파노라마뷰 생활편리동,25.06.26,"['2년이내', '방세개', '화장실두개', '세대당1대']",남서향,26452064.400699917
경기도,용인시 기흥구,보정동,수지구청역롯데캐슬하이브엘(민간임대),전세,104동,10/29,630000000,114.3,DOC,"양창, 탄천 트인뷰, 신축, 풀옵션, 수지구청역 5분, 학세권",25.06.26,"['2년이내', '방세개', '화장실두개', '중층']",남동향,18220862.20472441
경기도,용인시 기흥구,보정동,수지구청역롯데캐슬하이브엘(민간임대),매매,104동,저/29,869600000,114.3,DOC,최장 10년 주택수 미포함 성복천뷰,25.07.02,"['2년이내', '방세개', '화장실두개', '세대당1대']",남서향,25150574.243219603
경기도,용인시 기흥구,보정동,수지구청역롯데캐슬하이브엘(민간임대),월세,101동,10/35,1억/200,114.3,DOC,"신축첫입주,저렴한임대료,양창구조,에어컨5대,오븐,쿡탑,김치냉장고옵션",25.06.26,"['2년이내', '방세개', '화장실두개', '세대당1대']",북서향,
경기도,용인시 기흥구,보정동,수지구청역롯데캐슬하이브엘(민간임대),매매,102동,12/28,881600000,114.3,DOC,"더블 역세권 아파트 , 하시입주",25.06.25,"['2년이내', '역세권', '방세개', '화장실두개']",북동향,25497638.28521435
경기도,용인시 기흥구,보정동,수지구청역롯데캐슬하이브엘(민간임대),월세,102동,7/28,1억/260,114.3,DOC,"25년6월10일이후입주 신축 첫입주, 풀옵션, 역세권학세권아파트",25.06.24,"['2년이내', '역세권', '방세개', '화장실두개']",남서향,
경기도,용인시 기흥구,보정동,수지구청역롯데캐슬하이브엘(민간임대),월세,103동,고/36,1억/300,114.3,DOC,고층 풀옵션 신축 첫입주 25년6월말입주예정,25.06.27,"['2년이내', '역세권', '방세개', '화장실두개']",남서향,
경기도,용인시 기흥구,보정동,수지구청역롯데캐슬하이브엘(민간임대),매매,101동,고/35,962500000,114.3,DOC,파노라마뷰 확정분양가 주택수미포함,25.06.26,"['2년이내', '방세개', '화장실두개', '고층']",남동향,27837428.36832896
경기도,용인시 기흥구,보정동,수지구청역롯데캐슬하이브엘(민간임대),전세,104동,중/29,750000000,114.3,DOC,"양창뻥뷰,시스템에어컨5,붙박이장,김치냉장고,오븐,쿡탑",25.06.25,"['2년이내', '융자금없는', '방세개', '화장실두개']",남향,21691502.624671917
경기도,용인시 기흥구,보정동,수지구청역롯데캐슬하이브엘(민간임대),월세,103동,36/36,1억/300,114.3,NONE,"수지구청역 도보, 전망최고, 풀옵션, 거실 양창구조 밝고 환함,",25.07.15,"['2년이내', '역세권', '탑층', '방세개']",서향,
경기도,용인시 기흥구,보정동,수지구청역롯데캐슬하이브엘(민간임대),월세,103동,고/36,"5,000/230",114.3,NONE,"수지구청역 도보, 전망최고, 풀옵션, 거실 양창구조 밝고 환함,",25.07.15,"['2년이내', '역세권', '방세개', '화장실두개']",남향,
경기도,용인시 기흥구,보정동,수지구청역롯데캐슬하이브엘(민간임대),월세,104동,중/29,"5,000/245",114.3,NONE,"수지구청역 도보, 전망최고, 풀옵션, 거실 양창구조 밝고 환함,",25.07.15,"['2년이내', '방세개', '화장실두개', '중층']",서향,
경기도,용인시 기흥구,보정동,수지구청역롯데캐슬하이브엘(민간임대),매매,103동,고/36,982500000,114.3,NONE,"수지구청역 도보이용, 풀옵션, 거실 양창구조 밝고 환함,플랫품시티개발호재",25.07.08,"['2년이내', '역세권', '방세개', '화장실두개']",북서향,28415868.438320212
경기도,용인시 기흥구,보정동,신촌마을상록데시앙,매매,103동,17/20,780000000,117.37,OWNER,"로얄동귀한물건,거실방2확장, 보정역 명문초중고 도보5분, 전망최고,플랫폼",25.07.17,"['25년이내', '역세권', '방세개', '화장실두개']",남서향,21969091.761097386
경기도,용인시 기흥구,보정동,신촌마을상록데시앙,매매,103동,고/20,820000000,117.37,OWNER," 특올수리. 보정역 3분. 초,중,고 도보. 밝고 환한 집. 창고 있음.",25.07.14,"['25년이내', '올수리', '역세권', '방세개']",남서향,23095711.851410072
경기도,용인시 기흥구,보정동,신촌마을상록데시앙,매매,103동,저/20,730000000,117.37,DOC,세안고.깨끗.,25.07.21,"['25년이내', '역세권', '방세개', '화장실두개']",남향,20560816.64820653
경기도,용인시 기흥구,보정동,신촌마을상록데시앙,전세,103동,고/20,530000000,117.37,DOC,탁 트인 전망. 기본. 창고 있어요. 보정역 3분거리. 도배 해드립니다.,25.06.27,"['25년이내', '역세권', '방세개', '화장실두개']",남서향,14927716.196643095
경기도,용인시 기흥구,보정동,신촌마을상록데시앙,매매,102동,13/18,740000000,114.61,OWNER,"초역세권,세안고,풀랫폼시티투자수혜,학군 우수,전망,상태 좋아요.",25.07.19,"['25년이내', '역세권', '방세개', '화장실두개']",동향,21344393.159410175
경기도,용인시 기흥구,보정동,신촌마을상록데시앙,매매,101동,16/20,780000000,114.61,NDOC1,"GTX.  주인거주. 보정역5분 거실 폴딩도어, 주방리모델링",25.07.15,"['25년이내', '역세권', '방세개', '화장실두개']",남서향,22498144.140999913
경기도,용인시 기흥구,보정동,신촌마을상록데시앙,매매,102동,2/18,700000000,114.61,NDOC1,급매 가격협의가능 입주 올확장 융무아늑한 조망 보정역세권 플랫폼시티,25.07.14,"['25년이내', '역세권', '급매', '방세개']",남동향,20190642.177820437
경기도,용인시 기흥구,보정동,신촌마을상록데시앙,매매,102동,9/18,740000000,114.61,OWNER,"급매, GTX용인역 플랫폼씨티수혜,녹지전망 보정역 초중고 도보5분",25.07.09,"['25년이내', '역세권', '급매', '방세개']",남동향,21344393.159410175
경기도,용인시 기흥구,보정동,신촌마을상록데시앙,전세,103동,중/20,530000000,114.61,OWNER,"아주깨끗,일부수리,전망트임,보정초,신촌중,5분역세권",25.07.11,"['25년이내', '역세권', '방세개', '화장실두개']",남향,15287200.506064044
경기도,용인시 기흥구,보정동,신촌마을상록데시앙,매매,101동,고/20,750000000,114.61,OWNER,｜주인거주로 깨끗｜기본｜밝고 환한집｜보정역세권｜우수학군,25.07.11,"['25년이내', '역세권', '방세개', '화장실두개']",남향,21632830.90480761
경기도,용인시 기흥구,보정동,신촌마을상록데시앙,매매,101동,고/20,780000000,114.61,OWNER,수리되고 확장된집 주인거주로 관리잘된집 전망좋고 보정역근거리 생활권편리,25.07.11,"['25년이내', '역세권', '방세개', '화장실두개']",남서향,22498144.140999913
경기도,용인시 기흥구,보정동,신촌마을상록데시앙,매매,103동,고/20,790000000,114.61,OWNER,"초역세권,올수리,확장,로얄동,전망,상태 좋아요.",25.07.11,"['25년이내', '올수리', '역세권', '방세개']",동향,22786581.886397347
경기도,용인시 기흥구,보정동,신촌마을상록데시앙,매매,101동,중/20,790000000,114.61,OWNER,확장 보정역역세권 GTX 플랫폼시티수혜 입주협의가 집컨디션굿,25.07.07,"['25년이내', '역세권', '방세개', '화장실두개']",남향,22786581.886397347
경기도,용인시 기흥구,보정동,신촌마을상록데시앙,매매,101동,중/20,750000000,114.61,OWNER,확장형 주인거주 관리 잘 된 집 입주일 편하게,25.07.07,"['25년이내', '역세권', '방세개', '화장실두개']",남향,21632830.90480761
경기도,용인시 기흥구,보정동,신촌마을상록데시앙,매매,101동,중/20,770000000,114.61,NDOC1,"주인거주. 확장. 깨끗. 초,충,고 도보 거리. 보정역 3분",25.07.05,"['25년이내', '역세권', '방세개', '화장실두개']",남서향,22209706.39560248
경기도,용인시 기흥구,보정동,신촌마을상록데시앙,매매,103동,2/20,750000000,114.61,DOC,주인거주. 잔잔한 전망. 보정역 3분거리. 집 보기 편해요.,25.07.05,"['25년이내', '역세권', '방세개', '화장실두개']",남서향,21632830.90480761
경기도,용인시 기흥구,보정동,신촌마을상록데시앙,매매,101동,중/20,750000000,114.61,OWNER,GTX. 플랫폼시티 수혜. 주인거주. 깨끗하게 관리. 보정역5분.,25.06.23,"['25년이내', '역세권', '방세개', '화장실두개']",남서향,21632830.90480761
경기도,용인시 기흥구,보정동,신촌마을상록데시앙,매매,102동,중/18,750000000,114.61,DOC,l 전세안고. 깨끗 l 전망굿 l,25.07.02,"['25년이내', '역세권', '방세개', '화장실두개']",남동향,21632830.90480761
경기도,용인시 기흥구,보정동,신촌마을상록데시앙,매매,101동,고/20,780000000,114.61,NONE,GTX. 플랫폼시티 수혜지역. 주인거주. 보정역5분,25.07.14,"['25년이내', '역세권', '방세개', '화장실두개']",남서향,22498144.140999913
경기도,용인시 기흥구,보정동,신촌마을죽전스타클래스,매매,104동,저/3,1300000000,228.28,DOC,"타운하우스,26.6세안고,상태 최고,한성CC옆,조용하고 쾌적해요",25.07.03,"['25년이내', '대형평수', '방네개이상', '화장실세개']",남향,18825654.897494305
경기도,용인시 기흥구,보정동,신촌마을죽전스타클래스,매매,104동,저/3,1400000000,228.28,DOC,"타운하우스,상태 최고,한성CC옆,조용하고 쾌적해요",25.06.27,"['25년이내', '대형평수', '방네개이상', '화장실세개']",남향,20273782.19730156
경기도,용인시 기흥구,보정동,신촌마을죽전스타클래스,전세,102동,2/3,1000000000,228.22,OWNER,l 수리해드림 또는 가격조정 l 럭셔리 타운하우스 l 입주일 협의가 l,25.07.15,"['25년이내', '융자금없는', '대형평수', '방네개이상']",남서향,14485080.185785646
경기도,용인시 기흥구,보정동,신촌마을죽전스타클래스2차,매매,1동,고/3,1500000000,255.64,DOC,"짧은 세안고, 타운하우스, 다락방, 투자호재, 주거환경 좋아요.",25.07.10,"['25년이내', '대형평수', '방네개이상', '화장실세개']",남향,19397111.171960574
경기도,용인시 기흥구,보정동,아리에띠캐슬테라스&가든,월세,101동,3/3,2억/600,263.47,DOC,사진 보증금및 월세 협의가능 아리에띠 펜트하우스 넓은테라스 멋진전망,25.07.15,"['10년이내', '융자금적은', '테라스', '대형평수']",남향,
경기도,용인시 기흥구,보정동,아리에띠캐슬테라스&가든,매매,101동,2/3,2000000000,215.29,OWNER,"주인거주로 깨끗하게 관리된 집, 주차 스트레스 없는 조용한 단",25.07.02,"['10년이내', '대형평수', '방세개', '화장실두개']",남서향,30710065.49305588
경기도,용인시 기흥구,보정동,아리에띠캐슬테라스&가든,매매,104동,2/3,1400000000,175.87,DOC,주위산조용힘깨끗한고급타운하우스인프라굿살기좋고뷰가좋음열병합택지지구안타운하우,25.07.15,"['10년이내', '대형평수', '방세개', '화장실두개']",남향,26315454.59714562
경기도,용인시 기흥구,보정동,아리에띠캐슬테라스&가든,매매,104동,저/3,1500000000,175.87,DOC,,25.06.25,"['10년이내', '대형평수', '방세개', '화장실두개']",남향,28195129.925513163
경기도,용인시 기흥구,보정동,아리에띠캐슬테라스&가든,매매,103동,중/3,1400000000,171.85,OWNER,"넓은 전면 테라스, 높은 층고로 채광과 개방감 좋은 타운하우스",25.07.14,"['10년이내', '테라스', '대형평수', '방세개']",남서향,26931038.69653768
경기도,용인시 기흥구,보정동,아리에띠캐슬테라스&가든,매매,104동,3/3,1400000000,168.99,OWNER,"노을을 배경삼아 스카이라인이 보이는 멋진뷰, 깨끗하고 시원한 타운하우스",25.07.21,"['10년이내', '대형평수', '탑층', '방네개이상']",남서향,27386821.705426358
경기도,용인시 기흥구,보정동,아리에띠캐슬테라스&가든,매매,102동,1/3,1200000000,167.02,OWNER,"세안고 매매, 입주일정 조율 가능, 단독주택같은 앞뒤 테라스",25.07.14,"['10년이내', '테라스', '1층', '대형평수']",남서향,23751299.24559933
경기도,용인시 기흥구,보정동,아리에띠캐슬테라스&가든,매매,102동,1/3,1300000000,167.02,OWNER,"아이들 자유롭게 키우기 좋은 1층, 여유로운 주차공간, 개인 테라스",25.06.24,"['10년이내', '테라스', '1층', '대형평수']",남서향,25730574.182732604
경기도,용인시 기흥구,보정동,아리에띠캐슬테라스&가든,매매,102동,2/3,1200000000,153.29,DOC,매매가협의가능 아리에띠 멋진테라스 럭셔리 생활 교통 편리,25.07.17,"['10년이내', '테라스', '대형평수', '방세개']",남서향,25878674.407984868
경기도,용인시 기흥구,보정동,아리에띠캐슬테라스&가든,매매,102동,2/3,1350000000,153.29,DOC,"베란다가넓고 ,확트인 전망  , 주인거주 , 밝고 넘 예쁜집",25.07.07,"['10년이내', '대형평수', '방세개', '화장실두개']",남서향,29113508.708982978
경기도,용인시 기흥구,보정동,연원마을금호베스트빌,매매,102동,1/9,760000000,111.43,OWNER,급매 일부수리 깨끗 GTX구성역  초역세권 대형마트인접 생활권좋음,25.07.18,"['25년이내', '1층', '급매', '대형평수']",남향,22546859.912052408
경기도,용인시 기흥구,보정동,연원마을금호베스트빌,매매,102동,고/9,1100000000,111.43,OWNER,주인거주 매우깨끗함 구성역세권 교통편리 탄천인접,25.07.21,"['25년이내', '방세개', '화장실두개', '고층']",남향,32633613.03060217
경기도,용인시 기흥구,보정동,연원마을금호베스트빌,매매,104동,저/10,800000000,111.43,OWNER,정상 기본인테리어 확장 구성역세권 교통편리 잔잔한전망,25.07.17,"['25년이내', '방세개', '화장실두개', '세대당1대']",남향,23733536.74952885
경기도,용인시 기흥구,보정동,연원마을금호베스트빌,매매,101동,4/9,750000000,111.43,DOC,"로열동,부분수리매우깨끗",25.07.14,"['25년이내', '방세개', '화장실두개', '중층']",남향,22250190.7026833
경기도,용인시 기흥구,보정동,연원마을금호베스트빌,매매,102동,중/9,800000000,111.43,DOC,세안고 GTX개구성역 더블역세권 수혜단지 대형마트 근접  생활권좋음,25.07.17,"['25년이내', '대형평수', '방세개', '화장실두개']",남향,23733536.74952885
경기도,용인시 기흥구,보정동,연원마을금호베스트빌,매매,104동,8/10,820000000,111.43,DOC,남향 일조조망좋은깔끔하고 조용한집 입주협의,25.06.23,"['25년이내', '방세개', '화장실두개', '고층']",남향,24326875.16826707
경기도,용인시 기흥구,보정동,연원마을삼성명가타운,전세,105동,중/15,500000000,151.95,OWNER,융무 입주일협의 GTX구성더블역세권 대형마트인접함 초중고학군좋음,25.07.19,"['25년이내', '대형평수', '방네개이상', '화장실두개']",남동향,10877871.010200726
경기도,용인시 기흥구,보정동,연원마을삼성명가타운,매매,106동,8/15,900000000,151.95,OWNER,입주물건 플시및GTX수혜단지 구성역세권 수리됨  조망굿 조용쾌적 대형마트,25.07.10,"['25년이내', '대형평수', '방네개이상', '화장실두개']",남서향,19580167.818361305
경기도,용인시 기흥구,보정동,연원마을삼성명가타운,매매,105동,5/15,1000000000,151.95,OWNER,입주일협의 수리됨 플시및GTX구성역더블역세권 대형마트인접 초중고학군좋음,25.06.27,"['25년이내', '대형평수', '방네개이상', '화장실두개']",남동향,21755742.02040145
경기도,용인시 기흥구,보정동,연원마을삼성명가타운,매매,105동,중/15,900000000,151.95,OWNER,정상 플시수혜및GTX구성더블역세권 부분수리됨 입주일협의 대형마트 학군굿,25.07.01,"['25년이내', '대형평수', '방네개이상', '화장실두개']",남서향,19580167.818361305
경기도,용인시 기흥구,보정동,연원마을삼성명가타운,매매,106동,8/15,900000000,151.95,NONE,급매 GTX구성역 용인플랫폼시티 개발호재,25.07.01,"['25년이내', '급매', '대형평수', '방네개이상']",남서향,19580167.818361305
경기도,용인시 기흥구,보정동,연원마을삼성명가타운,매매,109동,1/15,680000000,106.05,OWNER,"올수리,gtx구성역세권,정상입주,초중고인접,광역버스",25.07.21,"['25년이내', '올수리', '1층', '방세개']",남동향,21196924.092409242
경기도,용인시 기흥구,보정동,연원마을삼성명가타운,전세,109동,6/15,420000000,106.05,OWNER,융무 빠른입주가능 올확장 전실3베이 GTX구성더블역세권 대형마트인접,25.07.19,"['25년이내', '대형평수', '방세개', '화장실두개']",남동향,13092217.82178218
경기도,용인시 기흥구,보정동,연원마을삼성명가타운,전세,109동,6/15,420000000,106.05,OWNER,｜32.｜빠른입주가능｜올확장｜구성 역세권｜생활편리｜,25.07.17,"['25년이내', '방세개', '화장실두개', '중층']",남동향,13092217.82178218
경기도,용인시 기흥구,보정동,연원마을삼성명가타운,매매,101동,6/11,750000000,106.05,OWNER,깨끗 용인플렛폼시티 입주및 투자용 추천,25.07.17,"['25년이내', '방세개', '화장실두개', '중층']",남동향,23378960.396039605
경기도,용인시 기흥구,보정동,연원마을삼성명가타운,매매,109동,6/15,780000000,106.05,OWNER,주인거주 올확장. 올수리. 컨디션 최상. 편의성 우수,25.07.16,"['25년이내', '올수리', '방세개', '화장실두개']",남동향,24314118.81188119
경기도,용인시 기흥구,보정동,연원마을삼성명가타운,매매,109동,13/15,800000000,106.05,OWNER,"화이트톤 올수리, 관리잘된 집, 교통 생활 편리, 쾌적한 단지",25.07.15,"['25년이내', '올수리', '방세개', '화장실두개']",남동향,24937557.75577558
경기도,용인시 기흥구,보정동,연원마을삼성명가타운,월세,109동,6/15,"5,000/160",106.05,OWNER,주인거주 올수리. 컨디션 최상. 편의성 우수,25.07.11,"['25년이내', '올수리', '방세개', '화장실두개']",남동향,
경기도,용인시 기흥구,보정동,연원마을삼성명가타운,매매,101동,2/11,700000000,106.05,OWNER,3년전올수리 입구동 피로티1층 정상입주 교통편리 트레이더스앞,25.07.11,"['25년이내', '올수리', '필로티', '방세개']",남동향,21820363.036303632
경기도,용인시 기흥구,보정동,연원마을삼성명가타운,매매,101동,9/11,720000000,106.05,OWNER,"입주매물, 초입동, 전실3베이구조, GTX 플랫폼시티 수혜",25.07.10,"['25년이내', '방세개', '화장실두개', '고층']",남동향,22443801.980198022
경기도,용인시 기흥구,보정동,연원마을삼성명가타운,매매,102동,1/10,700000000,106.05,OWNER,세안고 필로티 1층 확장수리 깨끗 이마트앞 교통편리하고 생활권좋음,25.07.10,"['25년이내', '1층', '필로티', '방세개']",남서향,21820363.036303632
경기도,용인시 기흥구,보정동,연원마을삼성명가타운,매매,110동,저/13,780000000,106.05,OWNER,올수리  깨끗 교통및 생활편의시설 편리,25.07.16,"['25년이내', '올수리', '방세개', '화장실두개']",남동향,24314118.81188119
경기도,용인시 기흥구,보정동,연원마을삼성명가타운,전세,110동,10/13,450000000,106.05,OWNER,융자무 입주협의 깨끗 조망굿 이마트앞 교통편리하고 생활권좋음,25.07.08,"['25년이내', '융자금없는', '방세개', '화장실두개']",남동향,14027376.237623762
경기도,용인시 기흥구,보정동,연원마을삼성명가타운,매매,102동,저/10,680000000,106.05,OWNER,세안고투자 확장 조정가 남서향위치굿 이마트앞,25.07.14,"['25년이내', '방세개', '화장실두개', '세대당1대']",남서향,21196924.092409242
경기도,용인시 기흥구,보정동,연원마을삼성명가타운,매매,110동,5/13,800000000,106.05,OWNER,올확장형    수인분당선 GTX 구성역 더블역세권  용인플랫폼시티,25.06.30,"['25년이내', '방세개', '화장실두개', '중층']",남동향,24937557.75577558
경기도,용인시 기흥구,보정동,연원마을삼성명가타운,매매,109동,8/15,750000000,106.05,OWNER,세안고 용인플랫폼시티  수인분당선 GTX  더블세권 교통편리,25.06.26,"['25년이내', '방세개', '화장실두개', '중층']",남동향,23378960.396039605
경기도,용인시 기흥구,보정동,연원마을삼성명가타운,매매,110동,10/13,830000000,106.05,OWNER,남동향  정상입주 깨끗 이마트앞 교통편리하고 주거환경 좋음,25.06.26,"['25년이내', '방세개', '화장실두개', '고층']",남동향,25872716.171617165
경기도,용인시 기흥구,보정동,연원마을삼성명가타운,전세,109동,중/15,450000000,106.05,OWNER,융무 입주일협의 전실3베이 GTX구성더블역세권 수리됨 대형마트인접 학군굿,25.07.01,"['25년이내', '대형평수', '방세개', '화장실두개']",남동향,14027376.237623762
경기도,용인시 기흥구,보정동,연원마을삼성명가타운,매매,109동,중/15,850000000,106.05,OWNER,입주힐협의 전실3베이 플시수혜및GTX구성더블역세권 수리됨 대형마트인접,25.07.01,"['25년이내', '대형평수', '방세개', '화장실두개']",남동향,26496155.11551155
경기도,용인시 기흥구,보정동,연원마을삼성명가타운,매매,102동,고/10,800000000,106.05,OWNER,｜32.｜세안고｜거실 및 방1 확장｜중문｜더블 역세권｜가치투자｜,25.06.30,"['25년이내', '방세개', '화장실두개', '고층']",남서향,24937557.75577558
경기도,용인시 기흥구,보정동,연원마을삼성명가타운,매매,109동,중/15,800000000,106.05,NONE,"올수리,GTX구성역 및 용인플랫폼시티 수혜단지 이마트트레이더스 슬리퍼상권",25.07.11,"['25년이내', '올수리', '방세개', '화장실두개']",남동향,24937557.75577558
경기도,용인시 기흥구,보정동,연원마을삼성명가타운,매매,110동,중/13,830000000,106.05,NONE,거실 작은방 주방 올확장 GTX구성역  용인플랫폼시티 개발지역,25.07.01,"['25년이내', '방세개', '화장실두개', '중층']",남동향,25872716.171617165
경기도,용인시 기흥구,보정동,연원마을삼성명가타운,매매,107동,저/15,800000000,106.05,NONE,숲이보이는 거실 수인분당선 GTX 구성역 더블역세권 플랫폼시티,25.07.01,"['25년이내', '방세개', '화장실두개', '세대당1대']",남동향,24937557.75577558
경기도,용인시 기흥구,보정동,연원마을삼성명가타운,전세,107동,저/15,450000000,106.05,NONE,거실화장 숲이보이는 거실 수인분당선 GTX 구성역 더블역세권 ,25.07.01,"['25년이내', '방세개', '화장실두개', '세대당1대']",남동향,14027376.237623762
경기도,용인시 기흥구,보정동,연원마을삼성명가타운,전세,110동,10/13,450000000,106.05,NONE,깨끗 수인분당선 GTX 구성역세권 트레이더스 앞,25.07.01,"['25년이내', '융자금없는', '방세개', '화장실두개']",남동향,14027376.237623762
경기도,용인시 기흥구,보정동,연원마을삼성명가타운,매매,109동,8/15,750000000,106.05,NONE,세안고 GTX구성역세권 용인플랫폼시티 개발수혜,25.07.01,"['25년이내', '방세개', '화장실두개', '중층']",남동향,23378960.396039605
경기도,용인시 기흥구,보정동,연원마을삼성명가타운,매매,109동,1/15,680000000,106.05,NONE,올수리 작은방확장 GTX구성역 용인플랫폼시티 개발지역,25.07.01,"['25년이내', '올수리', '1층', '방세개']",남동향,21196924.092409242
경기도,용인시 기흥구,보정동,연원마을삼성명가타운,매매,111동,저/11,610000000,78.18,OWNER,｜24.｜입주협의｜GTX 더블 역세권｜가치투자｜생활편리｜,25.07.14,"['25년이내', '방세개', '화장실한개', '세대당1대']",남서향,25793410.71885393
경기도,용인시 기흥구,보정동,연원마을삼성명가타운,월세,111동,7/11,1억/100,78.18,OWNER,확트인 전망 전철 역세권 대형마트 앞,25.06.23,"['25년이내', '융자금없는', '대형평수', '방세개']",남서향,
경기도,용인시 기흥구,보정동,연원마을삼성명가타운,월세,111동,7/11,1억/100,78.18,NONE,탁트인 전망 전철역세권 대형마트 앞,25.07.01,"['25년이내', '대형평수', '방세개', '화장실한개']",남서향,
경기도,용인시 기흥구,보정동,용인보정꿈에그린,매매,106동,5/20,870000000,131.5,OWNER,"매우깨끗,c타입,세안고",25.07.11,"['15년이내', '방세개', '화장실두개', '세대당 1.5대이상']",남동향,21870973.00380228
경기도,용인시 기흥구,보정동,용인보정꿈에그린,전세,104동,고/19,560000000,131.5,OWNER,"입주협의,시스템, 양창으로 탁트인 전망최고, 와인냉장고,오븐 등 옵션최상",25.07.17,"['15년이내', '방세개', '화장실두개', '고층']",남서향,14077867.680608368
경기도,용인시 기흥구,보정동,용인보정꿈에그린,전세,104동,15/19,510000000,131.5,DOC,탁트인뷰양창으로밝은집.정상입주.,25.07.18,"['15년이내', '방세개', '화장실두개', '고층']",남동향,12820915.209125476
경기도,용인시 기흥구,보정동,용인보정꿈에그린,매매,104동,6/19,900000000,131.5,DOC,"특올수리,정상입주",25.07.15,"['15년이내', '올수리', '방세개', '화장실두개']",남동향,22625144.486692015
경기도,용인시 기흥구,보정동,용인보정꿈에그린,매매,104동,저/19,900000000,131.5,OWNER,"긴 세안고, GTX구성역 플시수혜, 교통 생활편리",25.07.07,"['15년이내', '방세개', '화장실두개', '세대당 1.5대이상']",남서향,22625144.486692015
경기도,용인시 기흥구,보정동,용인보정꿈에그린,전세,104동,고/19,510000000,131.5,NONE,빠른입주가능 환상적인 조망 분당선 GTX  더블역세권,25.07.01,"['15년이내', '융자금없는', '방세개', '화장실두개']",남서향,12820915.209125476
경기도,용인시 기흥구,보정동,용인보정꿈에그린,매매,102동,8/19,870000000,130.54,OWNER,"상태굿,교통및 생활편리,GTX구성역이용",25.07.21,"['15년이내', '방세개', '화장실두개', '중층']",남동향,22031813.620346256
경기도,용인시 기흥구,보정동,용인보정꿈에그린,매매,102동,8/19,930000000,130.54,OWNER,세안고 남동향 교통편리 이마트3분 보정역5분,25.07.21,"['15년이내', '방세개', '화장실두개', '중층']",남동향,23551249.042439103
경기도,용인시 기흥구,보정동,용인보정꿈에그린,매매,103동,8/18,870000000,130.54,OWNER,정상입주 정남향 집아주깨끗 조정가능,25.07.21,"['15년이내', '방세개', '화장실두개', '중층']",남향,22031813.620346256
경기도,용인시 기흥구,보정동,용인보정꿈에그린,매매,106동,3/20,870000000,130.54,OWNER,조건협의 주인관리 깨끗 채광좋은 집,25.07.17,"['15년이내', '필로티', '방세개', '화장실두개']",남서향,22031813.620346256
경기도,용인시 기흥구,보정동,용인보정꿈에그린,매매,106동,4/20,865000000,130.54,OWNER,즉시입주가.조용하고남향으로밝은집.B타입수납공간넉넉,25.07.16,"['15년이내', '방세개', '화장실두개', '세대당 1.5대이상']",남향,21905194.00183852
경기도,용인시 기흥구,보정동,용인보정꿈에그린,매매,105동,17/18,950000000,130.54,OWNER,정상 조망굿 보정역세권 교통편리 이마트3분,25.07.14,"['15년이내', '방세개', '화장실두개', '고층']",남서향,24057727.516470052
경기도,용인시 기흥구,보정동,용인보정꿈에그린,매매,103동,저/18,850000000,130.54,OWNER,"정상입주.GTX 더블역세권.올확장,시스템에어컨4대.대형마트인근.",25.07.18,"['15년이내', '대형평수', '방세개', '화장실두개']",남서향,21525335.146315306
경기도,용인시 기흥구,보정동,용인보정꿈에그린,전세,101동,13/17,580000000,130.54,DOC,남향 전망좋고 깨끗 교통및 생활편의시설 편리,25.07.18,"['15년이내', '방세개', '화장실두개', '고층']",남향,14687875.746897506
경기도,용인시 기흥구,보정동,용인보정꿈에그린,매매,103동,고/18,950000000,130.54,OWNER,정남향 조망 선호동 플시및GTX구성더블역세권 입주일협의 대형마트 명품학군,25.07.15,"['15년이내', '대형평수', '방세개', '화장실두개']",남향,24057727.516470052
경기도,용인시 기흥구,보정동,용인보정꿈에그린,매매,104동,중/19,900000000,130.54,OWNER,입주일협의  플시수혜및GTX구성역더블역세권 시스템AC 마트 학군,25.07.15,"['15년이내', '방세개', '화장실두개', '중층']",남서향,22791531.33139268
경기도,용인시 기흥구,보정동,용인보정꿈에그린,전세,106동,4/20,550000000,130.54,OWNER,하시입주 GTX구성역세권 올확장시스템에어컨 교통편리 이마트3분,25.07.08,"['15년이내', '방세개', '화장실두개', '세대당 1.5대이상']",남동향,13928158.035851084
경기도,용인시 기흥구,보정동,용인보정꿈에그린,전세,104동,15/19,580000000,130.54,DOC,올확장형 시스템에어컨  분당선 GTX 구성역 더블역세권 대형마트 앞,25.07.17,"['15년이내', '대형평수', '방세개', '화장실두개']",남서향,14687875.746897506
경기도,용인시 기흥구,보정동,용인보정꿈에그린,매매,102동,저/19,950000000,130.54,OWNER,트리플역세권확장형시스템에어컨입주가능함,25.07.13,"['15년이내', '방세개', '화장실두개', '세대당 1.5대이상']",남동향,24057727.516470052
경기도,용인시 기흥구,보정동,용인보정꿈에그린,매매,102동,12/19,900000000,130.54,OWNER,주인거주 깨끗 입주협의 넉넉한수납 쾌적한단지,25.07.04,"['15년이내', '방세개', '화장실두개', '중층']",남동향,22791531.33139268
경기도,용인시 기흥구,보정동,용인보정꿈에그린,매매,105동,5/18,920000000,130.54,OWNER,깨끗 남향 GTX개통 더블역세권  교통편리 대형마트인접 정상입주,25.07.03,"['15년이내', '대형평수', '방세개', '화장실두개']",남향,23298009.805423625
경기도,용인시 기흥구,보정동,용인보정꿈에그린,매매,103동,고/18,900000000,130.54,OWNER,전망최고 깨끗하고 생활시설및 교통편리,25.07.07,"['15년이내', '방세개', '화장실두개', '고층']",남향,22791531.33139268
경기도,용인시 기흥구,보정동,용인보정꿈에그린,매매,105동,고/18,870000000,130.54,OWNER,갭적은세안고급매 로얄 확장형 시스템AC 플시및GTX수혜단지 마트 명품학군,25.07.07,"['15년이내', '급매', '방세개', '화장실두개']",남서향,22031813.620346256
경기도,용인시 기흥구,보정동,용인보정꿈에그린,매매,105동,4/18,860000000,130.54,OWNER,"귀한B타입,조용한동,8월말 입주 교통편리 이마트3분",25.06.30,"['15년이내', '방세개', '화장실두개', '세대당 1.5대이상']",남향,21778574.38333078
경기도,용인시 기흥구,보정동,용인보정꿈에그린,전세,105동,고/18,600000000,130.54,OWNER,조망최고 조용한동 깨끗 시스템에어컨 교통생활권편리,25.06.26,"['15년이내', '융자금없는', '방세개', '화장실두개']",남향,15194354.220928453
경기도,용인시 기흥구,보정동,용인보정꿈에그린,전세,104동,15/19,580000000,130.54,NONE,환상적인 뷰 수인분당선 GTX 구성역세권 월세가능,25.07.01,"['15년이내', '융자금없는', '방세개', '화장실두개']",남서향,14687875.746897506
경기도,용인시 기흥구,보정동,용인보정꿈에그린,매매,106동,3/20,870000000,130.54,NONE,올확장형 분당선 GTX 구성역세권 용인플랫폼시티 수혜단지,25.07.01,"['15년이내', '방세개', '화장실두개', '세대당 1.5대이상']",남서향,22031813.620346256
경기도,용인시 기흥구,보정동,용인보정꿈에그린,매매,103동,중/18,870000000,130.54,NONE,정남향 시스템에어컨 수인분당선 GTX 구성역세권 용인플렛폼시티 바로앞,25.07.01,"['15년이내', '방세개', '화장실두개', '중층']",남향,22031813.620346256
경기도,용인시 기흥구,보정동,용인죽전비스하임,매매,102동,고/3,1000000000,228.21,DOCV2,활용높은 내부구조 프라이빗한 넓은 테라스3 인테리어굿,25.07.10,"['15년이내', '테라스', '복층', '대형평수']",북서향,14485714.911704132
경기도,용인시 기흥구,보정동,죽전극동스타클래스1차,매매,1동,2/3,1500000000,258.61,OWNER,"외부 시야 없이 프라이빗한 조망, 주차 스트레스 없는 단지",25.06.25,"['25년이내', '대형평수', '방네개이상', '화장실세개']",남서향,19174345.53961564
경기도,용인시 기흥구,보정동,죽전극동스타클래스1차,매매,1동,3/3,1700000000,236.88,DOC,"푸른 녹지뷰 타운하우스, 주인 직접거주, 다락방 서비스면적",25.07.17,"['25년이내', '복층', '대형평수', '탑층']",남동향,23724394.208037827
경기도,용인시 기흥구,보정동,죽전극동스타클래스1차,매매,1동,2/3,1500000000,236.88,OWNER,"보정동 럭셔리 타운하우스, 조용하고 쾌적한 주거지, 인프라 좋음",25.06.26,"['25년이내', '대형평수', '방네개이상', '화장실세개']",남서향,20933289.0070922
경기도,용인시 기흥구,보정동,죽전극동스타클래스3차,매매,305동,고/3,1600000000,271.7,OWNER,"정남향 채광 최상급, 활용도 높은 멀티룸과 포켓 테라스",25.07.02,"['25년이내', '테라스', '대형평수', '방네개이상']",남향,19467265.366212737
경기도,용인시 기흥구,보정동,죽전극동스타클래스3차,매매,305동,1/3,2100000000,270.81,DOC,"전용 마당있는 세대, 조용한 단지, 방4화3",25.07.16,"['25년이내', '마당', '1층', '대형평수']",동향,25634756.840589345
경기도,용인시 기흥구,보정동,죽전극동스타클래스3차,매매,305동,중/3,1600000000,260.94,DOC,"아주조용하고고급스러운타운하우스,주위가산이며옆둘레길소담공원,바로앞버스정류장",25.06.25,"['25년이내', '대형평수', '방네개이상', '화장실세개']",남동향,20270008.43105695
경기도,용인시 기흥구,보정동,죽전극동스타클래스3차,매매,302동,1/3,1500000000,236.92,DOC,"개인정원이있는최고급타운하우스,최고급자재로지음넓은평수로거실벽화이트친환경페인",25.07.15,"['25년이내', '마당', '1층', '대형평수']",남향,20929754.769542463
경기도,용인시 기흥구,보정동,죽전극동스타클래스3차,매매,302동,2/3,1600000000,227.87,OWNER,"주차 편리한 고급 타운하우스, 정남향, 단지 산책로 뷰",25.07.21,"['25년이내', '대형평수', '방네개이상', '화장실세개']",남향,23211725.98411375
경기도,용인시 기흥구,보정동,죽전극동스타클래스3차,매매,304동,2/3,1300000000,226.76,DOC,주위가산으로둘러쌓여있어공기가좋고조용주차용이전용주차장고급자재로살기좋음,25.07.03,"['25년이내', '대형평수', '방네개이상', '화장실세개']",남향,18951845.563591465
경기도,용인시 기흥구,보정동,죽전극동스타클래스3차,전세,305동,3/3,1100000000,225.63,DOC,"고급타운하우스조용주위가산이라공기좋음,고급인테리어,살기좋음,주차용이,개인창",25.07.07,"['25년이내', '복층', '대형평수', '탑층']",남동향,16116489.385276781
경기도,용인시 기흥구,보정동,죽전극동스타클래스3차,매매,301동,3/3,1550000000,189,DOC,,25.07.17,"['25년이내', '대형평수', '탑층', '방네개이상']",남향,27110935.185185187
경기도,용인시 기흥구,보정동,죽전극동스타클래스4차1단지,매매,101동,1/3,2100000000,294.68,DOC,조용하고1층정원이있고고급타운하우스로앞산뷰공기좋고인프라가까워살기좋음,25.07.17,"['25년이내', '마당', '1층', '대형평수']",남향,23558261.504004344
경기도,용인시 기흥구,보정동,죽전극동스타클래스4차1단지,매매,102동,3/3,2000000000,263.27,OWNER,"지붕과 하늘 녹지가 보이는 채광 좋은 집, 넓은 공간들과 동선 좋은 집",25.07.08,"['25년이내', '대형평수', '탑층', '방네개이상']",남향,25113267.74793938
경기도,용인시 기흥구,보정동,죽전극동스타클래스4차1단지,매매,102동,1/3,2700000000,263.27,DOC,"고품격타운하우스 넓은앞정원,뒷정원  고급인테리어됨 보안철저",25.07.02,"['25년이내', '마당', '1층', '대형평수']",남향,33902911.45971817
경기도,용인시 기흥구,보정동,죽전극동스타클래스4차2단지,전세,104동,2/3,1400000000,281.64,OWNER,"전세는 올해 4분기 방문가능, 산이 보이는 넓고 쾌적한 집, 층고 높음",25.07.16,"['25년이내', '대형평수', '방네개이상', '화장실세개']",남향,16432676.466411024
경기도,용인시 기흥구,보정동,죽전극동스타클래스4차2단지,매매,104동,2/3,1800000000,281.64,OWNER,"세안고, 학군인접, 교통 생활편리, 조용하고 쾌적한 타운하우스",25.07.16,"['25년이내', '대형평수', '방네개이상', '화장실두개']",남향,21127726.885385603
경기도,용인시 기흥구,보정동,죽전극동스타클래스4차2단지,전세,104동,고/3,1550000000,281.64,DOC,"최상급 특올수리 귀한 전세매물, 채광 전망 컨디션 모두 최상",25.07.02,"['25년이내', '올수리', '대형평수', '방네개이상']",남향,18193320.37352649
경기도,용인시 기흥구,보정동,죽전누리에뜰(주상복합),월세,102동,7/20,"4억 5,000/90",153.61,OWNER,"유해시설 없는 명문학군에서 자녀교육 끝내고 싶다면 여기, 상태좋은 남향집",25.07.16,"['25년이내', '대형평수', '방세개', '화장실두개']",남향,
경기도,용인시 기흥구,보정동,죽전누리에뜰(주상복합),매매,102동,저/20,970000000,153.61,OWNER,"주차편의성 최고, 방확장 수리, 독정초 배정학군, 복지센터준공임박",25.07.08,"['25년이내', '대형평수', '방세개', '화장실두개']",남향,20875017.576980665
경기도,용인시 기흥구,보정동,죽전누리에뜰(주상복합),전세,104동,6/20,670000000,152.16,OWNER,"환하고 조망 좋은집,주차편리,학군,편의시설 좋은곳",25.07.21,"['25년이내', '필로티', '대형평수', '방네개이상']",남향,14556229.9553102
경기도,용인시 기흥구,보정동,죽전누리에뜰(주상복합),매매,104동,6/20,1070000000,152.16,OWNER,"전망좋은집,도배새로함,확장.옵션있음,학군.편의시설이 좋은곳",25.07.18,"['25년이내', '필로티', '대형평수', '방네개이상']",남향,23246516.4957939
경기도,용인시 기흥구,보정동,죽전누리에뜰(주상복합),전세,104동,17/20,630000000,152.16,OWNER,"독정초 배정, 26년 4월 오픈 복지센터 코앞, 편리한 상권은 덤",25.07.15,"['25년이내', '대형평수', '방네개이상', '화장실두개']",남향,13687201.301261831
경기도,용인시 기흥구,보정동,죽전누리에뜰(주상복합),매매,104동,19/20,1080000000,152.16,OWNER,"최근 인테리어, 전망최고, 주차장최고, 교통편리, 생활편리",25.07.12,"['25년이내', '대형평수', '방네개이상', '화장실두개']",남동향,23463773.659305993
경기도,용인시 기흥구,보정동,죽전누리에뜰(주상복합),매매,104동,고/20,1080000000,152.16,OWNER,"최근특올수리,올확장,시스템에어컨, 최고의 인테리어, 가전최고급빌트인",25.07.16,"['25년이내', '올수리', '대형평수', '방네개이상']",남향,23463773.659305993
경기도,용인시 기흥구,보정동,죽전누리에뜰(주상복합),매매,101동,11/20,850000000,139.28,OWNER,"최근 올 수리, 세안고, 죽전역,신세계,스타필드 도보가능,주차장 최고",25.07.10,"['25년이내', '올수리', '대형평수', '방세개']",남향,20174592.54738656
경기도,용인시 기흥구,보정동,죽전누리에뜰(주상복합),매매,101동,6/20,890000000,139.28,DOC,"주인거주 , 올마루 , 주차가 최고 , 죽전역역세권 , 상가이용 최고",25.07.15,"['25년이내', '필로티', '대형평수', '방세개']",남향,21123985.13785181
경기도,용인시 기흥구,보정동,죽전누리에뜰(주상복합),매매,101동,13/20,800000000,139.28,DOC,짧은세안고 매매임.,25.06.30,"['25년이내', '대형평수', '방세개', '화장실두개']",남향,18987851.809304997
경기도,용인시 기흥구,보정동,죽전누리에뜰(주상복합),매매,103동,14/20,850000000,137.9,OWNER,금액조절가능 방1확장 주인거주 명문학군 플랫폼시티수혜단지  기타사항조율,25.07.11,"['25년이내', '대형평수', '방세개', '화장실두개']",남향,20376484.771573603
경기도,용인시 기흥구,보정동,죽전누리에뜰(주상복합),매매,103동,고/20,830000000,137.9,OWNER,밝고환한집 거실방확장 일부수리 생활교통 주차편리 독정초 신촌중학군,25.06.24,"['25년이내', '대형평수', '방세개', '화장실두개']",남향,19897038.07106599
경기도,용인시 기흥구,보정동,죽전누리에뜰(주상복합),매매,103동,20/20,1000000000,137.15,OWNER,"올수리,올확장, 전망최고,편의시설최고,주차최고,학군최고",25.07.21,"['25년이내', '올수리', '대형평수', '탑층']",남향,24103426.904848706
경기도,용인시 기흥구,보정동,죽전누리에뜰(주상복합),매매,103동,저/20,800000000,137.15,OWNER,"매가조정가능, 인테리어최상, 세안고, 슬리퍼상권, 주차편리 ",25.07.16,"['25년이내', '대형평수', '방세개', '화장실두개']",남향,19282741.523878966
경기도,용인시 기흥구,보정동,죽전누리에뜰(주상복합),매매,102동,8/20,750000000,124.12,OWNER,"화이트수리, 주차편의성최고, 독정초배정학군, 생활편의성 최고의 아파트",25.07.18,"['25년이내', '방세개', '화장실두개', '중층']",남향,19975336.36803094
경기도,용인시 기흥구,보정동,죽전누리에뜰(주상복합),매매,102동,고/20,700000000,124.12,DOC,세안고매매  죽전역도보10분 명문학군 플랫폼시티수혜단지 기타사항조율,25.07.21,"['25년이내', '방세개', '화장실두개', '고층']",남향,18643647.276828874
경기도,용인시 기흥구,보정동,죽전누리에뜰(주상복합),매매,102동,고/20,630000000,105.75,OWNER,"화이트 올수리, 슬리퍼 상권, 편리한 주차장, 편의시설 최단거리",25.07.19,"['25년이내', '올수리', '방세개', '화장실두개']",동향,19694038.29787234
경기도,용인시 기흥구,보정동,죽전누리에뜰(주상복합),매매,102동,고/20,590000000,105.75,DOC, 올확장 깨끗 전세안고 갭투자추천,25.07.14,"['25년이내', '방세개', '화장실두개', '고층']",동향,18443623.167848703
경기도,용인시 기흥구,보정동,죽전누리에뜰(주상복합),매매,104동,14/20,630000000,104.75,OWNER,세안고 협의가능 밝고환한집  생활교통편리 주차편리 독정초 신촌중학군,25.07.15,"['25년이내', '방세개', '화장실두개', '고층']",동향,19882048.21002387
경기도,용인시 기흥구,보정동,죽전누리에뜰(주상복합),전세,104동,중/20,500000000,104.75,OWNER,"씽크대 수리, 탁트인 전망, 죽전역, 카페거리, 광역버스,학원가",25.07.08,"['25년이내', '방세개', '화장실두개', '중층']",동향,15779403.341288783
경기도,용인시 기흥구,보정동,죽전누리에뜰(주상복합),전세,101동,고/20,500000000,104.72,OWNER,"귀한 전세, 깨끗하게 관리된 집, 보정동 최고 입지 카페거리 걸어가세요",25.07.14,"['25년이내', '방한개', '화장실두개', '고층']",동향,15783923.796791445
경기도,용인시 기흥구,보정동,죽전누리에뜰(주상복합),전세,103동,8/20,450000000,94.51,NDOC1,"방2,화2, 슬리퍼 상권,죽전역 도보10분,주차장 최고",25.07.11,"['25년이내', '방두개', '화장실두개', '중층']",서향,15740167.70712094
경기도,용인시 기흥구,보정동,죽전누리에뜰(주상복합),매매,103동,중/20,530000000,94.51,DOC,올확장됬고 월세안고매매임,25.07.11,"['25년이내', '방두개', '화장실두개', '중층']",서향,18538419.74394244
경기도,용인시 기흥구,보정동,죽전누리에뜰(주상복합),전세,103동,10/20,470000000,94.51,DOC,"씽크교체,깔끔,신호부부거주",25.06.24,"['25년이내', '융자금없는', '방두개', '화장실두개']",서향,16439730.716326315
경기도,용인시 기흥구,보정동,죽전벨라팰리스,매매,101동,고/3,2300000000,500.44,DOC,,25.07.17,"['10년이내', '복층', '대형평수', '방네개이상']",남향,15193240.947965791
경기도,용인시 기흥구,보정동,죽전벨라팰리스,매매,103동,3/3,2200000000,371.52,DOC,"고품격의타운하우스,학군우수,외국인학교도있음.주거편리.다락방과테라스넓음,",25.06.23,"['10년이내', '테라스', '대형평수', '탑층']",남향,19575600.23686477
경기도,용인시 기흥구,보정동,죽전벨라팰리스,매매,101동,고/3,1500000000,363.05,DOC,"인프라도보5분거리,초둥고가 도보10분거리포함,고급타운하우스,귀한복층.창고",25.07.15,"['10년이내', '복층', '대형평수', '방네개이상']",남향,13658387.2744801
경기도,용인시 기흥구,보정동,죽전벨라팰리스,매매,101동,1/3,1500000000,361.94,OWNER,"컨디션 좋은 마당있는 타운하우스, 편리한 내부구조와 여유로운 주차",25.07.21,"['10년이내', '마당', '1층', '대형평수']",남서향,13700274.907443224
경기도,용인시 기흥구,보정동,죽전벨라팰리스,매매,101동,2/3,1300000000,361.94,DOC,"급매 벨라팰리스, 공원조망 깔끔한 컨디션",25.07.18,"['10년이내', '급매', '대형평수', '방네개이상']",남서향,11873571.586450793
경기도,용인시 기흥구,보정동,죽전벨라팰리스,매매,103동,2/3,1500000000,361.12,OWNER,사진있음 현재공실 력셔리타운하우스 풀옵션 생활교통 편리 독정초 신촌중학군,25.07.18,"['10년이내', '대형평수', '방네개이상', '화장실세개']",남향,13731384.304386353
경기도,용인시 기흥구,보정동,죽전벨라팰리스,매매,103동,고/3,1750000000,361.12,OWNER,"주차,층간소음 걱정없고 주인거주로 관리 최상급, 채광 좋은 타운하우스",25.07.14,"['10년이내', '대형평수', '방네개이상', '화장실세개']",남향,16019948.355117412
경기도,용인시 기흥구,보정동,죽전벨라팰리스,매매,103동,1/3,1700000000,361.12,DOC,"프라이빗한 개인 앞뒤마당, 동선 편리, 모던한 인테리어",25.07.16,"['10년이내', '마당', '1층', '대형평수']",남향,15562235.544971203
경기도,용인시 기흥구,보정동,죽전일성트루엘(주상복합),매매,1동,13/17,770000000,161.92,OWNER,시원한 시티뷰 에어컨옵션 주인거주로 관리상태굳,25.07.17,"['15년이내', '대형평수', '방네개이상', '화장실두개']",남서향,15720444.97282609
경기도,용인시 기흥구,보정동,죽전일성트루엘(주상복합),매매,1동,고/17,820000000,161.92,OWNER,밝은채광 조망굿 화이트톤수리 GTX플랫폼시티수혜 시스템에어컨,25.07.19,"['15년이내', '대형평수', '방네개이상', '화장실두개']",서향,16741253.087944668
경기도,용인시 기흥구,보정동,죽전일성트루엘(주상복합),매매,1동,중/17,900000000,161.92,DOC,"1년전올리모델링,집상태최상,전망최고,플랫폼시티수혜지역,보정역세권",25.07.14,"['15년이내', '대형평수', '방네개이상', '화장실두개']",서향,18374546.072134387
경기도,용인시 기흥구,보정동,죽전일성트루엘(주상복합),매매,1동,중/17,850000000,161.92,OWNER,｜48.｜세안고｜GTX 더블 역세권｜전망 굿｜가치투자｜,25.07.01,"['15년이내', '대형평수', '방네개이상', '화장실두개']",서향,17353737.957015812
경기도,용인시 기흥구,보정동,죽전일성트루엘(주상복합),매매,1동,고/17,900000000,161.92,DOC,"전망.일조권 좋음, 확장형, 깨끗, 용인플랫폼시티 수혜지역.",25.06.30,"['15년이내', '대형평수', '화장실두개', '방네개이상']",서향,18374546.072134387
경기도,용인시 기흥구,보정동,죽전일성트루엘(주상복합),매매,1동,고/17,780000000,161.92,DOC,"GTX수혜지역,평수대비가격좋음,집상태최상,전망최고,보정역세권",25.06.27,"['15년이내', '대형평수', '방네개이상', '화장실두개']",서향,15924606.595849803
경기도,용인시 기흥구,보정동,죽전일성트루엘(주상복합),매매,1동,7/17,730000000,161.49,DOC,급매 협의가능 확장형 밝고환한집 멋진전망 생활교통편리 주차편리,25.07.18,"['15년이내', '급매', '대형평수', '방네개이상']",남동향,14943482.878196793
경기도,용인시 기흥구,보정동,죽전일성트루엘(주상복합),매매,1동,저/17,720000000,161.49,DOC,"GTX수혜지역,평수대비가격좋음,넓은테라스,집상태좋음,전망최고,보정역세권",25.06.23,"['15년이내', '테라스', '대형평수', '방세개']",남동향,14738777.633289987
경기도,용인시 기흥구,보정동,죽전일성트루엘(주상복합),전세,1동,저/17,520000000,161.49,DOC,"평수대비가격좋음,넓은테라스겸마당,집상태좋음,전망최고,보정역세권,학군우수",25.06.23,"['15년이내', '테라스', '마당', '대형평수']",남동향,10644672.735153878
경기도,용인시 기흥구,보정동,죽전일성트루엘(주상복합),전세,1동,2/17,530000000,151.61,OWNER,보정역세권 사진있음 넓은테라스 밝고환한집,25.07.16,"['15년이내', '테라스', '필로티', '대형평수']",남동향,11556401.622584263
경기도,용인시 기흥구,보정동,죽전일성트루엘(주상복합),매매,1동,14/17,860000000,151.61,OWNER,"조망굿 정상 플랫폼시티수혜단지 보정역,이마트인접",25.07.14,"['15년이내', '대형평수', '방세개', '화장실두개']",남동향,18751896.972495217
경기도,용인시 기흥구,보정동,죽전일성트루엘(주상복합),매매,1동,15/17,810000000,151.61,OWNER,"전망최고,입주또는세안고,GTX개통",25.07.04,"['15년이내', '대형평수', '방세개', '화장실두개']",남향,17661670.40432689
경기도,용인시 기흥구,보정동,죽전일성트루엘(주상복합),매매,1동,중/17,850000000,151.61,DOC,"일조권.조망공원 좋음,  확장형,  용인플랫폼시티 수혜지역, 주인거주",25.07.10,"['15년이내', '대형평수', '화장실두개', '방세개']",남동향,18533851.65886155
경기도,용인시 기흥구,보정동,죽전일성트루엘(주상복합),전세,1동,중/17,530000000,151.61,OWNER,"집상태우수,천장에어컨,전망최고,보정역세권,학군우수,대형마트인접,살기편리함",25.06.27,"['15년이내', '대형평수', '방세개', '화장실두개']",남서향,11556401.622584263
경기도,용인시 기흥구,보정동,죽전자이2차(주상복합),매매,1동,저/13,750000000,161.96,DOC,"남향,특올수리벽면대리석,도배.전등.욕조.전자랜지등,화이트톤 아주깨끗.",25.07.10,"['25년이내', '올수리', '화장실두개', '대형평수']",남향,15308340.02222771
경기도,용인시 기흥구,보정동,죽전자이2차(주상복합),매매,1동,저/13,760000000,161.63,DOC,"기본, 남향,도배4년실크,깨끗,정상, 용인플랫폼시티 수혜지역,",25.07.14,"['25년이내', '화장실두개', '대형평수', '방네개이상']",남향,15544122.996968385
경기도,용인시 기흥구,보정동,죽전자이2차(주상복합),매매,1동,고/13,835000000,161.63,DOC,"기본, 조망및 일조권좋음, 주인거주빠를수록,플랫폼시티 수혜지역.",25.07.11,"['25년이내', '화장실두개', '대형평수', '방네개이상']",남향,17078082.503248163
경기도,용인시 기흥구,보정동,죽전자이2차(주상복합),매매,1동,저/13,800000000,161.63,DOC,"집상태최상,올수리,플랫폼시티수혜,투자가치좋음,보정역세권,학군우수,대형마트",25.07.10,"['25년이내', '올수리', '대형평수', '방네개이상']",북동향,16362234.733650932
경기도,용인시 기흥구,보정동,죽전자이2차(주상복합),매매,1동,저/13,770000000,161.63,OWNER,"올수리,도배,LED교체,최고의뷰,호재지역,보정역세권,투자가치좋고넓은평수",25.06.27,"['25년이내', '올수리', '대형평수', '방네개이상']",남향,15748650.931139022
경기도,용인시 기흥구,보정동,죽전자이2차(주상복합),매매,1동,고/13,770000000,161.42,OWNER,"보정역세권, 일부 확장, 집상태 깨끗, 플렛폼시티 수혜지역, 동향",25.07.02,"['25년이내', '대형평수', '방네개이상', '화장실두개']",동향,15769139.20208153
경기도,용인시 기흥구,보정동,죽전자이2차(주상복합),매매,1동,중/13,780000000,160.61,DOC,"전망.일조권좋음, 확장,인덕션.LED등 설치2년전,용인플랫폼 수혜지역",25.07.10,"['25년이내', '화장실두개', '대형평수', '방네개이상']",남동향,16054494.116182053
경기도,용인시 기흥구,보정동,죽전자이2차(주상복합),전세,1동,고/13,500000000,124.61,DOC,"전망.일조권 최상,  각방 시스탬에어콘.붙박이장설치및 주방인덕션설치,깨끗",25.07.17,"['25년이내', '융자금없는', '화장실두개', '방세개']",북동향,13264525.318995267
경기도,용인시 기흥구,보정동,죽전자이2차(주상복합),매매,1동,중/13,730000000,121.1,DOC,"확장,5년전 올수리,깨끗, 선호하는A타입,용인플랫폼시티 수혜지역.주인거주",25.07.14,"['25년이내', '올수리', '화장실두개', '방세개']",북동향,19927523.121387284
경기도,용인시 기흥구,보정동,죽전자이2차(주상복합),매매,1동,7/13,650000000,121.09,OWNER,"올수리,올확장,시스템에어컨",25.07.17,"['25년이내', '올수리', '방세개', '화장실두개']",서향,17745150.30142869
경기도,용인시 기흥구,보정동,죽전자이2차(주상복합),매매,1동,저/13,700000000,121.09,DOC,"확장형, 용인플랫폼시티. GTX개통수혜지역.  주인거주 집상태 좋음",25.07.21,"['25년이내', '방세개', '화장실두개', '세대당1대']",서향,19110161.863077052
경기도,용인시 기흥구,보정동,죽전자이2차(주상복합),매매,1동,저/13,630000000,121.09,OWNER,"거실확장,작은방,샷시2중됨 용인플랫폼시티수혜",25.07.09,"['25년이내', '방세개', '화장실두개', '세대당1대']",서향,17199145.676769346
경기도,용인시 기흥구,보정동,죽전자이2차(주상복합),매매,1동,중/13,650000000,121.09,DOC,"전망.일조권좋음,기본,남향같은 북향,  깨끗,  용인플랫폼시티 수혜지역.",25.07.14,"['25년이내', '화장실두개', '방세개', '중층']",북향,17745150.30142869
경기도,용인시 기흥구,보정동,죽전자이2차(주상복합),매매,1동,고/13,750000000,121.09,DOC,"확장,조망.일조권최상,깨끗수리3년,용인플랫폼시티 수혜지역.주인거주.",25.07.14,"['25년이내', '화장실두개', '방세개', '고층']",남서향,20475173.42472541
경기도,용인시 기흥구,보정동,죽전자이2차(주상복합),매매,1동,중/13,700000000,121.09,DOC,,25.07.11,"['25년이내', '화장실두개', '방세개', '중층']",서향,19110161.863077052
경기도,용인시 기흥구,보정동,죽전자이2차(주상복합),매매,1동,중/13,630000000,121.09,DOC,"확트인뷰,일부확장,플랫폼시티수혜지역,보정역세권,학군우수,교통및생활편리",25.06.27,"['25년이내', '방세개', '화장실두개', '중층']",북동향,17199145.676769346
경기도,용인시 기흥구,보정동,죽전자이2차(주상복합),매매,1동,중/13,650000000,121.09,DOC,"확장.북박이장.바닥 백색타이루.인덕션설치,올수리.깨끗,플랫폼시티수혜.",25.06.23,"['25년이내', '올수리', '화장실두개', '방세개']",서향,17745150.30142869
경기도,용인시 기흥구,보정동,죽전자이2차(주상복합),매매,1동,6/13,650000000,121.09,NONE,보정역 GTX 구성역세권 용인플랫폼시티 수혜,25.07.01,"['25년이내', '방세개', '화장실두개', '중층']",서향,17745150.30142869
경기도,용인시 기흥구,보정동,죽전자이2차(주상복합),매매,1동,5/13,670000000,121.01,OWNER,"특올수리,보정역세권",25.07.09,"['25년이내', '올수리', '방세개', '화장실두개']",서향,18303247.2522932
경기도,용인시 기흥구,보정동,죽전자이2차(주상복합),매매,1동,12/13,650000000,120.99,OWNER,｜36.｜확장형｜트인 전망｜GTX  플랫폼시티｜미래가치투자｜,25.07.10,"['25년이내', '방세개', '화장실두개', '고층']",동향,17759816.92701876
경기도,용인시 기흥구,보정동,죽전자이2차(주상복합),전세,1동,중/13,420000000,120.8,OWNER,"아주귀한전세,기본형,뷰좋음,넓은베란다,조용함,보정역세권,학군우수,교통편리",25.07.10,"['25년이내', '방세개', '화장실두개', '중층']",남동향,11493623.344370862
경기도,용인시 기흥구,보정동,죽전자이2차(주상복합),매매,1동,저/13,650000000,120.41,DOC,"확장넓은집, 전세안고, 조용한집, 용인플랫폼시티 수혜지역.",25.07.21,"['25년이내', '화장실두개', '방세개', '세대당1대']",동향,17845363.75716303
경기도,용인시 기흥구,보정동,죽전테라스앤139(도시형),매매,111동,2/4,960000000,140.02,OWNER,선물같은 테라스에서의 여유 방3 욕실3,25.07.04,"['2년이내', '테라스', '복층', '대형평수']",북향,22665002.142551064
경기도,용인시 기흥구,보정동,죽전테라스앤139(도시형),매매,111동,2/4,960000000,140.02,OWNER,"B타입 총3층 방3, 욕실3 넓은테라스 여유로운삶 생활교통 편리",25.06.27,"['2년이내', '테라스', '복층', '대형평수']",북향,22665002.142551064
경기도,용인시 기흥구,보정동,죽전테라스앤139(도시형),매매,108동,고/4,1000000000,138.76,DOC,"세안고, 남향으로 창이 나있음. 전망좋은",25.07.19,"['2년이내', '복층', '대형평수', '방세개']",북향,23823760.449697323
경기도,용인시 기흥구,보정동,죽전힐데스하임1차,전세,104동,저/4,1600000000,282.49,DOC,"올수리된 귀한 전세, 조용하고 쾌적한 주변 환경, 그림같은 뷰",25.07.07,"['10년이내', '올수리', '대형평수', '방세개']",남동향,18723692.87408404
경기도,용인시 기흥구,보정동,죽전힐데스하임1차,매매,101동,저/3,2500000000,273.65,NDOC1,주인직접 용인 죽전힐데스하임1차 매매 하이엔드 올리모델링 세대,25.07.21,"['10년이내', '대형평수', '방세개', '화장실두개']",남동향,30200849.62543395
경기도,용인시 기흥구,보정동,죽전힐데스하임1차,매매,104동,고/4,2800000000,271.18,NDOC1,"소유주 직접의뢰, 환상적인뷰, 최상의컨디션, 복층구조, 펜트하우스",25.07.15,"['10년이내', '복층', '대형평수', '방세개']",남향,34133040.78471864
경기도,용인시 기흥구,보정동,죽전힐데스하임1차,매매,103동,중/4,2300000000,270.43,OWNER,"최상급 주방수리, 깔끔한 내부와 시원한 외부, 조용하고 관리되는 단지 ",25.07.14,"['10년이내', '주방교체', '대형평수', '방세개']",남향,28115614.022112932
경기도,용인시 기흥구,보정동,죽전힐데스하임1차,매매,103동,1/4,2500000000,270.31,OWNER,"올수리 컨디션 최최상급, 한성CC 골프장뷰, 엄청 깨끗한집",25.06.30,"['10년이내', '올수리', '1층', '대형평수']",남서향,30574016.86952018
경기도,용인시 기흥구,보정동,죽전힐데스하임1차,매매,103동,1/4,2080000000,269.36,OWNER,최근특올수리 넓은마당 정원사용 조망굿,25.07.19,"['10년이내', '올수리', '마당', '1층']",남향,25527297.2972973
경기도,용인시 기흥구,보정동,죽전힐데스하임1차,매매,103동,2/4,1950000000,269.36,OWNER,급 한성cc녹지뷰 최고급타운하우스  조용쾌적 ,25.07.14,"['10년이내', '대형평수', '방세개', '화장실두개']",남향,23931841.216216218
경기도,용인시 기흥구,보정동,죽전힐데스하임1차,매매,103동,4/4,2250000000,260.18,OWNER,"시원한 뷰와 높은 층고 보유한 탑층, 소음과 주차걱정 없는 타운하우스",25.07.21,"['10년이내', '대형평수', '탑층', '방세개']",남서향,28587963.140902452
경기도,용인시 기흥구,보정동,죽전힐스테이트,매매,104동,1/3,1930000000,276.55,OWNER,"금액협의가,뒷데크 좋은 집, 일부수리와 직접관리로 상태 좋은 집, 복층형",25.07.11,"['25년이내', '1층', '복층', '대형평수']",남향,23070566.082082804
경기도,용인시 기흥구,보정동,죽전힐스테이트,매매,102동,1/3,2100000000,272.47,DOC,"주방 특올수리, 최근 수리된 밝고 따듯한 고급 타운하우스",25.07.17,"['25년이내', '올수리', '1층', '복층']",남향,25478579.293133188
경기도,용인시 기흥구,보정동,죽전힐스테이트,매매,103동,1/3,2200000000,270.55,OWNER,"세안고 가능, 협의하여 실입주도 가능, 초입동 정남향 밝은 집",25.07.21,"['25년이내', '1층', '복층', '대형평수']",남향,26881267.787839588
경기도,용인시 기흥구,보정동,죽전힐스테이트,월세,103동,1/3,10억/350,270.55,OWNER,보증금 월세 협의가능 럭셔리타운하우스 복층형 햇살쏟아지는 테라스,25.07.15,"['25년이내', '테라스', '1층', '복층']",남향,
경기도,용인시 기흥구,보정동,죽전힐스테이트,매매,103동,1/3,2100000000,268.32,OWNER,"화이트톤 올인테리어, 밝은 정남향, 관리 최상 타운하우스",25.07.16,"['25년이내', '1층', '복층', '대형평수']",남향,25872646.46690519
경기도,용인시 기흥구,보정동,죽전힐스테이트,매매,104동,저/3,2300000000,268.32,OWNER,고급타운하우스 지하대형멀티룸 바닥전기판넬 뒤정원데크 안방붙박이장,25.07.07,"['25년이내', '마당', '대형평수', '방네개이상']",남향,28336708.035181876
경기도,용인시 기흥구,보정동,죽전힐스테이트,매매,102동,3/3,2000000000,249.83,OWNER,"매매가 조율가, 층간소음없는 탑층, 주방 옆 테라스, 보안 및 관리 철저",25.07.07,"['25년이내', '테라스', '대형평수', '탑층']",남향,26464275.707481086
경기도,용인시 기흥구,보정동,죽전힐스테이트,매매,101동,2/3,1450000000,205.16,OWNER,트인전망 학교및 근린상가 이용편리 최고급자재 조정가능 ,25.07.18,"['25년이내', '대형평수', '방네개이상', '화장실세개']",남향,23364146.27607721
경기도,용인시 기흥구,보정동,죽전힐스테이트,월세,102동,2/3,1억/450,205.16,DOC,"조용하고 고급타운하우스,월세5억250만가능.인프라굿,입주하시",25.07.21,"['25년이내', '대형평수', '방네개이상', '화장실세개']",남향,
경기도,용인시 기흥구,보정동,죽전힐스테이트,전세,102동,2/3,1200000000,205.16,DOC,"조용하고 고급타운하우스,월세5억250만가능.인프라굿,입주하시",25.07.17,"['25년이내', '대형평수', '방네개이상', '화장실세개']",남향,19335845.193994932
경기도,용인시 기흥구,보정동,죽전힐스테이트,매매,101동,3/3,1900000000,205.16,DOC,"모던하게 올수리된 타운하우스 탑층, 입지 좋고 지정주차",25.07.16,"['25년이내', '올수리', '대형평수', '탑층']",남향,30615088.22382531
경기도,용인시 기흥구,보정동,죽전힐스테이트,매매,102동,2/3,1500000000,205.16,DOC,"조용하고 고급타운하우스,월세5억250만가능.인프라굿,입주하시",25.07.11,"['25년이내', '대형평수', '방네개이상', '화장실세개']",남향,24169806.492493663
경기도,용인시 기흥구,보정동,죽전힐스테이트,매매,102동,3/3,2300000000,205.16,DOC,"특올수리 펜트, 층고 8미터, 남동향 아침햇빛 잘 들어오는 집",25.06.30,"['25년이내', '올수리', '대형평수', '탑층']",남동향,37060369.95515695
경기도,용인시 기흥구,보정동,죽전힐스테이트,매매,102동,저/3,1750000000,205.16,DOCV2,개별 데크 타운하우스 도보학교상권 편함 금액협의가능 입주협의,25.07.01,"['25년이내', '대형평수', '방네개이상', '화장실세개']",남향,28198107.574575942
경기도,용인시 기흥구,보정동,죽전힐스테이트테라스하우스,매매,101동,3/3,2600000000,238.13,DOC,"최상급 귀한매물, 넓은 단독정원. 고품격타운하우스.주변인프라풍부한위치",25.06.30,"['25년이내', '마당', '대형평수', '탑층']",남향,36093902.490236424
경기도,용인시 기흥구,보정동,죽전힐스테이트테라스하우스,매매,102동,고/3,2500000000,237.96,OWNER,"도심속 최상급 입지와 뷰를 가진 타운하우스, 넓은 개인마당과 다락방",25.07.21,"['25년이내', '마당', '대형평수', '방네개이상']",남향,34730469.40662296
경기도,용인시 기흥구,보정동,죽전힐스테이트테라스하우스,매매,101동,2/3,2530000000,233.21,OWNER,로얄동 로얄층 귀한입주매물 정원관리 아주 잘된집,25.07.17,"['25년이내', '마당', '대형평수', '방네개이상']",남향,35863110.71566399
경기도,용인시 기흥구,보정동,죽전힐스테이트테라스하우스,매매,101동,중/3,2300000000,233.21,DOC,,25.07.15,"['25년이내', '대형평수', '방네개이상', '화장실두개']",남향,32602827.923330903
경기도,용인시 기흥구,보정동,죽전힐스테이트테라스하우스,매매,102동,중/3,2600000000,233.05,OWNER,특 올수리 전망 좋고 품격 있는 럭셔리한 타운하우스,25.07.21,"['25년이내', '올수리', '대형평수', '방네개이상']",남향,36880673.675177
경기도,용인시 기흥구,보정동,죽전힐스테이트테라스하우스,전세,101동,1/3,1250000000,232.01,DOC,"귀한 테라스하우스 전세, 연말 입주가능, 단독주택 장점있는 타운하우스 ",25.07.10,"['25년이내', '테라스', '1층', '대형평수']",남향,17810573.897676826
경기도,용인시 기흥구,보정동,죽전힐스테이트테라스하우스,매매,101동,저/3,1850000000,232.01,DOC,,25.07.03,"['25년이내', '대형평수', '방네개이상', '화장실한개']",남향,26359649.368561704
경기도,용인시 기흥구,보정동,죽전힐스테이트테라스하우스,매매,102동,저/3,2500000000,219.78,OWNER,"프라이빗 알파룸,추가 멀티룸 3개, 추가 거실 보유, 갤러리 및 취미공간",25.07.11,"['25년이내', '대형평수', '방네개이상', '화장실두개']",남향,37603341.97834198
경기도,용인시 기흥구,보정동,죽전힐스테이트테라스하우스,전세,102동,저/3,1200000000,219.78,DOC,입주협의 수리된.이쁜 정원 고급 품격있는 타운하우스,25.07.18,"['25년이내', '마당', '대형평수', '방네개이상']",남향,18049604.149604153
경기도,용인시 기흥구,보정동,죽전힐스테이트테라스하우스,월세,102동,저/3,2억/400,219.78,DOC,입주협의 수리된.이쁜 정원 고급 품격있는 타운하우스,25.07.05,"['25년이내', '마당', '대형평수', '방네개이상']",남향,
경기도,용인시 기흥구,보정동,죽전힐스테이트테라스하우스,매매,102동,저/3,1800000000,219.78,DOC,"넓은 개인 테라스 정원,  주변 편리한 인프라, 고품격 타운하우스",25.07.05,"['25년이내', '테라스', '마당', '대형평수']",남향,27074406.224406224
경기도,용인시 기흥구,보정동,죽전힐스테이트테라스하우스,매매,102동,저/3,1900000000,219.78,DOC,마당있는2층아파트. 일조권최상.학군이 우수함.주거편의시설접근성양호,25.06.26,"['25년이내', '마당', '대형평수', '방네개이상']",남향,28578539.903539903
경기도,용인시 기흥구,보정동,죽현마을동원로얄듀크,매매,307동,중/18,1420000000,178.63,OWNER,특올수리 완전 깔끔 전망굿 정상,25.07.21,"['25년이내', '올수리', '대형평수', '방네개이상']",남향,26278982.81363713
경기도,용인시 기흥구,보정동,죽현마을동원로얄듀크,매매,308동,저/18,1360000000,178.63,OWNER,협의가능 확장 화이트수리 마음편안해지는 초록전망 생활교통 편리,25.07.18,"['25년이내', '대형평수', '방네개이상', '화장실두개']",남향,25168603.258131333
경기도,용인시 기흥구,보정동,죽현마을동원로얄듀크,매매,308동,고/18,1400000000,178.63,OWNER,"화이트톤 특올수리, 채광좋은 정남향, 명문학군은 물론 플랫폼시티 호재까지",25.07.14,"['25년이내', '올수리', '대형평수', '방네개이상']",남향,25908856.295135196
경기도,용인시 기흥구,보정동,죽현마을동원로얄듀크,매매,301동,4/17,1300000000,152.28,OWNER,사진 협의가능 올수리올확장 화이트인테리어 초록전망 생활 편리한동,25.07.21,"['25년이내', '올수리', '대형평수', '방네개이상']",남향,28221174.80956134
경기도,용인시 기흥구,보정동,죽현마을동원로얄듀크,매매,311동,4/23,1350000000,152.28,OWNER,햇살가득 들어오는집 올수리확장 생활교통 편리 독정초 신촌중 학군,25.07.18,"['25년이내', '올수리', '대형평수', '방네개이상']",남향,29306604.60992908
경기도,용인시 기흥구,보정동,죽현마을동원로얄듀크,월세,301동,5/17,3억/250,152.28,OWNER,사진 최신인테리어 특올수리확장 멋진뷰 생활교통 편리 독청초 신촌중학군,25.07.17,"['25년이내', '올수리', '대형평수', '방네개이상']",남향,
경기도,용인시 기흥구,보정동,죽현마을동원로얄듀크,매매,301동,저/17,1420000000,152.28,OWNER,전체특올수리 단지조경뷰좋음  죽전역 명문학군 인기학원밀집 종합복지회관건립,25.07.19,"['25년이내', '올수리', '대형평수', '방네개이상']",남향,30826206.330443922
경기도,용인시 기흥구,보정동,죽현마을동원로얄듀크,매매,301동,고/17,1450000000,152.28,OWNER,최고 전망 트인 녹지 뷰  보정동 최고의 아파트,25.07.19,"['25년이내', '대형평수', '방네개이상', '화장실두개']",남향,31477464.210664567
경기도,용인시 기흥구,보정동,죽현마을동원로얄듀크,매매,301동,중/17,1450000000,152.28,OWNER,"용인 최고 학군 독정초 배정, 슬리퍼 상권 이용 가능, 개발호재는 덤",25.07.15,"['25년이내', '대형평수', '방네개이상', '화장실두개']",남향,31477464.210664567
경기도,용인시 기흥구,보정동,죽현마을동원로얄듀크,매매,311동,2/23,1200000000,152.28,OWNER,"세안고, 거실 방 확장, 슬리퍼상권 죽전역 보정역 편하게 도보 가능",25.07.07,"['25년이내', '대형평수', '방네개이상', '화장실두개']",남향,26050315.20882585
경기도,용인시 기흥구,보정동,죽현마을동원로얄듀크,매매,301동,중/17,1450000000,152.28,OWNER,협의가능 멋진뷰 정문과 가까워 생활 편리한동 독정초 신촌중학군,25.07.11,"['25년이내', '대형평수', '방네개이상', '화장실두개']",남향,31477464.210664567
경기도,용인시 기흥구,보정동,죽현마을동원로얄듀크,매매,311동,고/23,1400000000,152.28,OWNER,협의가능 올수리확장 채광좋은집 생활교통 편리,25.07.09,"['25년이내', '올수리', '대형평수', '방네개이상']",남향,30392034.410296824
경기도,용인시 기흥구,보정동,죽현마을동원로얄듀크,매매,301동,고/17,1450000000,152.28,OWNER,"로얄동층, 최근특올수리, 몸만들어오세요, 상가,주차편의최고,독정초배정",25.07.08,"['25년이내', '올수리', '대형평수', '방네개이상']",남향,31477464.210664567
경기도,용인시 기흥구,보정동,죽현마을동원로얄듀크,매매,311동,1/23,1250000000,152.28,NDOC1,"층간소음제로, 커뮤니티 연결, 주차장편리,독정초배정,복지센터",25.07.01,"['25년이내', '1층', '대형평수', '방네개이상']",남향,27135745.00919359
경기도,용인시 기흥구,보정동,죽현마을동원로얄듀크,매매,311동,고/23,1420000000,152.28,OWNER,올수리확장 화이트인테리어 멋진뷰 생활교통 편리,25.07.04,"['25년이내', '올수리', '대형평수', '방네개이상']",남향,30826206.330443922
경기도,용인시 기흥구,보정동,죽현마을동원로얄듀크,매매,311동,고/23,1370000000,152.28,DOC,협의가능 밝고환한집 생활교통 편리 독정초 신촌중학군,25.06.26,"['25년이내', '대형평수', '방네개이상', '화장실두개']",남향,29740776.53007618
경기도,용인시 기흥구,보정동,죽현마을동원로얄듀크,매매,301동,14/17,1100000000,109.6,OWNER,"올수리, 올확장, 입주협의, 밝고 환한 집, 학군우수, 교통편리",25.07.18,"['25년이내', '올수리', '방세개', '화장실두개']",남향,33178499.087591246
경기도,용인시 기흥구,보정동,죽현마을동원로얄듀크,매매,310동,9/19,1010000000,109.6,OWNER,올확장올수리 밝고환한집 생활교통 편리 독정초 신촌중학군,25.07.17,"['25년이내', '올수리', '방세개', '화장실두개']",남향,30463894.616788324
경기도,용인시 기흥구,보정동,죽현마을동원로얄듀크,매매,310동,6/19,1080000000,109.6,NDOC1,"올수리, 로얄 동 층, 잔잔한 단지조망, 독정초배정학군, 복지센터준공임박",25.07.16,"['25년이내', '올수리', '방세개', '화장실두개']",남향,32575253.64963504
경기도,용인시 기흥구,보정동,죽현마을동원로얄듀크,매매,303동,고/17,1050000000,109.6,OWNER,금액조절 주인전세 최근올수리 명문학군 플랫폼시티수혜단지,25.07.21,"['25년이내', '올수리', '방세개', '화장실두개']",남향,31670385.492700733
경기도,용인시 기흥구,보정동,죽현마을동원로얄듀크,매매,303동,고/17,1080000000,109.6,OWNER,"특올수리, 시스템에어컨, 올확장, 몸만들어오세요",25.07.19,"['25년이내', '올수리', '방세개', '화장실두개']",남향,32575253.64963504
경기도,용인시 기흥구,보정동,죽현마을동원로얄듀크,매매,313동,중/21,1050000000,109.6,OWNER,매매가협의가능 확장 밝고환한집 로얄동 로얄층 큰솔공원전망 독정초 신촌중,25.07.18,"['25년이내', '방세개', '화장실두개', '중층']",남향,31670385.492700733
경기도,용인시 기흥구,보정동,죽현마을동원로얄듀크,매매,313동,저/21,1050000000,109.6,DOC,확장 올수리 깨끗한 남향집 명문학군 죽전역보정역 종합복지회관건립 상권편리,25.07.19,"['25년이내', '올수리', '방세개', '화장실두개']",남향,31670385.492700733
경기도,용인시 기흥구,보정동,죽현마을동원로얄듀크,매매,301동,13/17,1020000000,109.6,OWNER,세안고 밝고환한집 정문가까운동 생활교통 편리,25.07.01,"['25년이내', '방세개', '화장실두개', '고층']",남향,30765517.335766427
경기도,용인시 기흥구,보정동,죽현마을동원로얄듀크,매매,310동,중/19,1050000000,109.6,OWNER,특올수리올확장 생활교통 편리 독정초 신촌중 학군,25.07.04,"['25년이내', '올수리', '방세개', '화장실두개']",남향,31670385.492700733
경기도,용인시 기흥구,보정동,죽현마을동원로얄듀크,매매,313동,저/21,980000000,109.6,OWNER,올수리 확장 초록나무뷰 생활편리한 로얄동 독정초 신촌중학군,25.07.03,"['25년이내', '올수리', '방세개', '화장실두개']",남향,29559026.459854018
경기도,용인시 기흥구,보정동,죽현마을동원로얄듀크,매매,304동,18/18,1100000000,109.6,OWNER,"탑복층,수리확장, 최고의전망채광, 뻥뷰, 귀한매물",25.06.26,"['25년이내', '복층', '탑층', '방세개']",남향,33178499.087591246
경기도,용인시 기흥구,보정동,죽현마을동원로얄듀크,매매,304동,저/18,980000000,109.6,OWNER,세안고 밝고환한집 올확장수리 생활교통 편리,25.06.27,"['25년이내', '방세개', '화장실두개', '세대당1대']",남향,29559026.459854018
경기도,용인시 기흥구,보정동,죽현마을동원로얄듀크,매매,303동,저/17,980000000,109.6,OWNER,확장일부수리 햇살가득들어오는집 생활교통편리 독정초 신촌중학군,25.06.27,"['25년이내', '방세개', '화장실두개', '세대당1대']",남향,29559026.459854018
경기도,용인시 기흥구,보정동,죽현마을동원로얄듀크,매매,310동,저/19,940000000,109.6,OWNER,"실입주 가능, 용인 최고학군, 플랫폼시티 물들어올 때 기회 잡으세요",25.06.25,"['25년이내', '방세개', '화장실두개', '세대당1대']",남향,28352535.58394161
경기도,용인시 기흥구,보정동,죽현마을동원로얄듀크,매매,310동,저/19,920000000,109.6,OWNER,세안고 잔잔한조경뷰 동간거리넓음 명문학군 죽전역도보10분 플랫폼시티수혜,25.06.23,"['25년이내', '방세개', '화장실두개', '세대당1대']",남향,27749290.145985406
경기도,용인시 기흥구,보정동,죽현마을아이파크,매매,207동,11/24,850000000,105.99,OWNER,"투자굿, 욕실제외리모델링, 화단철거, 비확장, 선호높은동층라인",25.07.21,"['25년이내', '대단지', '방세개', '화장실두개']",남향,26511154.35418436
경기도,용인시 기흥구,보정동,죽현마을아이파크,매매,208동,13/20,920000000,105.99,OWNER,"학교가까운 인기로얄동.층.라인, 예쁜뷰, 채광굿, 관리잘된,비확장",25.07.21,"['25년이내', '대단지', '방세개', '화장실두개']",남향,28694425.889234833
경기도,용인시 기흥구,보정동,죽현마을아이파크,매매,207동,2/24,820000000,105.99,OWNER,"상가, 학교 근접 최적 거리 동, 아담한 조경 뷰, 초품아,중품아",25.07.21,"['25년이내', '대단지', '방세개', '화장실두개']",남향,25575466.553448442
경기도,용인시 기흥구,보정동,죽현마을아이파크,매매,210동,1/24,900000000,105.99,OWNER,2024년샷시전체교체 작은방2확장 씽크대와화장실수리 완벽한수리 강추매물,25.07.21,"['25년이내', '대단지', '1층', '욕실수리']",남향,28070634.022077557
경기도,용인시 기흥구,보정동,죽현마을아이파크,매매,204동,13/20,870000000,105.99,OWNER,"중문, 화단철거 폴딩도어 슬리퍼상권 주인거주중",25.07.19,"['25년이내', '대단지', '방세개', '화장실두개']",남향,27134946.22134164
경기도,용인시 기흥구,보정동,죽현마을아이파크,매매,211동,2/24,850000000,105.99,OWNER,주인거주로 편하게 입주일 협의 조용한 동,25.07.19,"['25년이내', '대단지', '방세개', '화장실두개']",남향,26511154.35418436
경기도,용인시 기흥구,보정동,죽현마을아이파크,매매,209동,4/20,850000000,105.99,OWNER,세안고 편안한 정원 뷰,25.07.19,"['25년이내', '대단지', '방세개', '화장실두개']",남향,26511154.35418436
경기도,용인시 기흥구,보정동,죽현마을아이파크,매매,214동,17/20,1050000000,105.99,NDOC1,입주가능 올확장 부분수리 탁트인뷰 초중고인접 교통편리 풍부한상권,25.07.19,"['25년이내', '대단지', '방세개', '화장실두개']",남향,32749073.02575715
경기도,용인시 기흥구,보정동,죽현마을아이파크,매매,205동,16/20,880000000,105.99,NDOC1,추천 입주언제나가능 씽크대교체 부분수리함 조건좋음  탁트인뷰 로얄동,25.07.19,"['25년이내', '대단지', '방세개', '화장실두개']",남향,27446842.15492028
경기도,용인시 기흥구,보정동,죽현마을아이파크,전세,205동,18/20,580000000,105.99,OWNER, 작은방2개확장 상가 이용 편리한 로얄동층 이사협의,25.07.18,"['25년이내', '대단지', '방두개', '화장실두개']",남향,18089964.147561092
경기도,용인시 기흥구,보정동,죽현마을아이파크,매매,215동,21/22,900000000,105.99,OWNER,"멋진 골프장 전망, 거실,방확장, 입주가능",25.07.18,"['25년이내', '대단지', '방세개', '화장실두개']",남향,28070634.022077557
경기도,용인시 기흥구,보정동,죽현마을아이파크,매매,202동,4/22,850000000,105.99,OWNER,"추천 입주매물, 예쁜 전망, 깔끔관리, 상가교통 편리",25.07.18,"['25년이내', '대단지', '방세개', '화장실두개']",남향,26511154.35418436
경기도,용인시 기흥구,보정동,죽현마을아이파크,매매,206동,8/24,850000000,105.99,OWNER,올확장 전망좋은집 명문학군 인기학원밀집 죽전역보정역 종합복지회관건립중,25.07.18,"['25년이내', '대단지', '방세개', '화장실두개']",남향,26511154.35418436
경기도,용인시 기흥구,보정동,죽현마을아이파크,매매,206동,9/24,850000000,105.99,OWNER,"강추, 최근 화이톤으로 수리된 집, 5.5억 세안고",25.07.16,"['25년이내', '대단지', '방세개', '화장실두개']",남향,26511154.35418436
경기도,용인시 기흥구,보정동,죽현마을아이파크,매매,204동,12/20,900000000,105.99,OWNER,"거실확장 ,방1확장 앞이트여 밝고 따뜻함, 상가이용편리, 입주일협의 가능",25.07.16,"['25년이내', '대단지', '방세개', '화장실두개']",남향,28070634.022077557
경기도,용인시 기흥구,보정동,죽현마을아이파크,매매,203동,3/21,830000000,105.99,OWNER,씽크대교체   조경뷰 독정초근접 상가이용편리 대중교통편리 ,25.07.14,"['25년이내', '대단지', '방세개', '화장실두개']",남향,25887362.487027083
경기도,용인시 기흥구,보정동,죽현마을아이파크,매매,209동,11/20,900000000,105.99,OWNER,전체올수리 거실및 남쪽벙확장 화단철거 씽크대 화장실 교체 led등 교체 ,25.07.14,"['25년이내', '올수리', '대단지', '방세개']",남향,28070634.022077557
경기도,용인시 기흥구,보정동,죽현마을아이파크,매매,202동,11/22,900000000,105.99,OWNER,"특올수리샷시포함 올확장, 주인거주, 입구동 으로 생활편의시설 용이",25.07.14,"['25년이내', '올수리', '대단지', '방세개']",남향,28070634.022077557
경기도,용인시 기흥구,보정동,죽현마을아이파크,매매,203동,21/21,1000000000,105.99,OWNER,입주  복층  확장형 구올수리  컨디션굿,25.07.14,"['25년이내', '올수리', '대단지', '복층']",남향,31189593.35786395
경기도,용인시 기흥구,보정동,죽현마을아이파크,매매,204동,15/20,930000000,105.99,OWNER,올화이트올확장 트인뷰까지 굿 남녀노소인기동,25.07.11,"['25년이내', '대단지', '방세개', '화장실두개']",남향,29006321.822813474
경기도,용인시 기흥구,보정동,죽현마을아이파크,전세,205동,20/20,620000000,105.99,OWNER,탑층복층  거실확장 주인거주 입주일협의가능 귀한 전세 ,25.07.10,"['25년이내', '대단지', '복층', '탑층']",남향,19337547.88187565
경기도,용인시 기흥구,보정동,죽현마을아이파크,매매,210동,8/24,850000000,105.99,OWNER,관리잘된 위치편리한 주인거주 따뜻하고 해잘드는 집,25.07.10,"['25년이내', '대단지', '방세개', '화장실두개']",남향,26511154.35418436
경기도,용인시 기흥구,보정동,죽현마을아이파크,매매,206동,5/24,850000000,105.99,OWNER,세안고 도배led교체 깨끗한 기본집,25.07.10,"['25년이내', '대단지', '방세개', '화장실두개']",남향,26511154.35418436
경기도,용인시 기흥구,보정동,죽현마을아이파크,전세,202동,1/22,470000000,105.99,OWNER,층간소음 걱정 없이  아이키우기 좋아요 상가이용 편리한동 수리협의,25.07.10,"['25년이내', '대단지', '1층', '방세개']",남향,14659108.878196057
경기도,용인시 기흥구,보정동,죽현마을아이파크,매매,210동,고/24,870000000,105.99,OWNER,"세안고, 기본, 사이드뷰",25.07.15,"['25년이내', '대단지', '방세개', '화장실두개']",남향,27134946.22134164
경기도,용인시 기흥구,보정동,죽현마을아이파크,매매,205동,18/20,900000000,105.99,OWNER,정상입주 로얄동층 라인 좋아요 채광굿 ,25.07.07,"['25년이내', '대단지', '방세개', '화장실두개']",남향,28070634.022077557
경기도,용인시 기흥구,보정동,죽현마을아이파크,매매,205동,1/20,820000000,105.99,NDOC1,"확장, 화이트, 공원 바로앞,맘껏 뛰어 놀아요,층간소음 걱정없어요",25.07.05,"['25년이내', '대단지', '1층', '방세개']",남향,25575466.553448442
경기도,용인시 기흥구,보정동,죽현마을아이파크,매매,214동,7/20,850000000,105.99,OWNER,올확장 넉넉한 잔금일 조용한 조경뷰 주인거주 ,25.07.05,"['25년이내', '대단지', '방세개', '화장실두개']",남향,26511154.35418436
경기도,용인시 기흥구,보정동,죽현마을아이파크,매매,208동,11/20,950000000,105.99,NDOC1,올확장 최고로얄동층라인 전망 굿 이사협의,25.07.04,"['25년이내', '대단지', '방세개', '화장실두개']",남향,29630113.689970754
경기도,용인시 기흥구,보정동,죽현마을아이파크,매매,211동,7/24,850000000,105.99,OWNER,수리된5.6세안고 셔틀편리안전 사이뷰 ,25.07.03,"['25년이내', '대단지', '방세개', '화장실두개']",남향,26511154.35418436
경기도,용인시 기흥구,보정동,죽현마을아이파크,매매,214동,15/20,950000000,105.99,OWNER,"골프장전망, 입주가능, 깔끔관리",25.07.03,"['25년이내', '대단지', '방세개', '화장실두개']",남향,29630113.689970754
경기도,용인시 기흥구,보정동,죽현마을아이파크,매매,205동,중/20,850000000,105.99,DOC,추천 일부수리 로얄동 학군 상가 교통이용편리,25.07.19,"['25년이내', '대단지', '방세개', '화장실두개']",남향,26511154.35418436
경기도,용인시 기흥구,보정동,죽현마을아이파크,매매,212동,15/20,900000000,105.99,OWNER,골프장전망 거실 및 방2개확장  ,25.07.02,"['25년이내', '대단지', '방두개', '화장실두개']",남향,28070634.022077557
경기도,용인시 기흥구,보정동,죽현마을아이파크,매매,211동,18/24,900000000,105.99,OWNER,깨끗한 기본 집 채광 굿 이사협의,25.07.01,"['25년이내', '대단지', '방세개', '화장실두개']",남향,28070634.022077557
경기도,용인시 기흥구,보정동,죽현마을아이파크,매매,207동,저/24,905000000,105.99,OWNER,"올확장, 올리모델링, 뷰예쁜 중층,상가이용편리한선호도높은 중간동",25.07.07,"['25년이내', '대단지', '방세개', '화장실두개']",남향,28226581.988866877
경기도,용인시 기흥구,보정동,죽현마을아이파크,매매,205동,고/20,880000000,105.99,DOC,기본형 기본수리된 집  현세입자 있으며 협의입주,25.07.17,"['25년이내', '대단지', '방세개', '화장실두개']",남향,27446842.15492028
경기도,용인시 기흥구,보정동,죽현마을아이파크,매매,212동,중/20,900000000,105.99,DOCV2,세안고 선점 확트인 최고조망 거실 방2확장 폴딩도어,25.07.10,"['25년이내', '대단지', '방세개', '화장실두개']",남향,28070634.022077557
경기도,용인시 기흥구,보정동,죽현마을아이파크,매매,211동,12/24,870000000,105.99,DOC,"정상입주, 인테리어공사협조가능, 잔금길게가능, 셔틀승하차 편리한곳",25.07.08,"['25년이내', '대단지', '방세개', '화장실두개']",남향,27134946.22134164
경기도,용인시 기흥구,보정동,죽현마을아이파크,매매,202동,고/22,880000000,105.99,NDOC1,세안고 투자 26.2월이후 입주가능함 로얄동 로얄층  학군 교통 상가,25.07.03,"['25년이내', '대단지', '방세개', '화장실두개']",남향,27446842.15492028
경기도,용인시 기흥구,보정동,죽현마을아이파크,매매,202동,1/22,820000000,105.99,OWNER,입주가능 거실.방2확장. 상가이용편리한 슬세권.,25.06.25,"['25년이내', '대단지', '1층', '방세개']",남향,25575466.553448442
경기도,용인시 기흥구,보정동,죽현마을아이파크,매매,205동,9/20,920000000,105.99,OWNER,올수리 큰솔공원바로 근린상가이용편리 초중고학군우수 ,25.06.24,"['25년이내', '올수리', '대단지', '방세개']",남향,28694425.889234833
경기도,용인시 기흥구,보정동,죽현마을아이파크,매매,215동,21/22,900000000,105.99,NONE,,25.07.07,"['25년이내', '대단지', '방세개', '화장실두개']",남향,28070634.022077557
경기도,용인시 기흥구,보정동,죽현마을아이파크,전세,206동,고/24,570000000,105.99,NONE,기본 초중고 근접 학군우수 동선편리 귀한 전세 ,25.07.01,"['25년이내', '융자금없는', '대단지', '방세개']",남향,17778068.21398245
경기도,용인시 기흥구,보정동,죽현마을엘지자이,매매,103동,7/22,1350000000,197.35,OWNER,앞뒤전망굿 전체올수리 도심속전원명품아파트 초중고근접  학군우수 ,25.07.14,"['25년이내', '올수리', '대형평수', '방네개이상']",동향,22613680.01013428
경기도,용인시 기흥구,보정동,죽현마을엘지자이,매매,102동,19/25,1390000000,197.35,OWNER,최고 전망 주인관리로 집 깨끗 이사협의,25.07.11,"['25년이내', '대형평수', '방네개이상', '화장실두개']",남향,23283714.97339752
경기도,용인시 기흥구,보정동,죽현마을엘지자이,매매,103동,1/22,1190000000,197.35,OWNER,"화이트톤으로 예쁘게 수리, 입주가능, 아이있는 집 강추",25.07.11,"['25년이내', '1층', '대형평수', '방네개이상']",동향,19933540.15708133
경기도,용인시 기흥구,보정동,죽현마을엘지자이,매매,101동,3/27,1250000000,197.35,OWNER,아름다운 친환경 산전망좋은 깨끗한 집,25.07.10,"['25년이내', '대형평수', '방네개이상', '화장실두개']",남향,20938592.601976186
경기도,용인시 기흥구,보정동,죽현마을엘지자이,매매,101동,1/27,1190000000,197.35,DOC,2020년샷시제외한 화이트올수리 전체시스템에어콘 33000투자 중간라인,25.07.16,"['25년이내', '올수리', '1층', '대형평수']",남향,19933540.15708133
경기도,용인시 기흥구,보정동,죽현마을엘지자이,매매,101동,3/27,1250000000,197.35,DOC,주인거주.,25.07.14,"['25년이내', '대형평수', '방네개이상', '화장실두개']",남향,20938592.601976186
경기도,용인시 기흥구,보정동,죽현마을엘지자이,매매,101동,4/27,1250000000,197.35,DOC,"숲전망 밝고 환한집 ,  정상입주",25.07.14,"['25년이내', '대형평수', '방네개이상', '화장실두개']",남향,20938592.601976186
경기도,용인시 기흥구,보정동,죽현마을엘지자이,매매,104동,저/23,1350000000,197.35,OWNER,"전망 최고, 리조트분위기의 고급아파트",25.07.10,"['25년이내', '대형평수', '방네개이상', '화장실두개']",남향,22613680.01013428
경기도,용인시 기흥구,보정동,죽현마을엘지자이,전세,101동,중/27,900000000,197.35,DOC,정상,25.07.19,"['25년이내', '대형평수', '방네개이상', '화장실두개']",남향,15075786.673422853
경기도,용인시 기흥구,보정동,죽현마을엘지자이,매매,101동,저/27,1280000000,197.35,DOC,정상입주,25.07.18,"['25년이내', '대형평수', '방네개이상', '화장실두개']",남향,21441118.824423615
경기도,용인시 기흥구,보정동,죽현마을엘지자이,매매,101동,중/27,1500000000,197.35,DOC,"전망굿, 인프라와  학세권이 어우러진 고급아파트, 주인거주 ,관리잘된집",25.07.16,"['25년이내', '대형평수', '방네개이상', '화장실두개']",남향,25126311.122371424
경기도,용인시 기흥구,보정동,죽현마을엘지자이,매매,103동,저/22,1130000000,197.35,DOC,짧은세안고매매임,25.07.11,"['25년이내', '대형평수', '방네개이상', '화장실두개']",동향,18928487.71218647
경기도,용인시 기흥구,보정동,죽현마을엘지자이,매매,104동,고/23,1400000000,197.35,DOC,"골프장뷰 최상, 로얄동, 별장같은 고급아파트",25.07.10,"['25년이내', '대형평수', '방네개이상', '화장실두개']",남향,23451223.71421333
경기도,용인시 기흥구,보정동,죽현마을엘지자이,매매,104동,고/23,1520000000,197.35,OWNER,"104동만의 특별한 바꿀수없는 골프장그린액자뷰, 화이트톤 올수리, 올확장",25.06.23,"['25년이내', '올수리', '대형평수', '방네개이상']",남향,25461328.604003046
경기도,용인시 기흥구,보정동,죽현마을엘지자이,매매,101동,중/27,1200000000,197.35,DOC,정상,25.07.02,"['25년이내', '대형평수', '방네개이상', '화장실두개']",남향,20101048.89789714
경기도,용인시 기흥구,보정동,죽현마을엘지자이,매매,103동,고/22,1250000000,197.35,DOC,급매.한성CC 조망권이 멋진 명품 아파트 급매합니다,25.06.30,"['25년이내', '급매', '대형평수', '방네개이상']",동향,20938592.601976186
경기도,용인시 기흥구,보정동,죽현마을엘지자이,매매,104동,고/23,1320000000,197.35,DOC, 남향이며 기본상태임,25.06.27,"['25년이내', '대형평수', '방네개이상', '화장실두개']",남향,22111153.78768685
경기도,용인시 기흥구,보정동,죽현마을엘지자이,매매,102동,고/25,1400000000,197.35,DOC,"환상적인 골프장뷰, 최고급 아파트, 가격,입주시기 협의",25.06.24,"['25년이내', '대형평수', '방네개이상', '화장실두개']",남향,23451223.71421333
경기도,용인시 기흥구,보정동,행원마을동아솔레시티,매매,109동,중/18,1450000000,295.98,OWNER,정원조망 집상태 양호  보정역세권 초중고 도보가,25.07.17,"['25년이내', '마당', '대단지', '대형평수']",동향,16194973.477937698
경기도,용인시 기흥구,보정동,행원마을동아솔레시티,월세,133동,고/18,1억/300,295.98,OWNER,로얄동.전망굿.상태아주양호함.하시입주가능,25.07.17,"['25년이내', '융자금없는', '대단지', '대형평수']",남서향,
경기도,용인시 기흥구,보정동,행원마을동아솔레시티,매매,132동,저/20,1400000000,295.98,OWNER,  강력추천 로얄동 잔잔한숲전망 주인거주깨끗하게관리 입주협의가능,25.07.17,"['25년이내', '대단지', '대형평수', '방네개이상']",남동향,15636526.116629502
경기도,용인시 기흥구,보정동,행원마을동아솔레시티,매매,132동,고/20,2000000000,295.98,OWNER,｜최고의 로얄동｜최고급인테리어｜환상적인 골프장뷰｜로얄층 일호라인｜,25.07.15,"['25년이내', '대단지', '대형평수', '방네개이상']",남동향,22337894.45232786
경기도,용인시 기흥구,보정동,행원마을동아솔레시티,매매,133동,고/18,1800000000,295.98,OWNER,강추매물  로얄동선호층  환상전망  GTX플랫폼시티개발수혜,25.07.15,"['25년이내', '대단지', '대형평수', '방네개이상']",남서향,20104105.007095076
경기도,용인시 기흥구,보정동,행원마을동아솔레시티,매매,109동,11/18,1400000000,295.98,OWNER,빠른입주가 전망예쁨 깨끗하게 관리잘된집 플랫폼시티개발수혜,25.07.03,"['25년이내', '대단지', '대형평수', '방네개이상']",동향,15636526.116629502
경기도,용인시 기흥구,보정동,행원마을동아솔레시티,매매,132동,중/20,1800000000,295.98,DOC,,25.07.16,"['25년이내', '대단지', '대형평수', '방네개이상']",남동향,20104105.007095076
경기도,용인시 기흥구,보정동,행원마을동아솔레시티,매매,109동,저/18,1450000000,295.98,DOC,"방5화3 입주,임대가능 골프장전망 GTX 플랫폼시티 보정역세권",25.07.15,"['25년이내', '대단지', '대형평수', '방네개이상']",동향,16194973.477937698
경기도,용인시 기흥구,보정동,행원마을동아솔레시티,월세,132동,13/20,1억/350,295.98,DOC,"올수리,최고의로얄동,환상적한성cc전망,주차넉넉,입주일협의",25.07.04,"['25년이내', '올수리', '대단지', '대형평수']",남동향,
경기도,용인시 기흥구,보정동,행원마을동아솔레시티,매매,109동,저/18,1250000000,295.98,OWNER,대형평수가격좋은집 정원조망이쁜집 잔금전인테리어협조가능 주차편리함,25.06.27,"['25년이내', '마당', '대단지', '대형평수']",동향,13961184.032704912
경기도,용인시 기흥구,보정동,행원마을동아솔레시티,매매,132동,중/20,1900000000,295.98,DOC,"사계절 아름다운 액자같은 뷰, 입주일정 조율 가, 로얄동 로얄층",25.06.30,"['25년이내', '대단지', '대형평수', '방네개이상']",남동향,21220999.729711466
경기도,용인시 기흥구,보정동,행원마을동아솔레시티,매매,132동,중/20,1700000000,295.98,NONE,특올수리되어있는집 입주일협의가능 라인좋아한성골프장전망좋음,25.07.10,"['25년이내', '올수리', '대단지', '대형평수']",남동향,18987210.28447868
경기도,용인시 기흥구,보정동,행원마을동아솔레시티,매매,132동,고/20,1950000000,295.98,NONE,한성골프장 조망 및 즉시입주 가능,25.07.03,"['25년이내', '대단지', '대형평수', '방네개이상']",남동향,21779447.091019664
경기도,용인시 기흥구,보정동,행원마을동아솔레시티,매매,131동,16/20,1350000000,275.18,OWNER,특 올수리 확장.한성골프장 뷰전망.주인거주,25.07.21,"['25년이내', '올수리', '대단지', '대형평수']",남동향,16217783.814230686
경기도,용인시 기흥구,보정동,행원마을동아솔레시티,매매,130동,7/20,1200000000,275.18,OWNER,｜83.｜입주협의｜보정 역세권｜초중고 학세권｜골프장 뷰｜,25.07.14,"['25년이내', '대단지', '대형평수', '방네개이상']",남동향,14415807.83487172
경기도,용인시 기흥구,보정동,행원마을동아솔레시티,매매,135동,저/18,1350000000,275.18,OWNER,올수리 주차장넓고 쾌적함.플렛폼씨티 수혜단지,25.07.14,"['25년이내', '올수리', '대단지', '대형평수']",남서향,16217783.814230686
경기도,용인시 기흥구,보정동,행원마을동아솔레시티,매매,129동,저/20,1250000000,275.18,OWNER,o입주매물추천 o인테리어 o트인전망 o주인거주,25.07.14,"['25년이내', '대단지', '대형평수', '방네개이상']",남향,15016466.494658042
경기도,용인시 기흥구,보정동,행원마을동아솔레시티,전세,129동,1/20,720000000,275.18,OWNER,정남향 아이키우기 좋은집. 융자없음. 분당선 보정역 도보 5분,25.07.04,"['25년이내', '대단지', '1층', '대형평수']",남향,8649484.700923033
경기도,용인시 기흥구,보정동,행원마을동아솔레시티,매매,135동,중/18,1350000000,275.18,OWNER,"｜전망좋음, 깨끗｜정상｜보정역세권｜GTX 플랫폼시티 수혜단지",25.07.08,"['25년이내', '대단지', '대형평수', '방네개이상']",남향,16217783.814230686
경기도,용인시 기흥구,보정동,행원마을동아솔레시티,매매,129동,저/20,1150000000,275.18,OWNER,남향동 앞뒤정원조망 아이키우기좋은집 주차편리 상권가깝고 보정역근거리 공실,25.07.08,"['25년이내', '마당', '대단지', '대형평수']",남향,13815149.1750854
경기도,용인시 기흥구,보정동,행원마을동아솔레시티,매매,129동,고/20,1300000000,275.18,DOC,"｜주인거주,깨끗｜남향｜환상적인 골프장뷰｜보정역세권｜GTX플랫폼시티",25.07.17,"['25년이내', '대단지', '대형평수', '방네개이상']",남향,15617125.154444365
경기도,용인시 기흥구,보정동,행원마을동아솔레시티,매매,129동,중/20,1300000000,275.18,DOC,정남향  기본형 골프장숲 뷰  입주매물 보정역도보10분,25.06.24,"['25년이내', '대단지', '대형평수', '방네개이상']",남향,15617125.154444365
경기도,용인시 기흥구,보정동,행원마을동아솔레시티,월세,110동,17/18,5억/120,243.34,OWNER,수리된집 즉시입주가능 남향동으로 전망좋은집 정문가까운동 쾌적한동네,25.07.19,"['25년이내', '대단지', '대형평수', '방네개이상']",남향,
경기도,용인시 기흥구,보정동,행원마을동아솔레시티,매매,136동,6/18,1250000000,243.34,OWNER,특 올수리.GTX수혜단지.전망좋고 .하시입주가능,25.07.19,"['25년이내', '올수리', '대단지', '대형평수']",남서향,16981307.01898578
경기도,용인시 기흥구,보정동,행원마을동아솔레시티,전세,108동,10/18,700000000,243.34,OWNER,일부수리됨 아주깨끗한집 남향동 중층으로 채광좋은집 보정역근거리 주차편리,25.07.18,"['25년이내', '대단지', '대형평수', '방네개이상']",남향,9509531.930632038
경기도,용인시 기흥구,보정동,행원마을동아솔레시티,전세,108동,1/18,800000000,243.34,NDOC1,필로티1층 최근럭셔리올수리 시스템에어컨설치해줌 남향 채광좋음,25.07.18,"['25년이내', '융자금없는', '올수리', '대단지']",남향,10868036.4921509
경기도,용인시 기흥구,보정동,행원마을동아솔레시티,매매,108동,1/18,1200000000,243.34,NDOC1,필로티1층 최근럭셔리올수리 남향 채광좋음 입주가능,25.07.18,"['25년이내', '올수리', '대단지', '1층']",남향,16302054.73822635
경기도,용인시 기흥구,보정동,행원마을동아솔레시티,매매,110동,고/18,1070000000,243.34,OWNER,l 강추 l 로얄동 초급매 . 공실 . 잔금하기전 수리협조,25.07.21,"['25년이내', '대단지', '급매', '대형평수']",남향,14535998.80825183
경기도,용인시 기흥구,보정동,행원마을동아솔레시티,전세,110동,고/18,800000000,243.34,OWNER,l 강추 l 남향 강추 . 거의 올수리 . 깨끗 . 입주일 협의,25.07.19,"['25년이내', '융자금없는', '올수리', '대단지']",남향,10868036.4921509
경기도,용인시 기흥구,보정동,행원마을동아솔레시티,매매,110동,17/18,1280000000,243.34,NDOC1,언제든 입주. 골프장 전망. 일부수리 완료. 관리비 저렴. 주차장 넓어요,25.07.09,"['25년이내', '대단지', '대형평수', '방네개이상']",남향,17388858.38744144
경기도,용인시 기흥구,보정동,행원마을동아솔레시티,매매,108동,저/18,1050000000,243.34,OWNER,I 남향 대형 급매 I 입주일 협의 가능 I,25.07.14,"['25년이내', '대단지', '급매', '대형평수']",남향,14264297.895948058
경기도,용인시 기흥구,보정동,행원마을동아솔레시티,매매,108동,10/18,1200000000,243.34,OWNER,"부엌확장,방1확장,정남,입구동,보정역세권,우수학군",25.07.05,"['25년이내', '대단지', '대형평수', '방네개이상']",남향,16302054.73822635
경기도,용인시 기흥구,보정동,행원마을동아솔레시티,매매,136동,저/18,1200000000,243.34,OWNER,잔잔한조망 조망긋 로얄동 보정역초역세권 플랫폼시티호재,25.07.11,"['25년이내', '대단지', '대형평수', '방네개이상']",남서향,16302054.73822635
경기도,용인시 기흥구,보정동,행원마을동아솔레시티,매매,136동,중/18,1350000000,243.34,OWNER,정상입주 입주일협의가 숲세권 학세권아파트 플랫폼시티호재,25.07.10,"['25년이내', '대단지', '대형평수', '방네개이상']",남서향,18339811.580504645
경기도,용인시 기흥구,보정동,행원마을동아솔레시티,매매,136동,고/18,1350000000,243.34,OWNER,일부수리된집으로 전망좋은집 플랫폼시티호재아파트 보정초근거리,25.07.02,"['25년이내', '대단지', '대형평수', '방네개이상']",남서향,18339811.580504645
경기도,용인시 기흥구,보정동,행원마을동아솔레시티,매매,110동,중/18,1100000000,243.34,OWNER,｜주인거주로 깨끗｜주방수리｜남향｜GTX플랫폼시티 수혜｜,25.06.30,"['25년이내', '대단지', '주방교체', '대형평수']",남향,14943550.176707488
경기도,용인시 기흥구,보정동,행원마을동아솔레시티,매매,126동,16/20,1300000000,213.89,OWNER,"급매 올확장 특올수리, 시원한 앞뒤조망, 골프장숲 조망, 따뜻하고 밝은집",25.07.21,"['25년이내', '올수리', '대단지', '급매']",남서향,20092199.261302542
경기도,용인시 기흥구,보정동,행원마을동아솔레시티,매매,128동,18/20,1300000000,213.89,OWNER,한성골프장전망 환상적임.상태아주좋음.최고 로얄동,25.07.19,"['25년이내', '대단지', '대형평수', '방네개이상']",동향,20092199.261302542
경기도,용인시 기흥구,보정동,행원마을동아솔레시티,매매,126동,3/20,1250000000,213.89,OWNER,최근 올인테리어 정원뷰 주인거주 보정역 인접,25.07.19,"['25년이내', '대단지', '대형평수', '방네개이상']",남서향,19319422.36663706
경기도,용인시 기흥구,보정동,행원마을동아솔레시티,매매,127동,중/20,1150000000,213.89,OWNER,특화이트올수리된집 평형중가장선호하는동 한성cc전망 사계절이이쁜집,25.07.19,"['25년이내', '올수리', '대단지', '대형평수']",남향,17773868.577306096
경기도,용인시 기흥구,보정동,행원마을동아솔레시티,월세,124동,고/20,3억/160,213.89,OWNER,I 강추 I 1억보증금부터 가능 I 싱크대.화장실.도배 등 수리 I,25.07.19,"['25년이내', '융자금없는', '대단지', '대형평수']",남향,
경기도,용인시 기흥구,보정동,행원마을동아솔레시티,매매,126동,저/20,1200000000,213.89,OWNER,샷시교체및올수리 앞뒤조망이쁘고체광좋은집 넉넉한주차 조용한동,25.07.17,"['25년이내', '올수리', '대단지', '대형평수']",남서향,18546645.47197158
경기도,용인시 기흥구,보정동,행원마을동아솔레시티,매매,128동,중/20,1300000000,213.89,OWNER,최근특올수리 파노라마같은골프장전망 보정역세권 숲세권아파트 전망제일동,25.07.16,"['25년이내', '올수리', '대단지', '대형평수']",동향,20092199.261302542
경기도,용인시 기흥구,보정동,행원마을동아솔레시티,매매,124동,중/20,1090000000,213.89,OWNER,"｜주방수리,거실확장｜남향｜편리한 생활권｜보정역도보｜ GTX플랫폼수혜｜",25.06.25,"['25년이내', '대단지', '주방교체', '대형평수']",남향,16846536.303707514
경기도,용인시 기흥구,보정동,행원마을동아솔레시티,매매,120동,중/20,1050000000,213.89,DOC,I 대형 급매 I 상태 양호 I 입주가능 I,25.07.04,"['25년이내', '대단지', '급매', '대형평수']",동향,16228314.787975129
경기도,용인시 기흥구,보정동,행원마을동아솔레시티,매매,126동,3/20,1250000000,213.89,NONE,"64. 주인거주, 입주협의, 올수리, 정원조망, 학세권",25.07.21,"['25년이내', '올수리', '마당', '대단지']",남서향,19319422.36663706
경기도,용인시 기흥구,보정동,행원마을동아솔레시티,매매,101동,15/20,1050000000,188.14,OWNER,｜예쁘게수리됨｜최고의  전망｜아주귀한 매물｜보정역세권,25.07.21,"['25년이내', '대단지', '대형평수', '방네개이상']",남향,18449421.97299883
경기도,용인시 기흥구,보정동,행원마을동아솔레시티,매매,123동,17/20,1150000000,188.14,OWNER,I 강추 I 앞뒤 전망굿 . 올수리 I 입주가능 I,25.07.15,"['25년이내', '올수리', '대단지', '대형평수']",남서향,20206509.779951103
경기도,용인시 기흥구,보정동,행원마을동아솔레시티,매매,101동,저/20,1030000000,188.14,OWNER,제일 선호하는동.올수리된 밝고좋은집.,25.07.14,"['25년이내', '올수리', '대단지', '대형평수']",남향,18098004.41160838
경기도,용인시 기흥구,보정동,행원마을동아솔레시티,매매,119동,중/20,1060000000,188.14,OWNER,I 강추 I 올수리 . 아주 깨끗 . 선호동 . 잘 되는 복 있는 집,25.07.08,"['25년이내', '올수리', '대단지', '대형평수']",남향,18625130.75369406
경기도,용인시 기흥구,보정동,행원마을동아솔레시티,매매,119동,고/20,1050000000,188.14,OWNER,상권가까운입구동 전철역근거리 남향동채광좋음  입주협의,25.07.01,"['25년이내', '대단지', '대형평수', '방네개이상']",남향,18449421.97299883
경기도,용인시 기흥구,보정동,행원마을동아솔레시티,월세,121동,중/20,3억/140,188.14,DOC,생활권편리한동 선호하는동호수 일부수리되어깨끗한집,25.07.09,"['25년이내', '대단지', '대형평수', '방네개이상']",남향,
경기도,용인시 기흥구,보정동,행원마을동아솔레시티,매매,121동,고/20,1200000000,188.14,OWNER,"올수리, 최고 로얄동, 전망 좋음, 주전세가능, 우수학군, 남향",25.06.26,"['25년이내', '올수리', '대단지', '대형평수']",남향,21085053.683427237
경기도,용인시 기흥구,보정동,행원마을동아솔레시티,매매,119동,저/20,1030000000,188.14,OWNER,I 특올수리 I 전세안고. 기간 조정가능 I 예쁜 전망 I,25.06.24,"['25년이내', '올수리', '대단지', '대형평수']",남향,18098004.41160838
경기도,용인시 기흥구,보정동,행원마을동아솔레시티,매매,123동,저/20,1020000000,188.14,OWNER,수리협조 앞뒤트인동관리잘되있는집 눈높이 편안한전망  조용하고쾌적한집,25.06.24,"['25년이내', '대단지', '대형평수', '방네개이상']",남서향,17922295.630913153
경기도,용인시 기흥구,보정동,행원마을동아솔레시티,매매,119동,2/20,1050000000,188.14,DOC,"보정역세권, 올수리 깨끗, 입주 조정가",25.06.25,"['25년이내', '올수리', '대단지', '필로티']",남향,18449421.97299883
경기도,용인시 기흥구,보정동,행원마을동아솔레시티,매매,102동,14/20,920000000,164.61,OWNER,"｜급매｜전망굿｜주인거주,깨끗｜우수학군｜보정역세권｜GTX플랫폼시티수혜지역",25.07.21,"['25년이내', '대단지', '급매', '대형평수']",동향,18475926.128424764
경기도,용인시 기흥구,보정동,행원마을동아솔레시티,매매,106동,7/20,940000000,164.61,OWNER,잔잔한 정원조망 확장형 입주매물,25.07.19,"['25년이내', '마당', '대단지', '대형평수']",남향,18877576.696433995
경기도,용인시 기흥구,보정동,행원마을동아솔레시티,전세,112동,11/20,650000000,164.61,OWNER,남향 로얄동로얄층 일부수리깨끗한집 역세권 학세권 생활권편리한동,25.07.18,"['25년이내', '대단지', '대형평수', '방네개이상']",남향,13053643.460300103
경기도,용인시 기흥구,보정동,행원마을동아솔레시티,매매,112동,11/20,1000000000,164.61,OWNER,｜49.｜정남향｜로얄동 로얄층｜9월 입주｜보정 역세권｜학세권｜,25.07.17,"['25년이내', '대단지', '대형평수', '방네개이상']",남향,20082528.400461696
경기도,용인시 기흥구,보정동,행원마을동아솔레시티,매매,117동,중/20,995000000,164.61,OWNER,로얄동 앞트인뻥뷰 남향 우수학군 보정역세권 올수리 정상입주,25.07.18,"['25년이내', '올수리', '대단지', '대형평수']",남향,19982115.75845939
경기도,용인시 기흥구,보정동,행원마을동아솔레시티,매매,103동,중/20,950000000,164.61,OWNER,깨끗하게 관리.주인 전세도 가능. 주차 편리. 쾌적하고 조용한 대단지.,25.07.18,"['25년이내', '대단지', '대형평수', '방네개이상']",남향,19078401.980438612
경기도,용인시 기흥구,보정동,행원마을동아솔레시티,매매,102동,중/20,905000000,164.61,OWNER,｜기본｜급매｜주인거주로 깨끗｜우수학군｜GTX플랫폼시티 수혜｜,25.07.18,"['25년이내', '대단지', '급매', '대형평수']",동향,18174688.202417836
경기도,용인시 기흥구,보정동,행원마을동아솔레시티,매매,103동,중/20,1050000000,164.61,OWNER,특올수리.거실 작은방1확장.사준집이며 주인거주함.,25.07.17,"['25년이내', '올수리', '대단지', '대형평수']",남향,21086654.82048478
경기도,용인시 기흥구,보정동,행원마을동아솔레시티,매매,112동,19/20,1200000000,164.61,DOC,최근샷시포함특올수리 플랫폼시티 호재 남향 입주매물,25.07.17,"['25년이내', '올수리', '대단지', '대형평수']",남향,24099034.08055404
경기도,용인시 기흥구,보정동,행원마을동아솔레시티,매매,106동,중/20,950000000,164.61,OWNER,I 대부분 올수리 . 남향 강추 급매 I 입주일 협의가능 I,25.07.10,"['25년이내', '올수리', '대단지', '급매']",남향,19078401.980438612
경기도,용인시 기흥구,보정동,행원마을동아솔레시티,매매,103동,10/20,950000000,164.61,OWNER,남향밝은집.주방 올수리 대리석.화장실수리,25.07.03,"['25년이내', '올수리', '대단지', '욕실수리']",남향,19078401.980438612
경기도,용인시 기흥구,보정동,행원마을동아솔레시티,매매,113동,저/18,980000000,164.61,OWNER,용인플랫폼시티착공호재 보정역역세권 우수학세권 친환경대단지 주차굿,25.07.10,"['25년이내', '대단지', '대형평수', '방네개이상']",동향,19680877.83245246
경기도,용인시 기흥구,보정동,행원마을동아솔레시티,매매,103동,고/20,1000000000,164.61,OWNER,"｜남향,밝은집｜ 주인거주 ｜보정역도보｜우수학군｜플랫폼시티 수혜",25.07.09,"['25년이내', '대단지', '대형평수', '방네개이상']",남향,20082528.400461696
경기도,용인시 기흥구,보정동,행원마을동아솔레시티,매매,111동,중/20,950000000,164.61,NDOC1,주인거주. 초중고 도보 . 보정역세권. 주차 굿. 관리비 저렴. ,25.07.05,"['25년이내', '대단지', '대형평수', '방네개이상']",동향,19078401.980438612
경기도,용인시 기흥구,보정동,행원마을동아솔레시티,매매,106동,14/20,920000000,164.61,DOC,,25.07.08,"['25년이내', '대단지', '대형평수', '방네개이상']",남향,18475926.128424764
경기도,용인시 기흥구,보정동,행원마을동아솔레시티,전세,103동,중/20,600000000,164.61,OWNER,I 올수리 . 아주깨끗 I 남향 . 입주일 협의가능 . 가격조율 I,25.07.02,"['25년이내', '융자금없는', '올수리', '대단지']",남향,12049517.04027702
경기도,용인시 기흥구,보정동,행원마을동아솔레시티,매매,113동,고/18,1000000000,164.61,OWNER,한성골프장전망좋음 올수리된집 역세권 학세권 숲세권,25.07.02,"['25년이내', '올수리', '대단지', '대형평수']",동향,20082528.400461696
경기도,용인시 기흥구,보정동,행원마을동아솔레시티,매매,117동,저/20,1200000000,164.61,OWNER,최고로얄동 주인거주 조용한동 좋은라인 깨끗 보정역도보5분거리,25.06.26,"['25년이내', '대단지', '대형평수', '방네개이상']",남향,24099034.08055404
경기도,용인시 기흥구,보정동,행원마을동아솔레시티,매매,115동,중/18,960000000,164.61,OWNER,"정남,보정초역세권,주차편리,조용,쾌적,플랫폼시티수혜지역",25.06.24,"['25년이내', '대단지', '대형평수', '방네개이상']",남향,19279227.26444323
경기도,용인시 기흥구,보정동,행원마을동아솔레시티,매매,111동,고/20,950000000,164.61,OWNER,올수리깨끗함.전망굿.지하철초입,25.06.23,"['25년이내', '올수리', '대단지', '대형평수']",동향,19078401.980438612
경기도,용인시 기흥구,보정동,행원마을동아솔레시티,매매,115동,중/18,930000000,164.61,DOC,남향.상태양호.지하철 초근접,25.07.01,"['25년이내', '대단지', '대형평수', '방네개이상']",남향,18676751.412429377
경기도,용인시 기흥구,보정동,행원마을동아솔레시티,매매,106동,14/20,920000000,164.61,NONE,,25.06.26,"['25년이내', '대단지', '대형평수', '방네개이상']",남향,18475926.128424764
경기도,용인시 기흥구,보정동,행원마을동아솔레시티,매매,116동,중/20,820000000,126.46,OWNER,"보정역세권, 플렛폼시티 수혜지역, 정상입주, 집상태 깨끗, 동향",25.07.18,"['25년이내', '대단지', '방세개', '화장실두개']",동향,21435582.00221414
경기도,용인시 기흥구,보정동,행원마을동아솔레시티,매매,104동,중/20,870000000,126.46,OWNER,최근특올수리 주인거주관리잘됨 한성골프숲전망좋음 생활권 교통편리,25.07.15,"['25년이내', '올수리', '대단지', '방세개']",동향,22742629.68527598
경기도,용인시 기흥구,보정동,행원마을동아솔레시티,매매,116동,중/20,830000000,126.46,OWNER,"학군우수,보정역도보3분,주차넉넉,관리비저렴",25.07.07,"['25년이내', '대단지', '방세개', '화장실두개']",동향,21696991.53882651
경기도,용인시 기흥구,보정동,행원마을동아솔레시티,매매,104동,중/20,880000000,126.46,DOC,확트인뷰  깨끗  밝은집  우수학군 보정초 인접동,25.07.17,"['25년이내', '대단지', '방세개', '화장실두개']",동향,23004039.22188835
경기도,용인시 기흥구,보정동,행원마을동아솔레시티,매매,104동,저/20,750000000,126.46,OWNER,I 강추 I 급매 가격 조정 . 전세안고,25.06.30,"['25년이내', '대단지', '급매', '방세개']",동향,19605715.24592757
경기도,용인시 기흥구,보정동,행원마을동아솔레시티,매매,104동,저/20,800000000,126.46,OWNER,"GTX수혜단지.올수리 아늑하고예쁜조망.보정초근거리,자녀들층간소음해방",25.06.26,"['25년이내', '올수리', '대단지', '방세개']",동향,20912762.928989407
경기도,용인시 기흥구,보정동,행원마을동아솔레시티,매매,116동,중/20,850000000,126.46,OWNER,최근특올수리인테리어이쁜집 조용하고 가격좋은집 보정역과상권 가까운동,25.06.23,"['25년이내', '올수리', '대단지', '방세개']",동향,22219810.612051245
경기도,용인시 기흥구,보정동,행원마을동아솔레시티,매매,107동,고/18,790000000,110.32,OWNER,입주가능 주인거주로 일부수리되고 깨끗한집 학군우수 교통편리 플랫폼시티호재,25.07.21,"['25년이내', '대단지', '방세개', '화장실두개']",동향,23672680.837563455
경기도,용인시 기흥구,보정동,행원마을동아솔레시티,매매,118동,고/20,820000000,110.32,OWNER,"주방수리, 거실확장,보정역권,밝은전망, 입주조정,주차넉넉",25.07.19,"['25년이내', '대단지', '주방교체', '방세개']",동향,24571643.40101523
경기도,용인시 기흥구,보정동,행원마을동아솔레시티,매매,107동,13/18,820000000,110.32,OWNER,｜최근올수리｜폴딩도어｜아주깨끗｜보정초 근접동｜GTX플랫폼시티수혜,25.07.11,"['25년이내', '올수리', '대단지', '방세개']",동향,24571643.40101523
경기도,용인시 기흥구,보정동,행원마을동아솔레시티,매매,118동,고/20,800000000,110.32,DOC,"입구둥,보정역도보5분,보정초,신촌중,관리비저렴,주차넉넉",25.07.19,"['25년이내', '대단지', '방세개', '화장실두개']",동향,23972335.025380712
경기도,용인시 기흥구,보정동,행원마을동아솔레시티,매매,107동,고/18,750000000,110.32,DOC,｜귀한물건｜로얄층｜기본｜주방수리｜우수학군｜GTX플랫폼수혜단지,25.07.18,"['25년이내', '대단지', '주방교체', '방세개']",동향,22474064.08629442
경기도,용인시 기흥구,보정동,행원마을동아솔레시티,월세,118동,고/20,1억/200,110.32,OWNER,"입구동,올인테리어됨,골프장전망 ,정상입주 됩니다.",25.07.01,"['25년이내', '융자금없는', '대단지', '방세개']",동향,
경기도,용인시 기흥구,상갈동,금화마을2단지주공그린빌,매매,204동,4/4,590000000,137.01,NDOC1,"샷시교체특올수리, 시스템AC 5대, 단열시공  빠른입주 상갈역5분",25.07.18,"['25년이내', '올수리', '역세권', '대형평수']",남향,14235553.244288739
경기도,용인시 기흥구,상갈동,금화마을2단지주공그린빌,매매,204동,3/4,630000000,137.01,OWNER,"남향,세안고,화이트톤최신올수리로 집 예뻐요.조망굿.상갈역도보3분",25.07.15,"['25년이내', '올수리', '역세권', '대형평수']",남향,15200675.498138823
경기도,용인시 기흥구,상갈동,금화마을2단지주공그린빌,매매,204동,3/4,530000000,137.01,OWNER,"남향, 입주협의,",25.07.15,"['25년이내', '역세권', '대형평수', '방네개이상']",남향,12787869.863513613
경기도,용인시 기흥구,상갈동,금화마을2단지주공그린빌,매매,203동,4/4,500000000,137.01,NDOC1,"상갈역도보5분,  남향,",25.07.12,"['25년이내', '역세권', '대형평수', '탑층']",남향,12064028.17312605
경기도,용인시 기흥구,상갈동,금화마을2단지주공그린빌,매매,204동,4/4,550000000,137.01,NDOC1,"남향,  특올수리 ,  상갈역도보3분",25.07.09,"['25년이내', '올수리', '역세권', '대형평수']",남향,13270430.990438657
경기도,용인시 기흥구,상갈동,금화마을2단지주공그린빌,매매,203동,4/4,550000000,137.01,OWNER,"전체특올수리로 아주깨끗,소음없는 조용한탑층,주인거주,입주협의,초역세권",25.07.09,"['25년이내', '올수리', '역세권', '대형평수']",남향,13270430.990438657
경기도,용인시 기흥구,상갈동,금화마을2단지주공그린빌,매매,203동,3/4,570000000,137.01,NDOC1,"남향, 수리, 이사협의",25.07.03,"['25년이내', '역세권', '대형평수', '방네개이상']",남향,13752992.117363699
경기도,용인시 기흥구,상갈동,금화마을2단지주공그린빌,전세,204동,3/4,360000000,137.01,OWNER,"남향, 상갈역도보5분,도배,장판,등,교체해줌",25.07.02,"['25년이내', '융자금없는', '역세권', '대형평수']",남향,8686100.284650756
경기도,용인시 기흥구,상갈동,금화마을2단지주공그린빌,매매,204동,4/4,550000000,137.01,NDOC1,주인거주 아주깨끗한집 정상이사 조용한동 주차편리,25.07.02,"['25년이내', '역세권', '대형평수', '탑층']",남향,13270430.990438657
경기도,용인시 기흥구,상갈동,금화마을2단지주공그린빌,전세,204동,3/4,360000000,137.01,DOC,"추천	정남향, 상갈역도보5분,도배,장판,등,교체해줌",25.07.04,"['25년이내', '역세권', '대형평수', '방네개이상']",남향,8686100.284650756
경기도,용인시 기흥구,상갈동,금화마을2단지주공그린빌,매매,204동,3/4,530000000,137.01,NONE,남향.예쁜단지 . 햇빛잘들어옴,25.07.12,"['25년이내', '역세권', '대형평수', '방네개이상']",남향,12787869.863513613
경기도,용인시 기흥구,상갈동,금화마을2단지주공그린빌,전세,204동,3/4,350000000,137.01,NONE,"남향,  상갈역도보5분",25.07.04,"['25년이내', '역세권', '대형평수', '방네개이상']",남향,8444819.721188236
경기도,용인시 기흥구,상갈동,금화마을2단지주공그린빌,매매,203동,3/4,600000000,137.01,NONE,"남향, 조용하고 조경예쁜단지, 제대로 관리, 깨끗, 상갈역도보3분",25.06.27,"['25년이내', '역세권', '대형평수', '방네개이상']",남향,14476833.807751259
경기도,용인시 기흥구,상갈동,금화마을2단지주공그린빌,매매,202동,1/4,560000000,115.39,NDOC1,남향 전실있음 채광좋은1층 전원주택분위기의 아늑한단지 상갈역도보5분,25.07.19,"['25년이내', '역세권', '1층', '방세개']",남향,16043327.844700582
경기도,용인시 기흥구,상갈동,금화마을2단지주공그린빌,매매,202동,3/4,550000000,115.39,NDOC1,채광좋은남향 하시입주 상갈역도보5분,25.07.19,"['25년이내', '역세권', '방세개', '화장실두개']",남향,15756839.847473787
경기도,용인시 기흥구,상갈동,금화마을2단지주공그린빌,매매,201동,4/4,500000000,115.39,OWNER,"채광좋은남향,부분수리로 아주깨끗,거실폴딩도어,주인거주,정상입주",25.07.15,"['25년이내', '역세권', '탑층', '방세개']",남향,14324399.861339806
경기도,용인시 기흥구,상갈동,금화마을2단지주공그린빌,매매,202동,3/4,550000000,115.39,NONE,"남향, 조용하고 조경예쁜단지, 제대로 관리,하시입주, 상갈역도보3분",25.06.27,"['25년이내', '역세권', '방세개', '화장실두개']",남향,15756839.847473787
경기도,용인시 기흥구,상갈동,금화마을3단지주공그린빌,매매,303동,1/20,415000000,84.91,MOBL,"추천,상갈역앞동,특올수리,매우 깨끗해여",25.07.21,"['25년이내', '올수리', '역세권', '대단지']",남향,16157116.652926628
경기도,용인시 기흥구,상갈동,금화마을3단지주공그린빌,전세,303동,1/20,330000000,84.91,MOBL,"상갈역앞동,특올수리,매우깨끗 추천합니다",25.07.21,"['25년이내', '올수리', '역세권', '대단지']",남향,12847827.69991756
경기도,용인시 기흥구,상갈동,금화마을3단지주공그린빌,매매,307동,3/17,440000000,84.91,MOBL,남향 올수리 아주깨끗 전철상갈역도보3분 정상입주,25.07.19,"['25년이내', '올수리', '역세권', '대단지']",남향,17130436.933223415
경기도,용인시 기흥구,상갈동,금화마을3단지주공그린빌,매매,303동,6/20,430000000,84.91,OWNER,"투자강추,완전급매,세안고매매,로얄동,조망굿,부분수리,상갈역도보3분거리",25.07.19,"['25년이내', '역세권', '대단지', '급매']",남향,16741108.821104702
경기도,용인시 기흥구,상갈동,금화마을3단지주공그린빌,월세,304동,8/15,"5,000/100",84.91,OWNER,,25.07.19,"['25년이내', '역세권', '대단지', '방세개']",동향,
경기도,용인시 기흥구,상갈동,금화마을3단지주공그린빌,매매,306동,10/20,450000000,84.91,NDOC1,추천 남향 부분수리 깨끗 주인거주 입주협의 상갈역도보3분,25.07.19,"['25년이내', '역세권', '대단지', '방세개']",남향,17519765.04534213
경기도,용인시 기흥구,상갈동,금화마을3단지주공그린빌,매매,307동,5/17,440000000,84.91,NDOC1,"상갈역도보3분 ,올수리, 세안고,",25.07.19,"['25년이내', '올수리', '역세권', '대단지']",남향,17130436.933223415
경기도,용인시 기흥구,상갈동,금화마을3단지주공그린빌,매매,305동,8/18,440000000,84.91,NDOC1,남향 올수리 확장 전세안고 조정가 상갈역도보2분,25.07.19,"['25년이내', '올수리', '역세권', '대단지']",남향,17130436.933223415
경기도,용인시 기흥구,상갈동,금화마을3단지주공그린빌,매매,305동,4/18,440000000,84.91,NDOC1,올수리 안방붙박이장  아늑한단지조망 주인거주 협의이사 상갈역도보2분,25.07.19,"['25년이내', '올수리', '역세권', '대단지']",동향,17130436.933223415
경기도,용인시 기흥구,상갈동,금화마을3단지주공그린빌,매매,303동,13/20,470000000,84.91,NDOC1,남향 올수리 전세안고 로얄동로얄층 상갈역도보3분,25.07.19,"['25년이내', '올수리', '역세권', '대단지']",남향,18298421.26957956
경기도,용인시 기흥구,상갈동,금화마을3단지주공그린빌,월세,303동,8/20,"5,000/130",84.91,NDOC1,남향 올수리 아주깨끗 거실방확장 전망좋은로얄동층 상갈역도보2분,25.07.19,"['25년이내', '올수리', '역세권', '대단지']",남향,
경기도,용인시 기흥구,상갈동,금화마을3단지주공그린빌,매매,305동,9/18,440000000,84.91,NDOC1,"급매,상갈역도보2분이내,세대내부올수리된집,중문설치,입주협의",25.07.19,"['25년이내', '올수리', '역세권', '대단지']",동향,17130436.933223415
경기도,용인시 기흥구,상갈동,금화마을3단지주공그린빌,매매,301동,13/18,500000000,84.91,OWNER,"올수리로아주깨끗,조망좋은집,주인거주,정상입주,상갈역도보3분",25.07.18,"['25년이내', '올수리', '역세권', '대단지']",동향,19466405.6059357
경기도,용인시 기흥구,상갈동,금화마을3단지주공그린빌,매매,306동,1/20,410000000,84.91,OWNER,"남향,아이들키우기좋은 1층,주인거주,정상입주,상갈역도보3분",25.07.18,"['25년이내', '역세권', '대단지', '1층']",남향,15962452.596867273
경기도,용인시 기흥구,상갈동,금화마을3단지주공그린빌,매매,301동,16/18,460000000,84.91,NDOC1,세안고 올수리 거실방확장형 확트인조망권 갭투자가능,25.07.18,"['25년이내', '올수리', '역세권', '대단지']",남향,17909093.157460842
경기도,용인시 기흥구,상갈동,금화마을3단지주공그린빌,매매,307동,8/17,480000000,84.91,NDOC1,세안고 올수리깨끗 상갈역보도3분,25.07.18,"['25년이내', '올수리', '역세권', '대단지']",남향,18687749.38169827
경기도,용인시 기흥구,상갈동,금화마을3단지주공그린빌,매매,303동,11/20,460000000,84.91,MOBL,"추천,전면로얄동,로얄층,확장형,서비스창고,컨디션좋습니다",25.07.16,"['25년이내', '역세권', '대단지', '방세개']",남향,17909093.157460842
경기도,용인시 기흥구,상갈동,금화마을3단지주공그린빌,월세,304동,7/15,"3,000/120",84.91,NDOC1,전체올수리됨 거실확장형 10월협의 상갈역가까운동,25.07.17,"['25년이내', '올수리', '역세권', '대단지']",동향,
경기도,용인시 기흥구,상갈동,금화마을3단지주공그린빌,매매,307동,11/17,450000000,84.91,NDOC1,추천 남향 수리 서비스창고 초품아 상갈역도보3분 세안고,25.07.17,"['25년이내', '역세권', '대단지', '방세개']",남향,17519765.04534213
경기도,용인시 기흥구,상갈동,금화마을3단지주공그린빌,매매,301동,4/18,440000000,84.91,OWNER,"남향,올수리,세안고투자굿,상갈역도보3분초역세권",25.07.17,"['25년이내', '올수리', '역세권', '대단지']",남향,17130436.933223415
경기도,용인시 기흥구,상갈동,금화마을3단지주공그린빌,매매,306동,13/20,480000000,84.91,OWNER,남향 부분수리 아주깨끗 초역세권 정상입주,25.07.17,"['25년이내', '역세권', '대단지', '방세개']",남향,18687749.38169827
경기도,용인시 기흥구,상갈동,금화마을3단지주공그린빌,매매,306동,9/20,500000000,84.91,OWNER,"남향,올수리,세안고,조용한동,상갈역초역세권단지",25.07.16,"['25년이내', '올수리', '역세권', '대단지']",남향,19466405.6059357
경기도,용인시 기흥구,상갈동,금화마을3단지주공그린빌,매매,303동,16/20,450000000,84.91,NDOC1,남향 최근올수리 전망좋은 로얄동로얄층 전세안고 상갈역도보2분,25.07.16,"['25년이내', '올수리', '역세권', '대단지']",남향,17519765.04534213
경기도,용인시 기흥구,상갈동,금화마을3단지주공그린빌,매매,303동,10/20,500000000,84.91,OWNER,확트인전망 하시입주 최고로얄 초역세권,25.07.16,"['25년이내', '역세권', '대단지', '방세개']",남향,19466405.6059357
경기도,용인시 기흥구,상갈동,금화마을3단지주공그린빌,매매,304동,10/15,450000000,84.91,NDOC1,"상갈역바로옆  화이트톤올수리되어 아주깨끗해요,",25.07.16,"['25년이내', '올수리', '역세권', '대단지']",동향,17519765.04534213
경기도,용인시 기흥구,상갈동,금화마을3단지주공그린빌,매매,307동,1/17,420000000,84.91,OWNER,확장 올수리 남향 아늑한정원뷰 따뜻한1층  상갈역도보3분,25.07.15,"['25년이내', '올수리', '역세권', '대단지']",남향,16351780.708985988
경기도,용인시 기흥구,상갈동,금화마을3단지주공그린빌,월세,303동,11/20,1억/100,84.91,NDOC1,융무 남향에 수리되어깨끗한집 협의입주가,25.07.15,"['25년이내', '융자금없는', '역세권', '대단지']",남향,
경기도,용인시 기흥구,상갈동,금화마을3단지주공그린빌,매매,305동,13/18,440000000,84.91,OWNER,올수리되어 아주깨끗 세안고 상갈역도보2분 초품아,25.07.15,"['25년이내', '올수리', '역세권', '대단지']",동향,17130436.933223415
경기도,용인시 기흥구,상갈동,금화마을3단지주공그린빌,매매,305동,13/18,440000000,84.91,NDOC1,"상갈역도보3분  ,남향, 세안고, 관리잘되어깨끗 ,",25.07.15,"['25년이내', '역세권', '대단지', '방세개']",남향,17130436.933223415
경기도,용인시 기흥구,상갈동,금화마을3단지주공그린빌,매매,307동,3/17,450000000,84.91,NDOC1,"올수리,남향",25.07.12,"['25년이내', '올수리', '역세권', '대단지']",남향,17519765.04534213
경기도,용인시 기흥구,상갈동,금화마을3단지주공그린빌,매매,301동,고/18,500000000,84.91,OWNER,"세안고 매매, 투자용",25.07.17,"['25년이내', '역세권', '대단지', '방세개']",동향,19466405.6059357
경기도,용인시 기흥구,상갈동,금화마을3단지주공그린빌,매매,305동,1/18,400000000,84.91,DOC,남향 단지공원조망 전세안고 지하엘베 상갈역도보2분,25.07.19,"['25년이내', '역세권', '대단지', '1층']",남향,15573124.484748557
경기도,용인시 기흥구,상갈동,금화마을3단지주공그린빌,매매,304동,6/15,440000000,84.91,DOC,"세안고,조망굿,깨끗,상갈역가장가까운동,도보2분이내",25.07.16,"['25년이내', '역세권', '대단지', '방세개']",동향,17130436.933223415
경기도,용인시 기흥구,상갈동,금화마을3단지주공그린빌,매매,305동,1/18,380000000,84.91,DOC,상갈역 도보3분거리 관리 잘 된 집,25.07.16,"['25년이내', '역세권', '대단지', '1층']",동향,14794468.260511132
경기도,용인시 기흥구,상갈동,금화마을3단지주공그린빌,매매,302동,2/15,420000000,84.91,OWNER,남향 아늑한정원뷰 12월 입주  상갈역초역세권 초품아,25.06.26,"['25년이내', '역세권', '대단지', '방세개']",남향,16351780.708985988
경기도,용인시 기흥구,상갈동,금화마을3단지주공그린빌,매매,306동,10/20,480000000,84.91,NDOC1,남향 특올수리 깨끗 서비스창고 전세안고 상갈역도보2분,25.06.24,"['25년이내', '올수리', '역세권', '대단지']",남향,18687749.38169827
경기도,용인시 기흥구,상갈동,금화마을3단지주공그린빌,매매,305동,8/18,450000000,84.91,DOC,"상갈역바로옆 , 로얄층, 이사협의",25.07.02,"['25년이내', '역세권', '대단지', '방세개']",동향,17519765.04534213
경기도,용인시 기흥구,상갈동,금화마을3단지주공그린빌,매매,306동,2/20,430000000,84.91,DOC,"급매,  거실, 방 1 확장,   초 역세권3분, 초 중 5분거리, ",25.06.27,"['25년이내', '역세권', '대단지', '급매']",남향,16741108.821104702
경기도,용인시 기흥구,상갈동,금화마을3단지주공그린빌,매매,305동,고/18,470000000,84.91,DOC,"세안고,상갈역3분,집상태좋음",25.06.30,"['25년이내', '역세권', '대단지', '방세개']",동향,18298421.26957956
경기도,용인시 기흥구,상갈동,금화마을3단지주공그린빌,매매,307동,5/17,440000000,84.91,NONE,"남향,상갈역도보3분,올수리,세안고",25.07.16,"['25년이내', '올수리', '역세권', '대단지']",남향,17130436.933223415
경기도,용인시 기흥구,상갈동,금화마을3단지주공그린빌,매매,301동,16/18,460000000,84.91,NONE,세안고 3억 거실방확장형 올수리 26년7월 확트인조망,25.07.05,"['25년이내', '올수리', '역세권', '대단지']",남향,17909093.157460842
경기도,용인시 기흥구,상갈동,금화마을3단지주공그린빌,매매,307동,11/17,450000000,84.91,NONE,추천 남향 수리 서비스창고 초품아 상갈역도보3분 세안고,25.07.05,"['25년이내', '역세권', '대단지', '방세개']",남향,17519765.04534213
경기도,용인시 기흥구,상갈동,금화마을3단지주공그린빌,매매,306동,10/20,450000000,84.91,NONE,남향 부분수리 깨끗 입주협의 상갈역도보3분,25.07.05,"['25년이내', '역세권', '대단지', '방세개']",남향,17519765.04534213
경기도,용인시 기흥구,상갈동,금화마을3단지주공그린빌,매매,307동,3/17,440000000,84.91,NONE,올수리된 발고 관리잘된집 정상입주가능,25.06.25,"['25년이내', '올수리', '역세권', '대단지']",남향,17130436.933223415
경기도,용인시 기흥구,상갈동,금화마을3단지주공그린빌,매매,305동,14/18,450000000,84.78,MOBL,급매 남향 올수리 초역세권 하시입주,25.07.19,"['25년이내', '올수리', '역세권', '대단지']",남향,17546629.511677284
경기도,용인시 기흥구,상갈동,금화마을3단지주공그린빌,매매,305동,14/18,450000000,84.78,NONE,수리된집 남향 아주깨끗 정상입주,25.07.02,"['25년이내', '역세권', '대단지', '방세개']",남향,17546629.511677284
경기도,용인시 기흥구,상갈동,금화마을3단지주공그린빌,매매,309동,20/20,385000000,70.72,MOBL,"추천,상갈역도보2분이내,2년전특급올수리,아주깔끔요,컨디션아주좋아여",25.07.19,"['25년이내', '올수리', '역세권', '대단지']",남향,17996708.49830317
경기도,용인시 기흥구,상갈동,금화마을3단지주공그린빌,매매,310동,10/20,385000000,70.72,OWNER,남향 로열동층라인 선호구조 부분수리 하시입주 상갈역도보3분,25.07.19,"['25년이내', '역세권', '대단지', '방두개']",남향,17996708.49830317
경기도,용인시 기흥구,상갈동,금화마을3단지주공그린빌,매매,308동,11/20,380000000,70.72,NDOC1,올수리  방두개큰구조  전망좋은로얄동층  전세안고  상갈역도보3분,25.07.19,"['25년이내', '올수리', '역세권', '대단지']",동향,17762985.01131222
경기도,용인시 기흥구,상갈동,금화마을3단지주공그린빌,매매,309동,16/20,390000000,70.72,OWNER,남향 로열동층라인  선호구조  하시입주가  상갈역도보3분,25.07.18,"['25년이내', '역세권', '대단지', '방두개']",남향,18230431.98529412
경기도,용인시 기흥구,상갈동,금화마을3단지주공그린빌,매매,308동,10/20,385000000,70.72,NDOC1,"상갈역.로얄동, 구조좋은 올수리된집, 전망굿 정상입주",25.07.17,"['25년이내', '올수리', '역세권', '대단지']",남향,17996708.49830317
경기도,용인시 기흥구,상갈동,금화마을3단지주공그린빌,매매,310동,10/20,385000000,70.72,NONE,남향 로열라인 아주깨끗 빠른입주 상갈역 도보3분,25.07.15,"['25년이내', '역세권', '대단지', '방두개']",남향,17996708.49830317
경기도,용인시 기흥구,상갈동,금화마을3단지주공그린빌,매매,308동,16/20,390000000,70.72,NONE,"로얄동 , 입주, 상태깨끗 ",25.07.12,"['25년이내', '역세권', '대단지', '방두개']",남향,18230431.98529412
경기도,용인시 기흥구,상갈동,금화마을3단지주공그린빌,매매,309동,16/20,390000000,70.72,NONE,남향 방넓은구조 공실 베란다2개 B타입 공실,25.07.08,"['25년이내', '역세권', '대단지', '방두개']",남향,18230431.98529412
경기도,용인시 기흥구,상갈동,금화마을3단지주공그린빌,매매,309동,20/20,385000000,70.72,NONE,특올수리됨 남향 방큰구조 B타입 추천,25.07.05,"['25년이내', '올수리', '역세권', '대단지']",남향,17996708.49830317
경기도,용인시 기흥구,상갈동,금화마을3단지주공그린빌,매매,308동,10/20,385000000,70.72,NONE,올수리 거실동향 안방남향 로얄매물 베란다많은 구조,25.07.03,"['25년이내', '올수리', '역세권', '대단지']",동향,17996708.49830317
경기도,용인시 기흥구,상갈동,금화마을3단지주공그린빌,매매,310동,2/20,330000000,70.58,MOBL,급매  올수리 상갈역도보3분 정상입주,25.07.19,"['25년이내', '올수리', '역세권', '대단지']",동향,15456348.11561349
경기도,용인시 기흥구,상갈동,금화마을3단지주공그린빌,매매,310동,13/20,380000000,70.58,OWNER,"남향, 로열층 로열라인 하시입주, 지하엘베 상갈역도보3분",25.07.19,"['25년이내', '역세권', '대단지', '방두개']",남향,17798219.042221595
경기도,용인시 기흥구,상갈동,금화마을3단지주공그린빌,매매,310동,10/20,370000000,70.58,NDOC1,"추천 남향, 전망굿 수리되어 깨끗 입주협의 상갈역도보3분",25.07.19,"['25년이내', '역세권', '대단지', '방두개']",남향,17329844.856899973
경기도,용인시 기흥구,상갈동,금화마을3단지주공그린빌,매매,308동,6/20,375000000,70.58,NDOC1,남향 올수리 아주깨끗 전망좋은 로얄동로얄층 협의이사 상갈역도보3분,25.07.19,"['25년이내', '올수리', '역세권', '대단지']",남향,17564031.949560784
경기도,용인시 기흥구,상갈동,금화마을3단지주공그린빌,매매,308동,13/20,370000000,70.58,NDOC1,남향 올수리 조용하고 전망좋은 로얄동층 12월입주 상갈역도보3분,25.07.19,"['25년이내', '올수리', '역세권', '대단지']",남향,17329844.856899973
경기도,용인시 기흥구,상갈동,금화마을3단지주공그린빌,매매,308동,14/20,390000000,70.58,OWNER,확트인조망 로얄매물 정상이사 남향집,25.07.19,"['25년이내', '역세권', '대단지', '방두개']",남향,18266593.227543216
경기도,용인시 기흥구,상갈동,금화마을3단지주공그린빌,매매,309동,14/20,390000000,70.58,OWNER,"남향 로열층 로열라인 하시입주, 지하엘베 상갈역도보3분",25.07.19,"['25년이내', '역세권', '대단지', '방두개']",남향,18266593.227543216
경기도,용인시 기흥구,상갈동,금화마을3단지주공그린빌,매매,309동,3/20,370000000,70.58,OWNER,남향 싱크대교체 아주깨끗 초역세권 주인거주 정상입주,25.07.19,"['25년이내', '역세권', '대단지', '주방교체']",남향,17329844.856899973
경기도,용인시 기흥구,상갈동,금화마을3단지주공그린빌,전세,308동,1/20,300000000,70.58,OWNER,"남향,올수리로 아주깨끗,입주협의,상갈역도보3분",25.07.18,"['25년이내', '올수리', '역세권', '대단지']",남향,14051225.559648627
경기도,용인시 기흥구,상갈동,금화마을3단지주공그린빌,매매,310동,6/20,380000000,70.58,NDOC1,"샷시포함 올수리 화이트톤 붙박이장, 상갈역도보3분",25.07.18,"['25년이내', '올수리', '역세권', '대단지']",동향,17798219.042221595
경기도,용인시 기흥구,상갈동,금화마을3단지주공그린빌,매매,310동,20/20,370000000,70.58,NDOC1,"추천 남향, 전망굿 최근올수리되어 깨끗 입주협의 상갈역도보3분",25.07.18,"['25년이내', '올수리', '역세권', '대단지']",남향,17329844.856899973
경기도,용인시 기흥구,상갈동,금화마을3단지주공그린빌,매매,309동,6/20,360000000,70.58,OWNER,남향 화장실수리 도배장판깨끗 월세안고 상갈역도보3분,25.07.18,"['25년이내', '역세권', '대단지', '욕실수리']",남향,16861470.67157835
경기도,용인시 기흥구,상갈동,금화마을3단지주공그린빌,매매,309동,8/20,370000000,70.58,NDOC1,"상갈역도보3분  ,로얄층,",25.07.18,"['25년이내', '역세권', '대단지', '방두개']",동향,17329844.856899973
경기도,용인시 기흥구,상갈동,금화마을3단지주공그린빌,매매,308동,1/20,379000000,70.58,NDOC1,남향 올수리 초역세권 정상입주,25.07.18,"['25년이내', '올수리', '역세권', '대단지']",남향,17751381.62368943
경기도,용인시 기흥구,상갈동,금화마을3단지주공그린빌,매매,308동,2/20,355000000,70.58,NDOC1,"추천,상갈역세권,내부올수리됨,중문,관리잘돼서 매우 깨끗",25.07.17,"['25년이내', '올수리', '역세권', '대단지']",동향,16627283.578917542
경기도,용인시 기흥구,상갈동,금화마을3단지주공그린빌,매매,308동,7/20,365000000,70.58,NDOC1,"급매,올수리됨,환하고 매우 깨끗해여",25.07.17,"['25년이내', '올수리', '역세권', '대단지']",동향,17095657.764239162
경기도,용인시 기흥구,상갈동,금화마을3단지주공그린빌,매매,309동,9/20,380000000,70.58,NDOC1,"상갈역바로옆 ,로얄층 , 일부수리",25.07.16,"['25년이내', '역세권', '대단지', '방두개']",동향,17798219.042221595
경기도,용인시 기흥구,상갈동,금화마을3단지주공그린빌,매매,309동,8/20,375000000,70.58,OWNER,"추천,남향,올수리,로얄층,입주여유,상갈역도보3분",25.07.15,"['25년이내', '올수리', '역세권', '대단지']",남향,17564031.949560784
경기도,용인시 기흥구,상갈동,금화마을3단지주공그린빌,매매,309동,11/20,370000000,70.58,OWNER,"세안고투자굿,최근올수리로 아주깨끗,상갈역도보3분,추천합니다.",25.07.15,"['25년이내', '올수리', '역세권', '대단지']",동향,17329844.856899973
경기도,용인시 기흥구,상갈동,금화마을3단지주공그린빌,매매,310동,11/20,385000000,70.58,NDOC1,추천 전체화이트톤올수리 안방붙박이 아주깨끗 남향 주인거주,25.07.15,"['25년이내', '올수리', '역세권', '대단지']",남향,18032406.134882405
경기도,용인시 기흥구,상갈동,금화마을3단지주공그린빌,매매,308동,10/20,380000000,70.58,OWNER,"관리잘되어깨끗,  로얄층 , 상갈역도보3분",25.07.15,"['25년이내', '역세권', '대단지', '방두개']",동향,17798219.042221595
경기도,용인시 기흥구,상갈동,금화마을3단지주공그린빌,매매,308동,6/20,370000000,70.58,OWNER,"세안고매매,수리되어아주깨끗,상갈역도보3분",25.07.09,"['25년이내', '역세권', '대단지', '방두개']",동향,17329844.856899973
경기도,용인시 기흥구,상갈동,금화마을3단지주공그린빌,매매,309동,3/20,380000000,70.58,OWNER,"상갈역바로옆, 남향, 샷시포함올수리",25.07.09,"['25년이내', '올수리', '역세권', '대단지']",남향,17798219.042221595
경기도,용인시 기흥구,상갈동,금화마을3단지주공그린빌,매매,309동,16/20,380000000,70.58,DOC,올수리첫입주 전망굿 하시입주  상갈역도보3분,25.07.19,"['25년이내', '올수리', '역세권', '대단지']",동향,17798219.042221595
경기도,용인시 기흥구,상갈동,금화마을3단지주공그린빌,월세,309동,16/20,"7,000/80",70.58,DOC,"상갈역도보3분,   올수리후 첫입주 ,",25.07.19,"['25년이내', '융자금없는', '올수리', '역세권']",동향,
경기도,용인시 기흥구,상갈동,금화마을3단지주공그린빌,전세,309동,16/20,280000000,70.58,DOC,올수리후첫입주 공실 융자무 상갈역도보3분,25.07.19,"['25년이내', '올수리', '역세권', '대단지']",동향,13114477.189005384
경기도,용인시 기흥구,상갈동,금화마을3단지주공그린빌,매매,308동,1/20,350000000,70.58,NDOC1,올수리 월세안고 상갈역도보3분,25.07.08,"['25년이내', '올수리', '역세권', '대단지']",동향,16393096.48625673
경기도,용인시 기흥구,상갈동,금화마을3단지주공그린빌,매매,308동,12/20,390000000,70.58,NDOC1,추천 남향 전망최고 수리 깨끗 세안고 상갈역도보3분,25.07.01,"['25년이내', '역세권', '대단지', '방두개']",남향,18266593.227543216
경기도,용인시 기흥구,상갈동,금화마을3단지주공그린빌,전세,309동,16/20,280000000,70.58,NONE,"올수리후 첫입주,  상갈역바로옆",25.07.16,"['25년이내', '융자금없는', '올수리', '역세권']",동향,13114477.189005384
경기도,용인시 기흥구,상갈동,금화마을3단지주공그린빌,매매,310동,13/20,380000000,70.58,NONE,남향 아주깨끗 빠른입주 상갈역 도보3분,25.07.15,"['25년이내', '역세권', '대단지', '방두개']",남향,17798219.042221595
경기도,용인시 기흥구,상갈동,금화마을3단지주공그린빌,매매,309동,10/20,390000000,70.58,NONE,"남향 ,빠른입주",25.07.12,"['25년이내', '역세권', '대단지', '방두개']",남향,18266593.227543216
경기도,용인시 기흥구,상갈동,금화마을3단지주공그린빌,매매,310동,2/20,330000000,70.58,NONE,급매 올수리 초역세권 정상입주,25.07.12,"['25년이내', '올수리', '역세권', '대단지']",동향,15456348.11561349
경기도,용인시 기흥구,상갈동,금화마을3단지주공그린빌,매매,310동,20/20,370000000,70.58,NONE,"추천 남향, 전망굿 최근올수리되어 깨끗 입주협의 상갈역도보3분",25.07.09,"['25년이내', '올수리', '역세권', '대단지']",남향,17329844.856899973
경기도,용인시 기흥구,상갈동,금화마을3단지주공그린빌,매매,309동,16/20,380000000,70.58,NONE,전체올수리완료 공실 아주깨끗 조정가능,25.07.08,"['25년이내', '올수리', '역세권', '대단지']",동향,17798219.042221595
경기도,용인시 기흥구,상갈동,금화마을3단지주공그린빌,매매,310동,11/20,385000000,70.58,NONE,화이트톤특올수리 조망뻥뷰 주인거주 안방붙박이장 이사협의,25.07.08,"['25년이내', '올수리', '역세권', '대단지']",남향,18032406.134882405
경기도,용인시 기흥구,상갈동,금화마을3단지주공그린빌,매매,309동,14/20,390000000,70.58,NONE,남향 공실 즉시가능 해잘드는집 기본,25.07.05,"['25년이내', '역세권', '대단지', '방두개']",남향,18266593.227543216
경기도,용인시 기흥구,상갈동,금화마을3단지주공그린빌,매매,310동,10/20,370000000,70.58,NONE,남향 수리 아주깨끗 빠른입주 상갈역 도보3분,25.07.05,"['25년이내', '역세권', '대단지', '방두개']",남향,17329844.856899973
경기도,용인시 기흥구,상갈동,금화마을3단지주공그린빌,매매,308동,14/20,390000000,70.58,NONE,로얄매물 남향 빠른이사가능 확트인조망권,25.07.03,"['25년이내', '역세권', '대단지', '방두개']",남향,18266593.227543216
경기도,용인시 기흥구,상갈동,금화마을3단지주공그린빌,매매,308동,1/20,357000000,70.58,NONE," 올수리, 남향, 상갈역바로옆, 아이들키우기좋은1층급매",25.06.27,"['25년이내', '올수리', '역세권', '대단지']",남향,16720958.415981866
경기도,용인시 기흥구,상갈동,금화마을3단지주공그린빌,월세,309동,16/20,"7,000/80",70.58,NONE,올수리첫입주 초역세권 하시입주,25.06.25,"['25년이내', '올수리', '역세권', '대단지']",동향,
경기도,용인시 기흥구,상갈동,금화마을5단지주공그린빌,매매,502동,1/20,430000000,114.67,NDOC1,"남향,정상",25.07.08,"['25년이내', '1층', '방세개', '화장실두개']",남향,12396333.39147118
경기도,용인시 기흥구,상갈동,금화마을5단지주공그린빌,매매,502동,17/20,490000000,114.67,NDOC1,역세권 숲세권의 조용하고 깨끗한 집,25.07.01,"['25년이내', '방세개', '화장실두개', '고층']",남향,14126054.329815993
경기도,용인시 기흥구,상갈동,금화마을5단지주공그린빌,매매,502동,17/20,440000000,114.4,NDOC1,"주인거주,전망굿,지하철상갈역도보10분거리,버스도보5분거리",25.07.19,"['25년이내', '방세개', '화장실두개', '고층']",서향,12714557.692307692
경기도,용인시 기흥구,상갈동,금화마을5단지주공그린빌,매매,502동,2/20,480000000,114.4,NDOC1,"관리잘되어깨끗,  빠른입주가능 ,",25.07.18,"['25년이내', '방세개', '화장실두개', '세대당1대']",동향,13870426.573426573
경기도,용인시 기흥구,상갈동,금화마을5단지주공그린빌,전세,502동,2/20,350000000,114.4,NDOC1,"하시,싱크대새로,도배장판새로,등교체,지하철상갈역도보10분,버스교통편리",25.07.18,"['25년이내', '방세개', '화장실두개', '세대당1대']",동향,10113852.70979021
경기도,용인시 기흥구,상갈동,금화마을5단지주공그린빌,매매,502동,8/20,450000000,114.4,NDOC1,"쾌적하고조용한아파트,숲전망굿,지하철역세권,교통편리,정상입주",25.07.18,"['25년이내', '방세개', '화장실두개', '중층']",서향,13003524.912587414
경기도,용인시 기흥구,상갈동,금화마을5단지주공그린빌,매매,501동,18/20,450000000,114.4,OWNER,"추천,급매,조망아주좋아요,역세권,입주협의",25.07.17,"['25년이내', '급매', '방세개', '화장실두개']",서향,13003524.912587414
경기도,용인시 기흥구,상갈동,금화마을5단지주공그린빌,매매,502동,18/20,490000000,114.4,NDOC1,"샷시포함 올수리,  전망좋아요,",25.07.16,"['25년이내', '올수리', '방세개', '화장실두개']",서향,14159393.793706294
경기도,용인시 기흥구,상갈동,금화마을5단지주공그린빌,매매,502동,5/20,470000000,114.4,NDOC1,일부수리 상갈역 역세권이며 숲세권의 힐링 타운,25.07.16,"['25년이내', '방세개', '화장실두개', '세대당1대']",동향,13581459.353146853
경기도,용인시 기흥구,상갈동,금화마을5단지주공그린빌,매매,501동,9/20,490000000,114.4,NDOC1,"정상입주,올수리.깨끗.전망굿,지하철상갈역도보10분,버스교통편리",25.07.15,"['25년이내', '올수리', '방세개', '화장실두개']",동향,14159393.793706294
경기도,용인시 기흥구,상갈동,금화마을5단지주공그린빌,매매,502동,1/20,420000000,114.4,OWNER,"월세안고,올수리,아이키우기좋은1층,지하철도보10분,버스교통편리",25.07.08,"['25년이내', '올수리', '1층', '방세개']",동향,12136623.251748253
경기도,용인시 기흥구,상갈동,금화마을5단지주공그린빌,매매,501동,18/20,440000000,114.4,NONE,"쾌적하고 조용한단지, ",25.07.10,"['25년이내', '방세개', '화장실두개', '고층']",서향,12714557.692307692
경기도,용인시 기흥구,상갈동,금화마을5단지주공그린빌,전세,502동,2/20,350000000,114.4,NONE,"씽크대,도배,등교체,빠른입주가능",25.07.02,"['25년이내', '방세개', '화장실두개', '세대당1대']",동향,10113852.70979021
경기도,용인시 기흥구,상갈동,금화마을5단지주공그린빌,매매,502동,17/20,440000000,114.4,NONE," 전망좋아요, ",25.07.02,"['25년이내', '방세개', '화장실두개', '고층']",남향,12714557.692307692
경기도,용인시 기흥구,상갈동,금화마을5단지주공그린빌,매매,506동,15/15,500000000,113.84,NDOC1,"정상,탑층,소음없어조용,판상형,남향,전망,싱크대교체,중문,지하철역세권",25.07.19,"['25년이내', '주방교체', '탑층', '방세개']",남향,14519435.17217147
경기도,용인시 기흥구,상갈동,금화마을5단지주공그린빌,매매,506동,6/15,480000000,113.84,NDOC1,"전세끼고,남향,기본상태,지하철상갈역도보10분,교통편리,조정가",25.07.18,"['25년이내', '방세개', '화장실두개', '중층']",남향,13938657.76528461
경기도,용인시 기흥구,상갈동,금화마을5단지주공그린빌,매매,507동,11/14,490000000,113.84,NDOC1,"전세안고매매,올수리,깨끗,남향,채광좋음,앞뒤 전망굿,지하철역세권",25.07.18,"['25년이내', '올수리', '방세개', '화장실두개']",남향,14229046.46872804
경기도,용인시 기흥구,상갈동,금화마을5단지주공그린빌,매매,507동,6/14,500000000,113.84,NDOC1,추천 앞트인정남향에 수리되어깨끗한집 상갈역7분,25.07.17,"['25년이내', '방세개', '화장실두개', '중층']",남향,14519435.17217147
경기도,용인시 기흥구,상갈동,금화마을5단지주공그린빌,매매,506동,5/15,500000000,113.84,DOC,"정상입주,남향,지하철역세권,교통편리,조용쾌적",25.07.08,"['25년이내', '방세개', '화장실두개', '세대당1대']",남향,14519435.17217147
경기도,용인시 기흥구,상갈동,금화마을5단지주공그린빌,매매,503동,7/20,380000000,80.49,NDOC1,"올수리 ,로얄층, 이사협의",25.07.19,"['25년이내', '올수리', '방세개', '화장실한개']",서향,15606886.56976022
경기도,용인시 기흥구,상갈동,금화마을5단지주공그린빌,월세,505동,3/20,"3,000/110",80.49,OWNER,올수리 깨끗 입주협의  상갈역세권,25.07.19,"['25년이내', '올수리', '방세개', '화장실한개']",동향,
경기도,용인시 기흥구,상갈동,금화마을5단지주공그린빌,매매,504동,14/20,380000000,80.49,NDOC1,"정상,특올수리,아주깨끗,전망굿,지하철역세권,버스교통편리",25.07.19,"['25년이내', '올수리', '방세개', '화장실한개']",서향,15606886.56976022
경기도,용인시 기흥구,상갈동,금화마을5단지주공그린빌,매매,503동,10/20,380000000,80.49,OWNER,"올인테리어,상갈전철역세권,택지지구내아파트.",25.07.19,"['25년이내', '방세개', '화장실한개', '중층']",서향,15606886.56976022
경기도,용인시 기흥구,상갈동,금화마을5단지주공그린빌,매매,504동,15/20,380000000,80.49,NDOC1,"로얄층  ,  올수리,",25.07.15,"['25년이내', '올수리', '방세개', '화장실한개']",동향,15606886.56976022
경기도,용인시 기흥구,상갈동,금화마을5단지주공그린빌,매매,504동,1/20,350000000,80.49,NDOC1,"올수리,세안고",25.07.08,"['25년이내', '올수리', '1층', '방세개']",동향,14374763.945831781
경기도,용인시 기흥구,상갈동,금화마을5단지주공그린빌,매매,505동,1/20,310000000,80.49,NDOC1,전세안고,25.07.01,"['25년이내', '1층', '방세개', '화장실한개']",서향,12731933.780593865
경기도,용인시 기흥구,상갈동,금화마을5단지주공그린빌,매매,503동,7/20,380000000,80.49,NONE,"쾌적하고 조용한단지, ,  올수리,
",25.07.17,"['25년이내', '올수리', '방세개', '화장실한개']",남향,15606886.56976022
경기도,용인시 기흥구,상갈동,금화마을5단지주공그린빌,매매,503동,15/20,370000000,80.49,NONE,"수리, 전망좋고 깨끗한집",25.07.16,"['25년이내', '방세개', '화장실한개', '고층']",동향,15196179.02845074
경기도,용인시 기흥구,상갈동,금화마을5단지주공그린빌,전세,508동,저/10,220000000,80.21,OWNER,"올수리  녹색뷰 빠른입주가능,거실방확장 화장실수리 샤시교체",25.07.14,"['25년이내', '올수리', '욕실수리', '방세개']",남향,9067107.592569506
경기도,용인시 기흥구,상갈동,금화마을5단지주공그린빌,매매,509동,1/12,375000000,80.21,NDOC1,"정상입주,올수리,깨끗,아이키우기좋은1층,지하철역세권,교통편리,조용쾌적",25.07.02,"['25년이내', '올수리', '1층', '방세개']",남향,15455297.032788932
경기도,용인시 기흥구,상갈동,금화마을5단지주공그린빌,매매,510동,2/13,365000000,80.21,DOC,"임대중으로 입주는 2026년2월말가능,주방씽크대및 욕실수리함. ",25.07.05,"['25년이내', '욕실수리', '방세개', '화장실한개']",남향,15043155.778581226
경기도,용인시 기흥구,상갈동,금화마을5단지주공그린빌,매매,504동,19/20,380000000,80.18,NDOC1,"남향, 전망좋음",25.07.16,"['25년이내', '방세개', '화장실한개', '고층']",남향,15667227.488151658
경기도,용인시 기흥구,상갈동,금화마을5단지주공그린빌,매매,505동,2/20,360000000,80.18,DOC,"전세끼고매매,남향,화장실수리,조용쾌적,지하철역세권,교통편리",25.07.11,"['25년이내', '욕실수리', '방세개', '화장실한개']",남향,14842636.567722622
경기도,용인시 기흥구,상갈동,금화마을6단지주공그린빌,매매,603동,3/5,300000000,69.57,OWNER,급매 올수리 전세안고 상갈역도보3분,25.07.19,"['25년이내', '올수리', '역세권', '급매']",동향,14255217.766278569
경기도,용인시 기흥구,상갈동,금화마을6단지주공그린빌,매매,601동,4/5,310000000,69.57,NDOC1,남향 올수리  상갈역도보5분 조정가,25.07.19,"['25년이내', '올수리', '역세권', '방두개']",남향,14730391.69182119
경기도,용인시 기흥구,상갈동,금화마을6단지주공그린빌,매매,601동,4/5,310000000,69.57,OWNER,남향 부분수리 아주깨끗 초역세권 주인거주 정상입주,25.07.19,"['25년이내', '역세권', '방두개', '화장실한개']",남향,14730391.69182119
경기도,용인시 기흥구,상갈동,금화마을6단지주공그린빌,전세,601동,2/5,230000000,69.57,OWNER,"추천 남향 로열층 올수리 중문, 깨끗 상갈역도보3분",25.07.18,"['25년이내', '올수리', '역세권', '방두개']",남향,10929000.287480237
경기도,용인시 기흥구,상갈동,금화마을6단지주공그린빌,매매,601동,2/5,320000000,69.57,OWNER,추천 남향 로열층 올수리 깨끗 조정가 상갈역도보3분,25.07.08,"['25년이내', '올수리', '역세권', '방두개']",남향,15205565.61736381
경기도,용인시 기흥구,상갈동,금화마을6단지주공그린빌,매매,601동,4/5,255000000,55.43,NDOC1,남향 욕실 화장실수리 깨끗 빠른이사가 상갈역도보5분,25.07.19,"['25년이내', '역세권', '욕실수리', '소형평수']",남향,15207923.056106804
경기도,용인시 기흥구,상갈동,금화마을6단지주공그린빌,매매,602동,2/5,235000000,55.43,OWNER,추천 아주깨끗 전철상갈역도보3분 정상입주,25.07.19,"['25년이내', '역세권', '필로티', '소형평수']",동향,14015144.777196465
경기도,용인시 기흥구,상갈동,금화마을6단지주공그린빌,매매,602동,4/5,240000000,55.43,NDOC1,올수리 전세안고 상갈역도보5분,25.07.18,"['25년이내', '올수리', '역세권', '소형평수']",동향,14313339.346924048
경기도,용인시 기흥구,상갈동,금화마을6단지주공그린빌,매매,602동,3/5,270000000,55.43,NDOC1,"상갈역도보 3분, 올인테리어된 예쁜집, 입주협의",25.07.18,"['25년이내', '역세권', '소형평수', '방두개']",남향,16102506.765289554
경기도,용인시 기흥구,상갈동,금화마을6단지주공그린빌,매매,601동,3/5,255000000,55.43,OWNER,추천 로열층  깨끗 정상입주 상갈역도보3분,25.07.17,"['25년이내', '역세권', '소형평수', '방두개']",동향,15207923.056106804
경기도,용인시 기흥구,상갈동,금화마을6단지주공그린빌,매매,601동,5/5,240000000,55.43,NDOC1,올수리 아주깨끗 월세안고 협의이사도가능  상갈역도보5분,25.07.16,"['25년이내', '올수리', '역세권', '소형평수']",동향,14313339.346924048
경기도,용인시 기흥구,상갈동,금화마을6단지주공그린빌,매매,602동,1/5,280000000,55.43,OWNER,"수리되어깔끔,세안고,상갈역도보3분거리",25.07.15,"['25년이내', '역세권', '1층', '소형평수']",동향,16698895.904744724
경기도,용인시 기흥구,상갈동,금화마을6단지주공그린빌,매매,602동,5/5,220000000,55.43,NDOC1,급매 월세안고 전체올수리됨 초역세권 주차편리 26년2월,25.07.08,"['25년이내', '올수리', '역세권', '급매']",동향,13120561.06801371
경기도,용인시 기흥구,상갈동,금화마을6단지주공그린빌,매매,601동,3/5,255000000,55.43,NDOC1,"남향,월세안고",25.06.27,"['25년이내', '역세권', '소형평수', '방두개']",남향,15207923.056106804
경기도,용인시 기흥구,상갈동,금화마을6단지주공그린빌,매매,601동,3/5,255000000,55.43,NONE,추천 로열층 정상입주 상갈역도보3분,25.07.05,"['25년이내', '역세권', '소형평수', '방두개']",동향,15207923.056106804
경기도,용인시 기흥구,상갈동,금화마을6단지주공그린빌,매매,602동,5/5,220000000,55.43,NONE,급매 월세안고 올수리됨 탑층,25.07.01,"['25년이내', '올수리', '역세권', '급매']",동향,13120561.06801371
경기도,용인시 기흥구,상갈동,금화마을6단지주공그린빌,매매,602동,2/5,235000000,55.43,NONE,아주깨끗 초역세권 로열층 정상입주 전세안고도가능,25.06.30,"['25년이내', '역세권', '소형평수', '방두개']",동향,14015144.777196465
경기도,용인시 기흥구,상갈동,금화마을대우현대,매매,109동,10/12,700000000,176.93,OWNER,방4 시원한구조 정남향 로얄층 상갈역도보5분,25.07.15,"['25년이내', '역세권', '대형평수', '방네개이상']",남향,13078898.43440909
경기도,용인시 기흥구,상갈동,금화마을대우현대,매매,106동,10/12,750000000,176.93,NDOC1,"남향,정상,깨끗",25.07.08,"['25년이내', '대형평수', '방네개이상', '화장실두개']",남향,14013105.465438308
경기도,용인시 기흥구,상갈동,금화마을대우현대,매매,109동,8/12,700000000,176.93,DOC,올수리 정상입주 로얄매물 남향 ,25.07.18,"['25년이내', '올수리', '역세권', '대형평수']",남향,13078898.43440909
경기도,용인시 기흥구,상갈동,금화마을대우현대,매매,109동,11/12,750000000,176.93,DOC,수리 상갈역 역세권이며 숲세권의 조용하고 전망 너무 좋은 집,25.07.16,"['25년이내', '역세권', '대형평수', '방네개이상']",남향,14013105.465438308
경기도,용인시 기흥구,상갈동,금화마을대우현대,매매,109동,7/12,700000000,176.93,DOC,상갈역세권 주인거주 정상입주 남향,25.06.26,"['25년이내', '역세권', '대형평수', '방네개이상']",남향,13078898.43440909
경기도,용인시 기흥구,상갈동,금화마을대우현대,매매,106동,고/12,750000000,176.93,NONE,로얄층.  햇볕 잘들어홈,25.07.15,"['25년이내', '대형평수', '방네개이상', '화장실두개']",남향,14013105.465438308
경기도,용인시 기흥구,상갈동,금화마을대우현대,매매,107동,10/15,630000000,148.23,NDOC1,"남향  ,로얄층, 상갈역도보가능,",25.07.19,"['25년이내', '역세권', '대형평수', '방네개이상']",남향,14050088.038858531
경기도,용인시 기흥구,상갈동,금화마을대우현대,매매,106동,11/12,580000000,148.23,NDOC1,남향 집깨긋 정상입주 상갈역도보5분,25.07.19,"['25년이내', '대형평수', '방네개이상', '화장실두개']",남향,12935001.686568173
경기도,용인시 기흥구,상갈동,금화마을대우현대,매매,107동,3/15,630000000,148.23,NDOC1,추천 급매 정남향에정상입주 상갈역5분,25.07.17,"['25년이내', '역세권', '급매', '대형평수']",남향,14050088.038858531
경기도,용인시 기흥구,상갈동,금화마을대우현대,매매,107동,13/15,650000000,148.23,OWNER,"남향,세안고,올수리,상갈역역세권아파트",25.07.09,"['25년이내', '올수리', '역세권', '대형평수']",남향,14496122.579774676
경기도,용인시 기흥구,상갈동,금화마을대우현대,매매,104동,3/15,560000000,148.23,OWNER,세안고 올수리  채광좋은남향 상갈역도보5분,25.07.03,"['25년이내', '올수리', '역세권', '대형평수']",남향,12488967.14565203
경기도,용인시 기흥구,상갈동,금화마을대우현대,매매,106동,4/12,610000000,148.23,DOC,정상입주 밝은 남향,25.07.12,"['25년이내', '대형평수', '방네개이상', '화장실두개']",남향,13604053.49794239
경기도,용인시 기흥구,상갈동,금화마을대우현대,매매,107동,11/15,700000000,148.23,NDOC1,최근샷시포함 특올수리 로얄동로얄층 남향 상갈역도보5분,25.06.26,"['25년이내', '올수리', '역세권', '대형평수']",남향,15611208.932065036
경기도,용인시 기흥구,상갈동,금화마을대우현대,매매,106동,11/12,580000000,148.23,NONE,"남향, 로얄라인,",25.06.27,"['25년이내', '대형평수', '방네개이상', '화장실두개']",남향,12935001.686568173
경기도,용인시 기흥구,상갈동,금화마을대우현대,매매,102동,11/14,540000000,131.33,OWNER,"남향   , 세안고, 관리잘되어깨끗,",25.07.19,"['25년이내', '방세개', '화장실두개', '고층']",남향,13592658.95073479
경기도,용인시 기흥구,상갈동,금화마을대우현대,매매,101동,11/15,530000000,131.33,OWNER,"관리잘되어깨끗 ,남향, 이사협의",25.07.18,"['25년이내', '방세개', '화장실두개', '고층']",남향,13340943.044239702
경기도,용인시 기흥구,상갈동,금화마을대우현대,매매,108동,7/14,630000000,131.33,NDOC1,추천 화이트톤올수리 정남향 상갈역5분,25.07.17,"['25년이내', '올수리', '역세권', '방세개']",남향,15858102.109190587
경기도,용인시 기흥구,상갈동,금화마을대우현대,매매,101동,2/15,540000000,131.33,NDOC1,일부수리 세안고투자 남향 조정가 상갈역도보5분,25.07.16,"['25년이내', '방세개', '화장실두개', '세대당1대']",남향,13592658.95073479
경기도,용인시 기흥구,상갈동,금화마을대우현대,매매,110동,8/15,600000000,131.33,NDOC1,"부분수리되고깨끗,남향채광좋음,지하철상갈역5분,교통편리,정상입주,",25.07.15,"['25년이내', '역세권', '방세개', '화장실두개']",남향,15102954.38970532
경기도,용인시 기흥구,상갈동,금화마을대우현대,매매,101동,3/15,540000000,131.33,NDOC1,남향  수리되어집깨끗 세안고 상갈역도보5분,25.07.08,"['25년이내', '방세개', '화장실두개', '세대당1대']",남향,13592658.95073479
경기도,용인시 기흥구,상갈동,금화마을대우현대,매매,101동,15/15,550000000,131.33,NDOC1,"올수리, 남향,",25.07.08,"['25년이내', '올수리', '탑층', '방세개']",남향,13844374.857229877
경기도,용인시 기흥구,상갈동,금화마을대우현대,매매,110동,7/15,580000000,131.33,OWNER,최고로얄동 상갈역 가까운동 틔인 남향 밝고 환한집,25.07.05,"['25년이내', '역세권', '방세개', '화장실두개']",남향,14599522.576715145
경기도,용인시 기흥구,상갈동,금화마을대우현대,매매,101동,11/15,530000000,131.33,NONE,"상갈역세권, 남향, 로얄층",25.07.10,"['25년이내', '방세개', '화장실두개', '고층']",남향,13340943.044239702
경기도,용인시 기흥구,상갈동,금화마을대우현대,매매,112동,11/13,590000000,112.66,OWNER,로얄동로얄층 샷시포함 전체특올수리 시에3대 폴딩도어 조정가 상갈역도보3분,25.07.19,"['25년이내', '올수리', '역세권', '화장실두개']",남향,17312383.720930234
경기도,용인시 기흥구,상갈동,금화마을대우현대,매매,111동,14/14,520000000,112.66,NDOC1,로얄동 정남향 전망나옴 층간소음걱정해방 탑층 상갈역도보3분,25.07.19,"['25년이내', '역세권', '탑층', '방세개']",남향,15258372.09302326
경기도,용인시 기흥구,상갈동,금화마을대우현대,매매,105동,7/14,510000000,112.66,NDOC1,"남향으로 로얄층   , 세안고",25.07.18,"['25년이내', '방세개', '화장실두개', '중층']",남향,14964941.860465119
경기도,용인시 기흥구,상갈동,금화마을대우현대,매매,103동,3/13,530000000,112.66,NDOC1,올수리 주인거주 정상입주 구조좋은 남향,25.07.12,"['25년이내', '올수리', '방세개', '화장실두개']",남향,15551802.325581396
경기도,용인시 기흥구,상갈동,금화마을대우현대,매매,112동,7/13,550000000,112.66,NDOC1,남향  초역세권  입주협의,25.07.11,"['25년이내', '역세권', '방세개', '화장실두개']",남향,16138662.790697675
경기도,용인시 기흥구,상갈동,금화마을대우현대,매매,111동,14/14,530000000,112.66,NDOC1,일부수리 상갈역 도보5분거리 로얄동,25.06.28,"['25년이내', '역세권', '탑층', '방세개']",남향,15551802.325581396
경기도,용인시 기흥구,상갈동,금화마을대우현대,매매,112동,6/13,530000000,112.66,OWNER,"남향  ,관리잘되어깨끗 , 입주협의 ,",25.06.27,"['25년이내', '역세권', '방세개', '화장실두개']",남향,15551802.325581396
경기도,용인시 기흥구,상갈동,금화마을대우현대,매매,103동,10/13,520000000,112.66,NDOC1,"남향,  로얄층 ,",25.06.27,"['25년이내', '방세개', '화장실두개', '고층']",남향,15258372.09302326
경기도,용인시 기흥구,상갈동,넥스빌,전세,1동,4/20,285000000,105.88,DOC,하시입주 수리했어요,25.07.17,"['25년이상', '방세개', '화장실두개', '주차가능']",남향,8898269.030978467
경기도,용인시 기흥구,상갈동,넥스빌,전세,1동,2/20,285000000,105.88,NDOC1,입주협의 올수리했어요,25.07.03,"['25년이상', '올수리', '방세개', '화장실두개']",남향,8898269.030978467
경기도,용인시 기흥구,상갈동,넥스빌,매매,1동,1/20,300000000,105.88,NONE,올수리 샷시 문짝 중문 주방 아일렌드 마루바닥 등 전체교체 베란다앞공원,25.07.01,"['25년이상', '올수리', '1층', '방세개']",남향,9366598.979977334
경기도,용인시 기흥구,상갈동,넥스빌,매매,1동,4/20,250000000,74.78,DOC,정상입주 부분 수리함,25.07.21,"['25년이상', '방두개', '화장실한개', '주차가능']",동향,11051701.658197379
경기도,용인시 기흥구,상갈동,넥스빌,매매,1동,3/20,250000000,74.78,OWNER,올수리 입주협의 주인거주,25.07.05,"['25년이상', '올수리', '방두개', '화장실한개']",동향,11051701.658197379
경기도,용인시 기흥구,상갈동,넥스빌,매매,1동,5/20,245000000,74.78,DOC,10월중순입주가능 합니다,25.07.04,"['25년이상', '방두개', '화장실한개', '주차가능']",동향,10830667.625033433
경기도,용인시 기흥구,상갈동,넥스빌,매매,1동,12/20,250000000,74.78,DOC,정상입주 수리 했습니다 전망 좋아요,25.07.04,"['25년이상', '방두개', '화장실한개', '중층']",동향,11051701.658197379
경기도,용인시 기흥구,상갈동,넥스빌,매매,1동,4/20,240000000,74.78,NONE,"빠른입주가능, 올수리, 급매",25.07.10,"['25년이상', '올수리', '급매', '방두개']",동향,10609633.591869485
경기도,용인시 기흥구,상갈동,상갈메트로파크,매매,404동,6/20,550000000,112.4,OWNER,올수리 입주협의 상갈역도보3분,25.07.18,"['25년이내', '올수리', '역세권', '방세개']",남서향,16175994.21708185
경기도,용인시 기흥구,상갈동,상갈메트로파크,매매,406동,19/19,520000000,112.4,NDOC1,긴세안고 투자추천 상갈역도보3분,25.07.18,"['25년이내', '역세권', '탑층', '방세개']",남동향,15293667.259786477
경기도,용인시 기흥구,상갈동,상갈메트로파크,매매,406동,9/19,510000000,112.4,NDOC1,세안고34000 일부수리 26년11월만기,25.07.17,"['25년이내', '역세권', '방세개', '화장실두개']",남동향,14999558.274021352
경기도,용인시 기흥구,상갈동,상갈메트로파크,월세,406동,18/19,"5,000/140",112.4,OWNER,즉시입주 깨끗 상갈역도보3분 산과공원을품은 아파트,25.07.12,"['25년이내', '융자금없는', '역세권', '방세개']",남동향,
경기도,용인시 기흥구,상갈동,상갈메트로파크,매매,406동,8/19,570000000,112.4,MOBL,"신혼강추,정상입주, 특올수리,거실 안방확장, 한샘주방, 아트월, 한샘배스",25.07.01,"['25년이내', '올수리', '역세권', '방세개']",남동향,16764212.188612102
경기도,용인시 기흥구,상갈동,상갈메트로파크,매매,404동,14/20,520000000,112.4,NDOC1,올수리 초역세권 남향 앞 전망 확 트인 집,25.07.01,"['25년이내', '올수리', '역세권', '방세개']",남향,15293667.259786477
경기도,용인시 기흥구,상갈동,상갈메트로파크,매매,405동,4/20,570000000,112.4,DOC,"상갈역도보3분,   입주협의 ,조정가능",25.07.08,"['25년이내', '역세권', '방세개', '화장실두개']",남동향,16764212.188612102
경기도,용인시 기흥구,상갈동,상갈메트로파크,월세,406동,18/19,"5,000/140",112.4,NONE,즉시입주가능 상갈역도보3분 초품아,25.07.03,"['25년이내', '융자금없는', '역세권', '방세개']",남동향,
경기도,용인시 기흥구,상갈동,상갈메트로파크,매매,408동,4/20,505000000,112.19,OWNER,급추천 남향 샷시교체 채광우수 주인거주 상갈역도보1분 추천,25.07.19,"['25년이내', '역세권', '방세개', '화장실두개']",남향,14880305.062839828
경기도,용인시 기흥구,상갈동,상갈메트로파크,매매,401동,2/19,530000000,112.19,OWNER,"남향,로얄동,정원뷰,주인거주로 아주깨끗한집,상갈역도보1분,정상입주",25.07.19,"['25년이내', '역세권', '방세개', '화장실두개']",남향,15616953.828326948
경기도,용인시 기흥구,상갈동,상갈메트로파크,매매,408동,1/20,470000000,112.19,NDOC1,"샷시포함,올수리된집 ,초역세권, 아이들키우기좋은1층급매",25.07.19,"['25년이내', '올수리', '역세권', '1층']",동향,13848996.791157858
경기도,용인시 기흥구,상갈동,상갈메트로파크,매매,407동,18/20,557000000,112.19,OWNER,"남향,올수리,트인뷰로 아주깔끔한집,서비스창고유,상갈역초역세권",25.07.18,"['25년이내', '올수리', '역세권', '방세개']",남향,16412534.495053036
경기도,용인시 기흥구,상갈동,상갈메트로파크,매매,408동,10/20,580000000,112.19,OWNER,"올수리로 컨디션 최상,조망굿,주인거주,상갈역도보2분,초품아,입주협의",25.07.18,"['25년이내', '올수리', '역세권', '방세개']",동향,17090251.359301187
경기도,용인시 기흥구,상갈동,상갈메트로파크,매매,407동,1/20,510000000,112.19,OWNER,"남향,올수리,확장,아이키우기좋은집,26년2월입주협의가능,초역세권",25.07.18,"['25년이내', '올수리', '역세권', '1층']",남향,15027634.815937249
경기도,용인시 기흥구,상갈동,상갈메트로파크,매매,408동,9/20,550000000,112.19,OWNER,"세안고,올수리로아주깨끗,초품아,상갈역도보2분거리",25.07.18,"['25년이내', '올수리', '역세권', '방세개']",동향,16206272.840716641
경기도,용인시 기흥구,상갈동,상갈메트로파크,매매,402동,15/17,550000000,112.19,OWNER,로얄매물 뻥뷰 짧은세낀매매26.4 상갈역도보2분,25.07.18,"['25년이내', '역세권', '방세개', '화장실두개']",남서향,16206272.840716641
경기도,용인시 기흥구,상갈동,상갈메트로파크,매매,405동,1/20,460000000,112.19,OWNER,급매 아이들키우기좋은1층 아주깨끗 상갈역도보2분,25.07.18,"['25년이내', '역세권', '1층', '급매']",남서향,13554337.28496301
경기도,용인시 기흥구,상갈동,상갈메트로파크,매매,405동,20/20,530000000,112.19,OWNER,화이트톤으로 수리되어 아주깨끗 탑층 트인뷰 상갈역도보2분,25.07.18,"['25년이내', '역세권', '탑층', '방세개']",남서향,15616953.828326948
경기도,용인시 기흥구,상갈동,상갈메트로파크,매매,406동,7/19,550000000,112.19,NDOC1,올수리 주인거주 밝고 깨끗 상갈역도보2분,25.07.18,"['25년이내', '올수리', '역세권', '방세개']",남서향,16206272.840716641
경기도,용인시 기흥구,상갈동,상갈메트로파크,매매,405동,1/20,500000000,112.19,NDOC1,세안고 밝은 남향 깨끗 층간소음 걱정 없어요,25.07.18,"['25년이내', '역세권', '1층', '방세개']",남서향,14732975.309742402
경기도,용인시 기흥구,상갈동,상갈메트로파크,매매,406동,16/19,530000000,112.19,NDOC1,세안고  26년5월 거실방확장 싱크대수리됨 해잘드는집,25.07.17,"['25년이내', '역세권', '방세개', '화장실두개']",남서향,15616953.828326948
경기도,용인시 기흥구,상갈동,상갈메트로파크,매매,407동,13/20,570000000,112.19,OWNER,남향 올수리 로열층 서비스창고 상갈역도보3분,25.07.17,"['25년이내', '올수리', '역세권', '방세개']",남향,16795591.85310634
경기도,용인시 기흥구,상갈동,상갈메트로파크,매매,407동,1/20,500000000,112.19,OWNER,"남향,최근샷시전체교체,부분수리로 아주깨끗,아이들키우기좋은1층,정상입주",25.07.15,"['25년이내', '역세권', '1층', '방세개']",남향,14732975.309742402
경기도,용인시 기흥구,상갈동,상갈메트로파크,매매,403동,5/20,520000000,112.19,NDOC1,세안고 26년12월만기일부수리됨 아늑한공원조망 깨끗,25.07.15,"['25년이내', '역세권', '방세개', '화장실두개']",동향,15322294.3221321
경기도,용인시 기흥구,상갈동,상갈메트로파크,매매,407동,1/20,500000000,112.19,NDOC1,35000세안고 거실방확장 싱크대수리,25.07.11,"['25년이내', '역세권', '1층', '방세개']",남향,14732975.309742402
경기도,용인시 기흥구,상갈동,상갈메트로파크,매매,404동,13/20,540000000,112.19,OWNER,세안고27년4월 특올수리 아주깨끗  공원뷰가 너무이쁜집 상갈역도보3분,25.07.10,"['25년이내', '올수리', '역세권', '방세개']",남동향,15911613.334521795
경기도,용인시 기흥구,상갈동,상갈메트로파크,매매,408동,15/20,550000000,112.19,NDOC1,"상갈역,수리돼고 관리잘돼서 매우 깨끗합니다 입주협의",25.07.10,"['25년이내', '역세권', '방세개', '화장실두개']",동향,16206272.840716641
경기도,용인시 기흥구,상갈동,상갈메트로파크,매매,407동,3/20,540000000,112.19,OWNER,입주협의 주인거주로관리잘된집 상갈역도보1분 서비스창고,25.07.09,"['25년이내', '역세권', '방세개', '화장실두개']",남서향,15911613.334521795
경기도,용인시 기흥구,상갈동,상갈메트로파크,매매,404동,3/20,520000000,112.19,NDOC1,"상갈역도보3분,  숲과 공원뷰가좋은집,",25.07.08,"['25년이내', '역세권', '방세개', '화장실두개']",남향,15322294.3221321
경기도,용인시 기흥구,상갈동,상갈메트로파크,매매,405동,12/20,570000000,112.19,DOC,"남향, 관리잘되어깨끗,  세안고 ,",25.07.11,"['25년이내', '역세권', '방세개', '화장실두개']",남향,16795591.85310634
경기도,용인시 기흥구,상갈동,상갈메트로파크,매매,407동,6/20,590000000,112.19,NDOC1,올수리 초역세권 남향 앞 전망  트인 집,25.06.28,"['25년이내', '올수리', '역세권', '방세개']",남향,17384910.865496036
경기도,용인시 기흥구,상갈동,상갈메트로파크,매매,408동,5/20,525000000,112.19,NDOC1,수리 상갈역 도보3분거리 앞 전망 좋고 관리 잘 된 집,25.06.28,"['25년이내', '역세권', '방세개', '화장실두개']",동향,15469624.075229522
경기도,용인시 기흥구,상갈동,상갈메트로파크,매매,408동,1/20,500000000,112.19,NDOC1,긴세안고 일부수리깨끗 상갈역도보1분,25.06.26,"['25년이내', '역세권', '1층', '방세개']",남향,14732975.309742402
경기도,용인시 기흥구,상갈동,상갈메트로파크,매매,403동,12/20,600000000,112.19,OWNER,세안고 특올수리 폴딩도어 숲뷰가너무이쁜집 서비스창고 상갈역도보2분,25.06.24,"['25년이내', '올수리', '역세권', '방세개']",남향,17679570.371690884
경기도,용인시 기흥구,상갈동,상갈메트로파크,매매,401동,1/19,530000000,112.19,DOC,1층 샷시까지 최근올수리 로얄동 밝은 남향 상갈역1분,25.07.04,"['25년이내', '올수리', '역세권', '1층']",남향,15616953.828326948
경기도,용인시 기흥구,상갈동,상갈메트로파크,매매,402동,5/17,570000000,112.19,DOC,"올수리,방1확장, 전세낀매매",25.06.30,"['25년이내', '올수리', '역세권', '방세개']",남서향,16795591.85310634
경기도,용인시 기흥구,상갈동,상갈메트로파크,매매,403동,5/20,520000000,112.19,NONE,세안고32800 26년12월만기 공원조망 초역세권,25.07.08,"['25년이내', '역세권', '방세개', '화장실두개']",동향,15322294.3221321
경기도,용인시 기흥구,상갈동,상갈메트로파크,매매,407동,18/20,553000000,112.19,NONE,올수리 아주깨끗 남향 앞트인라인 주인거주 ,25.07.01,"['25년이내', '올수리', '역세권', '방세개']",남향,16294670.692575097
경기도,용인시 기흥구,상갈동,상갈메트로파크,매매,408동,1/20,470000000,112.19,NONE,샷시까지올수리됨 동향 이사협의 급매,25.07.01,"['25년이내', '올수리', '역세권', '1층']",동향,13848996.791157858
경기도,용인시 기흥구,상갈동,상갈메트로파크,매매,406동,12/19,540000000,112.19,NONE,올수리 입주협의 밝은 남향 상갈초역세권,25.06.25,"['25년이내', '올수리', '역세권', '방세개']",남서향,15911613.334521795
경기도,용인시 기흥구,상갈동,상갈메트로파크,매매,408동,4/20,505000000,112.19,NONE,밝은남향 주인거주 상갈역도보1분 버스정류장가까운동 ,25.06.25,"['25년이내', '역세권', '방세개', '화장실두개']",남향,14880305.062839828
경기도,용인시 기흥구,상하동,갈천마을신일유토빌,매매,101동,12/19,520000000,148.16,OWNER,"기본,확트인산전망,입구로얄동,지석역도보5분,지석초",25.07.21,"['25년이내', '역세권', '대형평수', '방네개이상']",남동향,11602377.159827214
경기도,용인시 기흥구,상하동,갈천마을신일유토빌,매매,103동,11/19,500000000,148.16,OWNER,"44형,초입편리한로얄동,수리된집,전망뷰굿,초입로얄동,지석역,지석초",25.07.19,"['25년이내', '역세권', '대형평수', '방네개이상']",남서향,11156131.884449244
경기도,용인시 기흥구,상하동,갈천마을신일유토빌,매매,101동,고/19,510000000,148.16,OWNER,"44형 산전망 최고, 입구동로얄층, 주인전세가능, 지석역지석초",25.07.21,"['25년이내', '역세권', '대형평수', '방네개이상']",남동향,11379254.52213823
경기도,용인시 기흥구,상하동,갈천마을신일유토빌,매매,101동,11/19,490000000,148.16,OWNER,"44형,급매,수리된집,집상태최상,붙박이장설치,입주일협의가능,전망너무좋아요",25.07.11,"['25년이내', '역세권', '급매', '대형평수']",남서향,10933009.24676026
경기도,용인시 기흥구,상하동,갈천마을신일유토빌,매매,103동,중/19,500000000,148.16,NDOC1,"44형 올수리, 입구동으로 생활편리함, 전세도가능,지석역지석초",25.07.16,"['25년이내', '올수리', '역세권', '대형평수']",남향,11156131.884449244
경기도,용인시 기흥구,상하동,갈천마을신일유토빌,매매,102동,16/19,510000000,148.16,OWNER,"44형,집상태최상,초입로얄동,확트인뷰,온종일햇빛가득 너무좋아요",25.07.09,"['25년이내', '역세권', '대형평수', '방네개이상']",남동향,11379254.52213823
경기도,용인시 기흥구,상하동,갈천마을신일유토빌,매매,105동,3/19,480000000,148.16,NDOC1,"44형 급매, 조망 좋은 집, 저층이지만 채광굿, 협의입주가능",25.07.02,"['25년이내', '역세권', '급매', '대형평수']",남서향,10709886.609071275
경기도,용인시 기흥구,상하동,갈천마을신일유토빌,매매,106동,10/19,520000000,148.16,OWNER,"44형,집상태최상,전망가장좋은로얄동,3.7억전세안고,갭투가능,채광좋음",25.07.02,"['25년이내', '역세권', '대형평수', '방네개이상']",남동향,11602377.159827214
경기도,용인시 기흥구,상하동,갈천마을신일유토빌,매매,106동,저/19,500000000,148.16,DOC,"44형  입구동으로 생활편리, 채광좋음, 입주협의가능, 지석초 지석역",25.07.16,"['25년이내', '역세권', '대형평수', '방네개이상']",남동향,11156131.884449244
경기도,용인시 기흥구,상하동,갈천마을신일유토빌,매매,102동,중/19,480000000,148.16,DOC,"44형 급매, 집상태최상, 입구동이라 생활편리",25.07.15,"['25년이내', '역세권', '급매', '대형평수']",남동향,10709886.609071275
경기도,용인시 기흥구,상하동,갈천마을신일유토빌,매매,103동,7/19,510000000,148.16,DOC,"44형 일부수리된 깨끗한 집, 빠른입주가능, 편안한 뷰",25.07.07,"['25년이내', '역세권', '대형평수', '방네개이상']",남서향,11379254.52213823
경기도,용인시 기흥구,상하동,갈천마을신일유토빌,매매,101동,저/19,500000000,148.16,NDOC1,"44형, 편안한 숲조망, 채광좋음, 지석역5분거리.초품아",25.07.01,"['25년이내', '역세권', '대형평수', '방네개이상']",남동향,11156131.884449244
경기도,용인시 기흥구,상하동,갈천마을신일유토빌,매매,105동,중/19,510000000,148.16,NDOC1,상태 좋은 44형 단지 초입 평지 매물입니다.,25.06.30,"['25년이내', '역세권', '대형평수', '방네개이상']",남서향,11379254.52213823
경기도,용인시 기흥구,상하동,갈천마을신일유토빌,매매,103동,16/19,490000000,148.16,DOC,,25.06.30,"['25년이내', '역세권', '대형평수', '방네개이상']",남서향,10933009.24676026
경기도,용인시 기흥구,상하동,갈천마을신일유토빌,매매,106동,중/19,530000000,148.16,OWNER,44형 집상태최상 로얄동  입주협의 앞뒤전망너무좋아요,25.06.26,"['25년이내', '역세권', '복층', '대형평수']",남동향,11825499.797516199
경기도,용인시 기흥구,상하동,갈천마을신일유토빌,매매,103동,11/19,500000000,148.16,NONE,,25.07.01,"['25년이내', '역세권', '대형평수', '방네개이상']",남서향,11156131.884449244
경기도,용인시 기흥구,상하동,갈천마을신일유토빌,매매,104동,1/17,430000000,125.58,NDOC1,"37형, 올확장, 아이들 뛰어놀기 좋은 1층,정원전망 밝은 채광굿",25.07.21,"['25년이내', '마당', '역세권', '1층']",남동향,11319378.483835006
경기도,용인시 기흥구,상하동,갈천마을신일유토빌,매매,109동,3/17,420000000,125.58,NDOC1,"37형 전세안고가능,소액으로 투자가능, 지석역",25.07.15,"['25년이내', '방세개', '화장실두개', '세대당1대']",남서향,11056137.12374582
경기도,용인시 기흥구,상하동,갈천마을신일유토빌,월세,107동,고/18,"3,000/155",125.58,OWNER,"37형,지하주차연결로얄동,집상태깨끗함,온종일채광,전망뷰굿,지석역5분",25.07.18,"['25년이내', '방세개', '화장실두개', '고층']",남서향,
경기도,용인시 기흥구,상하동,갈천마을신일유토빌,매매,109동,3/17,430000000,125.58,OWNER,"37형,일부수리된집,집상태깨끗,빠른입주,지하주차장연결로얄동,바로앞지석초",25.07.08,"['25년이내', '방세개', '화장실두개', '세대당1대']",남서향,11319378.483835006
경기도,용인시 기흥구,상하동,갈천마을신일유토빌,매매,109동,8/17,430000000,125.58,OWNER,"37형,집상태깨끗,입주가능,주차장 연결동,채광좋은집,앞뒤전망뷰최고,세안고",25.07.08,"['25년이내', '방세개', '화장실두개', '중층']",남서향,11319378.483835006
경기도,용인시 기흥구,상하동,갈천마을신일유토빌,매매,110동,2/19,390000000,110.62,OWNER,"33형,급매,전세안고,화이트올수리된집,방1확장,산전망좋은뷰,바로앞지석초",25.07.19,"['25년이내', '올수리', '급매', '방세개']",남동향,11654819.652865667
경기도,용인시 기흥구,상하동,갈천마을신일유토빌,매매,111동,저/19,395000000,110.62,NDOC1,"33형 입주가능, 채광좋음, 집상태깨끗함, 지석초후문, 지석역 5분",25.07.17,"['25년이내', '방세개', '화장실두개', '세대당1대']",남서향,11804240.417645996
경기도,용인시 기흥구,상하동,갈천마을신일유토빌,매매,108동,중/19,395000000,110.62,DOC,"33형,산조망뷰최고,집상태최상,수리된집,씽크대교체등,입주가능",25.07.02,"['25년이내', '방세개', '화장실두개', '중층']",남동향,11804240.417645996
경기도,용인시 기흥구,상하동,강남마을9단지한라비발디,매매,901동,17/25,510000000,155.79,OWNER,"날자협의,씽크교체,깨끗,중간라인,버스정류장인접,전세대 정남향",25.07.17,"['25년이내', '대형평수', '방네개이상', '화장실두개']",남향,10821942.037357984
경기도,용인시 기흥구,상하동,강남마을9단지한라비발디,매매,902동,고/23,520000000,155.79,NDOC1,"급매, 방4 화2, 조망최고, 입주날짜협의가능, 대중교통이용편리함",25.07.21,"['25년이내', '급매', '대형평수', '방네개이상']",남향,11034136.979266962
경기도,용인시 기흥구,상하동,강남마을9단지한라비발디,매매,901동,25/25,560000000,155.79,DOC,"탑층 ,복층, 상태 깨끗",25.07.21,"['25년이내', '복층', '대형평수', '탑층']",남향,11882916.746902885
경기도,용인시 기흥구,상하동,강남마을9단지한라비발디,매매,901동,12/25,550000000,155.79,DOCV2,"최근 특올수리,붙박이장,전망 좋고, 상태 깨끗",25.07.16,"['25년이내', '올수리', '대형평수', '방네개이상']",남향,11670721.804993903
경기도,용인시 기흥구,상하동,강남마을9단지한라비발디,매매,902동,19/23,550000000,155.79,DOC,"수리하여 깨끗함,조망좋음,광역버스5분이내",25.07.19,"['25년이내', '대형평수', '방네개이상', '화장실두개']",남향,11670721.804993903
경기도,용인시 기흥구,상하동,강남마을9단지한라비발디,월세,901동,25/25,"5,000/160",155.79,DOC,보증금 조정 가능.전망 좋은 복층 탑층,25.07.19,"['25년이내', '복층', '대형평수', '탑층']",남향,
경기도,용인시 기흥구,상하동,강남마을9단지한라비발디,매매,902동,16/23,540000000,155.79,DOCV2,전망좋은 깨끗한집,25.07.12,"['25년이내', '대형평수', '방네개이상', '화장실두개']",남향,11458526.863084923
경기도,용인시 기흥구,상하동,강남마을9단지한라비발디,매매,902동,10/23,520000000,155.79,DOC,"방3개큰방2개,작은방1,광역버스5분내,어정,지석역 8분",25.07.15,"['25년이내', '대형평수', '방두개', '화장실두개']",남향,11034136.979266962
경기도,용인시 기흥구,상하동,강남마을9단지한라비발디,매매,902동,14/23,650000000,155.79,DOC,"올수리, 시스템에어컨, 주인거주관리잘됨",25.07.15,"['25년이내', '올수리', '대형평수', '방네개이상']",남향,13792671.224083705
경기도,용인시 기흥구,상하동,강남마을9단지한라비발디,매매,902동,5/23,530000000,155.79,DOCV2,"거실, 방1 확장 되어있는 전망좋은집",25.07.08,"['25년이내', '대형평수', '방네개이상', '화장실두개']",남향,11246331.921175944
경기도,용인시 기흥구,상하동,강남마을9단지한라비발디,매매,901동,8/25,500000000,155.79,DOC,"채광좋고  전망 아주 좋음, 서울 광역 버스 이용 아주 편리",25.07.11,"['25년이내', '대형평수', '방네개이상', '화장실두개']",남향,10609747.095449002
경기도,용인시 기흥구,상하동,강남마을9단지한라비발디,매매,902동,17/23,510000000,155.79,DOCV2,"밝고 전망좋은집,상태깨끗",25.06.30,"['25년이내', '대형평수', '방네개이상', '화장실두개']",남향,10821942.037357984
경기도,용인시 기흥구,상하동,강남마을9단지한라비발디,매매,901동,11/25,540000000,155.79,DOC,"광역버스5분이내,어정,지석역 10분이내,깨끗,해잘듦",25.07.04,"['25년이내', '대형평수', '방네개이상', '화장실두개']",남향,11458526.863084923
경기도,용인시 기흥구,상하동,강남마을9단지한라비발디,매매,902동,8/23,510000000,155.79,DOCV2,"전세안고 매매.거실확장,화장실 수리",25.06.27,"['25년이내', '욕실수리', '대형평수', '방네개이상']",남향,10821942.037357984
경기도,용인시 기흥구,상하동,강남마을9단지한라비발디,매매,901동,4/25,520000000,155.79,DOCV2,"주인 거주 관리 잘 되어 있음,교통편리,정원조망",25.06.27,"['25년이내', '마당', '대형평수', '방네개이상']",남향,11034136.979266962
경기도,용인시 기흥구,상하동,강남마을9단지한라비발디,매매,901동,11/25,530000000,155.79,DOCV2,"전세안고,최근 수리한 깨끗한집",25.06.24,"['25년이내', '대형평수', '방네개이상', '화장실두개']",남향,11246331.921175944
경기도,용인시 기흥구,상하동,강남마을9단지한라비발디,전세,901동,고/25,420000000,155.79,DOC,"앞전망,광역버스3분,어정.지석역8분정도,농산물직판장5분",25.07.04,"['25년이내', '대형평수', '방네개이상', '화장실두개']",남향,8912187.560177162
경기도,용인시 기흥구,상하동,강남마을9단지한라비발디,매매,901동,21/25,530000000,155.79,DOC,"앞전망 좋음,광역버스3분내,어정,지석역 10분이내,농산물직판장5분",25.06.27,"['25년이내', '대형평수', '방네개이상', '화장실두개']",남향,11246331.921175944
경기도,용인시 기흥구,상하동,강남마을9단지한라비발디,월세,901동,고/25,"5,000/160",155.79,DOC,"앞전망,광엯버스3분,어정,지석역10분이내,농산물직판장5분,햇빛잘듬",25.06.27,"['25년이내', '대형평수', '방네개이상', '화장실두개']",남향,
경기도,용인시 기흥구,상하동,강남마을9단지한라비발디,전세,902동,저/23,380000000,155.79,DOC,"정원뷰,조용한동,광역버스5분내,어정,지석역10분이내,애완사육안됨",25.06.24,"['25년이내', '대형평수', '방네개이상', '화장실두개']",남향,8063407.792541242
경기도,용인시 기흥구,상하동,강남마을9단지한라비발디,매매,905동,중/25,430000000,110.75,OWNER,남향의 전망좋고 깨끗한집 살기좋은 단지,25.07.17,"['25년이내', '방세개', '화장실한개', '중층']",남향,12835102.03160271
경기도,용인시 기흥구,상하동,강남마을9단지한라비발디,매매,907동,14/25,430000000,110.75,DOCV2,"방2 확장,최근 수리한 전망 좋은 깨끗한집",25.07.14,"['25년이내', '방세개', '화장실두개', '중층']",남향,12835102.03160271
경기도,용인시 기흥구,상하동,강남마을9단지한라비발디,매매,908동,20/25,420000000,110.75,NDOC1,"숲전망굿,부분수리로관리잘된예쁜집,입주협의",25.07.07,"['25년이내', '방세개', '화장실한개', '고층']",남향,12536611.286681715
경기도,용인시 기흥구,상하동,강남마을9단지한라비발디,매매,905동,중/25,430000000,110.75,DOC,"방2확장,전망 좋은 예쁜집",25.07.16,"['25년이내', '방세개', '화장실두개', '중층']",남향,12835102.03160271
경기도,용인시 기흥구,상하동,강남마을9단지한라비발디,매매,908동,3/25,390000000,110.75,DOCV2,"방1확장,조용하고 전망좋은집",25.06.30,"['25년이내', '방세개', '화장실두개', '세대당1대']",남향,11641139.051918738
경기도,용인시 기흥구,상하동,강남마을9단지한라비발디,매매,905동,고/25,420000000,110.75,DOC,"전세안고, 올확장,전망좋고 깨끗한집",25.07.08,"['25년이내', '방세개', '화장실두개', '고층']",남향,12536611.286681715
경기도,용인시 기흥구,상하동,강남마을9단지한라비발디,매매,907동,5/25,390000000,110.75,DOC,"저렴하고,전망좋은집",25.06.30,"['25년이내', '방세개', '화장실두개', '세대당1대']",남향,11641139.051918738
경기도,용인시 기흥구,상하동,강남마을9단지한라비발디,매매,905동,7/25,410000000,110.75,DOC,"비교적깨끗한편임,조용한동,",25.06.24,"['25년이내', '방세개', '화장실두개', '세대당1대']",남향,12238120.541760722
경기도,용인시 기흥구,상하동,강남마을9단지한라비발디,매매,903동,19/24,390000000,110.24,OWNER,"공원앞 쾌적하고 전망 굿, 주인거주, 리모델링, 화장실1,드레스룸",25.07.19,"['25년이내', '방세개', '화장실한개', '고층']",남향,11694994.103773586
경기도,용인시 기흥구,상하동,강남마을9단지한라비발디,매매,908동,15/25,475000000,110.24,DOCV2,"3년전 한샘 특올수리,외부 샷시 교체,방2 확장",25.07.21,"['25년이내', '올수리', '방세개', '화장실두개']",남향,14243903.075108854
경기도,용인시 기흥구,상하동,강남마을9단지한라비발디,매매,903동,13/24,450000000,110.24,DOCV2,"거실,방2확장,붙박이장,일부 수리",25.07.21,"['25년이내', '방세개', '화장실두개', '중층']",남향,13494223.9658926
경기도,용인시 기흥구,상하동,강남마을9단지한라비발디,매매,905동,15/25,450000000,110.24,NDOC1,"집주인거주, 최근올수리, 방1확장, 날짜협의가능해요.",25.07.15,"['25년이내', '올수리', '방세개', '화장실두개']",남향,13494223.9658926
경기도,용인시 기흥구,상하동,강남마을9단지한라비발디,매매,906동,6/25,425000000,110.24,DOC,전망좋고 깨끗한집,25.07.21,"['25년이내', '방세개', '화장실두개', '세대당1대']",남향,12744544.856676344
경기도,용인시 기흥구,상하동,강남마을9단지한라비발디,매매,903동,6/24,415000000,110.24,DOC,전만 좋은 깨끗한집입니다,25.07.21,"['25년이내', '방세개', '화장실두개', '세대당1대']",남향,12444673.21298984
경기도,용인시 기흥구,상하동,강남마을9단지한라비발디,매매,906동,22/25,430000000,110.24,DOC,"방2확장,전망 좋은 예쁜집",25.07.19,"['25년이내', '방세개', '화장실두개', '고층']",남향,12894480.678519595
경기도,용인시 기흥구,상하동,강남마을9단지한라비발디,매매,908동,1/25,385000000,110.24,NDOC1,"샷시포함 올수리, 아이들 놀기좋은 1층, 프라이버시보호 가능한집",25.07.07,"['25년이내', '올수리', '1층', '방세개']",남향,11545058.281930335
경기도,용인시 기흥구,상하동,강남마을9단지한라비발디,매매,903동,7/24,455000000,110.24,DOCV2,"전세안고,2년전 특올수리,방2확장",25.07.12,"['25년이내', '올수리', '방세개', '화장실두개']",남향,13644159.787735851
경기도,용인시 기흥구,상하동,강남마을9단지한라비발디,매매,906동,4/25,400000000,110.24,DOCV2,"주차 편리한 동, 전망 좋은집",25.07.12,"['25년이내', '방세개', '화장실두개', '세대당1대']",남향,11994865.747460088
경기도,용인시 기흥구,상하동,강남마을9단지한라비발디,매매,907동,12/25,470000000,110.24,DOCV2,"3년전 올수리,거실, 방 2확장, 전망좋고 예쁜집",25.07.12,"['25년이내', '올수리', '방세개', '화장실두개']",남향,14093967.253265604
경기도,용인시 기흥구,상하동,강남마을9단지한라비발디,매매,906동,7/25,410000000,110.24,DOCV2,"방1확장, 주차 편리",25.07.12,"['25년이내', '방세개', '화장실두개', '세대당1대']",남향,12294737.39114659
경기도,용인시 기흥구,상하동,강남마을9단지한라비발디,매매,904동,21/25,425000000,110.24,DOCV2,전망좋은 상태 깨끗한집,25.07.12,"['25년이내', '방세개', '화장실두개', '고층']",남향,12744544.856676344
경기도,용인시 기흥구,상하동,강남마을9단지한라비발디,매매,907동,18/25,460000000,110.24,DOC,"거실,방1확장,3년전 올수리한 전망좋고 예쁜집,",25.07.14,"['25년이내', '올수리', '방세개', '화장실두개']",남향,13794095.609579103
경기도,용인시 기흥구,상하동,강남마을9단지한라비발디,매매,908동,6/25,480000000,110.24,DOC,"거실,방1확장, 붙박이장,최근수리, 엄청깨끗",25.07.14,"['25년이내', '방세개', '화장실두개', '세대당1대']",남향,14393838.896952106
경기도,용인시 기흥구,상하동,강남마을9단지한라비발디,매매,906동,고/25,450000000,110.24,DOC,"다락방있는탑층,꺠끗하고전망좋음,햇빛좋음,주차동,버스5분내,언제든 입주가능",25.07.19,"['25년이내', '방세개', '화장실두개', '고층']",남향,13494223.9658926
경기도,용인시 기흥구,상하동,강남마을9단지한라비발디,매매,903동,고/24,435000000,110.24,DOCV2,전망좋고 상태 깨끗,25.07.14,"['25년이내', '방세개', '화장실두개', '고층']",남향,13044416.500362845
경기도,용인시 기흥구,상하동,강남마을9단지한라비발디,월세,906동,고/25,"5,000/130",110.24,DOCV2,"싱크대교체, 도배, 화장실 천정 수리조건.",25.07.14,"['25년이내', '주방교체', '방세개', '화장실두개']",남향,
경기도,용인시 기흥구,상하동,강남마을9단지한라비발디,매매,906동,12/25,430000000,110.24,DOC,"전세안고,최근 수리한 깨끗한집",25.07.12,"['25년이내', '방세개', '화장실두개', '중층']",남향,12894480.678519595
경기도,용인시 기흥구,상하동,강남마을9단지한라비발디,매매,908동,17/25,480000000,110.24,DOC,"최근 올수리, 거실,방2개 확장",25.07.10,"['25년이내', '올수리', '방두개', '화장실두개']",남향,14393838.896952106
경기도,용인시 기흥구,상하동,강남마을9단지한라비발디,매매,908동,1/25,450000000,110.24,DOCV2,"거실,방1확장,최근수리, 엄청깨끗",25.07.05,"['25년이내', '1층', '방세개', '화장실두개']",남향,13494223.9658926
경기도,용인시 기흥구,상하동,강남마을9단지한라비발디,매매,906동,17/25,420000000,110.24,DOCV2,"방2확장, 전망좋고 주차편한동",25.07.05,"['25년이내', '방세개', '화장실두개', '고층']",남향,12594609.034833092
경기도,용인시 기흥구,상하동,강남마을9단지한라비발디,매매,903동,15/24,485000000,110.24,DOC,"거실,방1확장,최근수리, 엄청깨끗",25.07.08,"['25년이내', '방세개', '화장실두개', '중층']",남향,14543774.718795357
경기도,용인시 기흥구,상하동,강남마을9단지한라비발디,매매,907동,5/25,390000000,110.24,DOCV2,"전세안고,상태깨끗",25.07.03,"['25년이내', '방세개', '화장실두개', '세대당1대']",남향,11694994.103773586
경기도,용인시 기흥구,상하동,강남마을9단지한라비발디,매매,905동,25/25,500000000,110.24,DOCV2,"최근수리,올확장,전망 좋고 상태 깨끗",25.06.30,"['25년이내', '복층', '탑층', '방세개']",남향,14993582.184325112
경기도,용인시 기흥구,상하동,강남마을9단지한라비발디,매매,905동,5/25,400000000,110.24,DOC,"전세안고, 싱크대 교체,등교체,도배, 장판 교체,화장실 수리",25.07.03,"['25년이내', '욕실수리', '주방교체', '방세개']",남향,11994865.747460088
경기도,용인시 기흥구,상하동,강남마을9단지한라비발디,매매,905동,12/25,460000000,110.24,DOC,최근 수리한 예쁜집,25.06.30,"['25년이내', '방세개', '화장실두개', '중층']",남향,13794095.609579103
경기도,용인시 기흥구,상하동,강남마을9단지한라비발디,매매,906동,고/25,430000000,110.24,DOC,"거실,방2개확장,아주깨끗,수리한지얼마안됨,주차동,햇빛잘듦,조망좋음",25.07.04,"['25년이내', '방두개', '화장실두개', '고층']",남향,12894480.678519595
경기도,용인시 기흥구,상하동,강남마을9단지한라비발디,매매,908동,중/25,450000000,110.24,DOC,"방1확장, 상태 깨끗",25.07.03,"['25년이내', '방세개', '화장실두개', '중층']",남향,13494223.9658926
경기도,용인시 기흥구,상하동,대우,매매,103동,3/20,280000000,108.87,MOBL,제일좋은 라인,25.07.15,"['25년이상', '방세개', '화장실두개', '저층']",남향,8502064.847983833
경기도,용인시 기흥구,상하동,대우,매매,103동,10/20,300000000,108.87,NDOC2,33 공기좋은 숲세권  앞.뒤 뻥뷰  빠른입주,25.07.21,"['25년이상', '방세개', '화장실두개', '중층']",남향,9109355.194268394
경기도,용인시 기흥구,상하동,대우,매매,103동,4/20,280000000,108.87,MOBL,,25.07.09,"['25년이상', '방세개', '화장실두개', '저층']",남향,8502064.847983833
경기도,용인시 기흥구,상하동,대우,매매,102동,저/18,290000000,108.87,OWNER,관리잘 된 깨끗한 집,25.07.15,"['25년이상', '방세개', '화장실두개', '주차가능']",남동향,8805710.021126114
경기도,용인시 기흥구,상하동,대우,매매,102동,4/18,290000000,108.87,OWNER,"올 인테리어 ,예뻐요.해 잘들고 전망좋음",25.07.07,"['25년이상', '방세개', '화장실두개', '저층']",남동향,8805710.021126114
경기도,용인시 기흥구,상하동,대우,매매,103동,1/20,260000000,108.87,OWNER,아이들편하게 키우세요 집은 주인거주라 깨끗해요,25.07.04,"['25년이상', '1층', '방세개', '화장실두개']",남향,7894774.501699274
경기도,용인시 기흥구,상하동,대우,매매,102동,저/18,275000000,108.87,TEL,"올수리, 가격저렴",25.07.11,"['25년이상', '올수리', '방세개', '화장실두개']",남향,8350242.261412695
경기도,용인시 기흥구,상하동,대우,매매,103동,14/20,310000000,108.87,OWNER,초저가 아파트 정상입주 가능,25.06.25,"['25년이상', '방세개', '화장실두개', '고층']",남향,9413000.367410675
경기도,용인시 기흥구,상하동,대우,매매,102동,저/18,300000000,108.87,NDOC1,세안고매매 최근 특 올수리된 집,25.06.27,"['25년이상', '올수리', '방세개', '화장실두개']",남향,9109355.194268394
경기도,용인시 기흥구,상하동,대우,매매,102동,9/18,280000000,108.87,NONE,조용하고 대중교통 최고,25.07.09,"['25년이상', '방세개', '화장실두개', '중층']",남향,8502064.847983833
경기도,용인시 기흥구,상하동,대우,매매,104동,10/20,250000000,81.49,OWNER,로얄층 확장형 전세2억 안고,25.07.15,"['25년이상', '방세개', '화장실한개', '중층']",동향,10141689.16431464
경기도,용인시 기흥구,상하동,대우,매매,101동,1/20,220000000,81.49,OWNER,입구동 빠른입주 가능합니다.,25.07.15,"['25년이상', '1층', '방세개', '화장실한개']",남동향,8924686.464596884
경기도,용인시 기흥구,상하동,대우,매매,101동,3/20,240000000,81.49,NDOC1,긴세안고 수리되어깨끗 산전망초록뷰,25.07.11,"['25년이상', '방세개', '화장실한개', '주차가능']",남동향,9736021.597742055
경기도,용인시 기흥구,상하동,대우,전세,104동,중/20,210000000,81.49,DOC,깔끔하게 관리잘된집 조용합니다,25.07.15,"['25년이상', '융자금없는', '방세개', '화장실한개']",동향,8519018.898024298
경기도,용인시 기흥구,상하동,대우,월세,104동,고/20,"1억 7,000/20",81.49,DOC,입주일협의. 대중교통편리. 공기좋고 확트인 전망이 아주좋아요,25.07.14,"['25년이상', '방세개', '화장실한개', '고층']",남서향,
경기도,용인시 기흥구,상하동,대우,매매,104동,고/20,240000000,81.49,OWNER,"숲전망조용하고 ,교통 편리함 ,깨끗함",25.07.03,"['25년이상', '방세개', '화장실한개', '고층']",동향,9736021.597742055
경기도,용인시 기흥구,상하동,대우,전세,101동,1/20,190000000,81.49,OWNER,초입동 1층 빠른입주 가능,25.06.24,"['25년이상', '융자금없는', '1층', '방세개']",남동향,7707683.764879127
경기도,용인시 기흥구,상하동,대우,매매,101동,17/20,250000000,81.49,DOC,"해 잘들고 전망좋음, 교통편리",25.06.25,"['25년이상', '방세개', '화장실한개', '고층']",남동향,10141689.16431464
경기도,용인시 기흥구,상하동,수원동마을쌍용3단지,매매,314동,2/18,500000000,189.24,OWNER,입주협의.싱크대. 욕실.붙박이장.중문 등 올수리로 깨끗해요. ,25.07.21,"['25년이내', '올수리', '대단지', '대형평수']",남동향,8734371.697315577
경기도,용인시 기흥구,상하동,수원동마을쌍용3단지,매매,318동,18/18,550000000,189.24,OWNER,올수리된 탑층 층간소음없고 전망최고 방5 재택근무에도 좋아요,25.07.17,"['25년이내', '올수리', '대단지', '대형평수']",남동향,9607808.867047137
경기도,용인시 기흥구,상하동,수원동마을쌍용3단지,매매,318동,6/18,460000000,189.24,NDOC1,"방5, 화이트 인테리어, 베란다 탄성코트, 입주 협의",25.07.16,"['25년이내', '대단지', '대형평수', '방네개이상']",남동향,8035621.961530332
경기도,용인시 기흥구,상하동,수원동마을쌍용3단지,매매,318동,중/18,420000000,189.24,OWNER,초급매 방5개  기본 뒷산전망좋은 관리잘 된 깨끗한 집,25.07.21,"['25년이내', '대단지', '급매', '대형평수']",남동향,7336872.225745086
경기도,용인시 기흥구,상하동,수원동마을쌍용3단지,매매,318동,저/18,570000000,189.24,NDOC1,"방5, 초품아, 올수리, 중문, 붙박이장, 입주 협의",25.07.17,"['25년이내', '올수리', '대단지', '대형평수']",남동향,9957183.73493976
경기도,용인시 기흥구,상하동,수원동마을쌍용3단지,매매,318동,고/18,500000000,189.24,OWNER,주인직 거주 관리잘된집 전망 최고임,25.07.15,"['25년이내', '대단지', '대형평수', '방네개이상']",남동향,8734371.697315577
경기도,용인시 기흥구,상하동,수원동마을쌍용3단지,매매,318동,13/18,500000000,189.24,OWNER,인테리어된 white톤 예쁜집 산전망좋고 넓은집 햇빛좋아요,25.07.08,"['25년이내', '대단지', '대형평수', '방네개이상']",남동향,8734371.697315577
경기도,용인시 기흥구,상하동,수원동마을쌍용3단지,매매,315동,12/18,460000000,189.24,DOC,방5개 넓은집으로 재택근무하기 편해요,25.07.17,"['25년이내', '대단지', '대형평수', '방네개이상']",남동향,8035621.961530332
경기도,용인시 기흥구,상하동,수원동마을쌍용3단지,매매,315동,중/18,460000000,189.24,OWNER,"입주일협의가능,집상태깨끗, 산책하기좋아요,조용하고살기편한집",25.07.11,"['25년이내', '대단지', '대형평수', '방네개이상']",남동향,8035621.961530332
경기도,용인시 기흥구,상하동,수원동마을쌍용3단지,매매,314동,6/18,500000000,189.24,OWNER,방5개 소유주사는 관리잘된 넓고 깨끗한집,25.07.03,"['25년이내', '대단지', '대형평수', '방네개이상']",남동향,8734371.697315577
경기도,용인시 기흥구,상하동,수원동마을쌍용3단지,매매,318동,중/18,470000000,189.24,NONE,급매물로 적극추천. 방5욕2. 넓고 살기 편해요. 공기좋고 산좋은 집,25.07.04,"['25년이내', '대단지', '급매', '대형평수']",남동향,8210309.395476643
경기도,용인시 기흥구,상하동,수원동마을쌍용3단지,매매,314동,16/18,390000000,153.54,NDOC1,"급매, 방4, 채광과 뷰가 좋은 집, 입주 협의",25.07.21,"['25년이내', '대단지', '급매', '대형평수']",남동향,8396874.75576397
경기도,용인시 기흥구,상하동,수원동마을쌍용3단지,매매,315동,6/18,390000000,153.54,OWNER,방4 산전망있는 햇빛좋은 관리잘된 집,25.07.21,"['25년이내', '대단지', '대형평수', '방네개이상']",남동향,8396874.75576397
경기도,용인시 기흥구,상하동,수원동마을쌍용3단지,매매,304동,16/20,410000000,153.54,OWNER,뒷산전망좋은 방4개 소유주거주 관리잘된 깨끗한집 빠른입주도 가능,25.07.21,"['25년이내', '대단지', '대형평수', '방네개이상']",남동향,8827483.717598021
경기도,용인시 기흥구,상하동,수원동마을쌍용3단지,매매,314동,14/18,390000000,153.54,OWNER,급매 방4 씽크대 욕실2개 리모델링된 작은방확장 관리잘된 산전망있는집,25.07.21,"['25년이내', '대단지', '급매', '대형평수']",남동향,8396874.75576397
경기도,용인시 기흥구,상하동,수원동마을쌍용3단지,매매,304동,12/20,450000000,153.54,NDOC1,"방4, 방 확장, 초품아, 고층뷰, 입주 협의",25.07.21,"['25년이내', '대단지', '대형평수', '방네개이상']",남동향,9688701.64126612
경기도,용인시 기흥구,상하동,수원동마을쌍용3단지,매매,304동,8/20,470000000,153.54,NDOC1,"방4, 거실 확장, 특올수리, 붙박이장, 중문, 입주 협의",25.07.18,"['25년이내', '올수리', '대단지', '대형평수']",남동향,10119310.60310017
경기도,용인시 기흥구,상하동,수원동마을쌍용3단지,매매,304동,20/20,540000000,153.54,NDOC1,"방4, 탑층, 도배, 싱크대 교체, 알파룸, 입주 협의",25.07.18,"['25년이내', '대단지', '주방교체', '대형평수']",남동향,11626441.969519345
경기도,용인시 기흥구,상하동,수원동마을쌍용3단지,매매,314동,5/18,500000000,153.54,OWNER,"방4, 특올수리, 중문, 베란다 보조 주방, 입주 협의",25.07.17,"['25년이내', '올수리', '대단지', '대형평수']",남동향,10765224.045851246
경기도,용인시 기흥구,상하동,수원동마을쌍용3단지,매매,302동,19/20,460000000,153.54,NDOC1,"방4, 로얄동, 올수리, 방 확장, 정남향, 입주 협의",25.07.17,"['25년이내', '올수리', '대단지', '대형평수']",남향,9904006.122183144
경기도,용인시 기흥구,상하동,수원동마을쌍용3단지,매매,304동,19/20,400000000,153.54,OWNER,급매 산전망있는 소유주사는 관리잘된 깨끗한집,25.07.17,"['25년이내', '대단지', '급매', '대형평수']",남동향,8612179.236680996
경기도,용인시 기흥구,상하동,수원동마을쌍용3단지,매매,316동,2/18,399000000,153.54,OWNER,"기본,상하초,입주일협의",25.07.17,"['25년이내', '대단지', '대형평수', '방네개이상']",남동향,8590648.788589293
경기도,용인시 기흥구,상하동,수원동마을쌍용3단지,월세,304동,11/20,"1억 6,000/80",153.54,DOCV2,"붙박이장전체새로하고 샷시 교체,  화이트톤 리모델링된 깨끗한집",25.07.17,"['25년이내', '대단지', '대형평수', '방네개이상']",남동향,
경기도,용인시 기흥구,상하동,수원동마을쌍용3단지,매매,304동,15/20,430000000,153.54,DOCV2,세안고 산전망있는 방4개 넓고 부분손을본 깨끗한 집,25.07.17,"['25년이내', '대단지', '대형평수', '방네개이상']",남동향,9258092.679432072
경기도,용인시 기흥구,상하동,수원동마을쌍용3단지,매매,316동,7/18,450000000,153.54,NDOC1,"방4, 초품아, 기본, 깨끗하게 관리, 입주 협의",25.07.11,"['25년이내', '대단지', '대형평수', '방네개이상']",남동향,9688701.64126612
경기도,용인시 기흥구,상하동,수원동마을쌍용3단지,월세,302동,고/20,"4,000/130",153.54,OWNER,입구동 정남향 햇빛좋은집 살기에 편한 로얄동층,25.07.17,"['25년이내', '대단지', '대형평수', '방네개이상']",남향,
경기도,용인시 기흥구,상하동,수원동마을쌍용3단지,매매,302동,중/20,460000000,153.54,OWNER,남향에 방4욕2 넓은 집. 로얄동이며 전망이 좋아요,25.07.17,"['25년이내', '대단지', '대형평수', '방네개이상']",남향,9904006.122183144
경기도,용인시 기흥구,상하동,수원동마을쌍용3단지,매매,316동,17/18,410000000,153.54,DOC,정상입주,25.07.17,"['25년이내', '대단지', '대형평수', '방네개이상']",남동향,8827483.717598021
경기도,용인시 기흥구,상하동,수원동마을쌍용3단지,매매,314동,중/18,495000000,153.54,OWNER,"방4, 관리 정말 잘 된 집, 거실 발코니 확장, 입주 협의",25.07.12,"['25년이내', '확장형', '대단지', '대형평수']",남동향,10657571.805392733
경기도,용인시 기흥구,상하동,수원동마을쌍용3단지,매매,304동,5/20,450000000,153.54,OWNER,뒷산전망있는 올수리된 소유주사는 깨끗한집,25.07.05,"['25년이내', '올수리', '대단지', '대형평수']",남동향,9688701.64126612
경기도,용인시 기흥구,상하동,수원동마을쌍용3단지,매매,314동,고/18,420000000,153.54,OWNER,"방4, 초품아, 올수리, 방 확장, 붙박이장, 입주 협의",25.07.11,"['25년이내', '올수리', '대단지', '대형평수']",남동향,9042788.198515046
경기도,용인시 기흥구,상하동,수원동마을쌍용3단지,매매,303동,20/20,450000000,153.54,OWNER,올수리된 소음없는 탑층 다락방있는 우물천정거실 살기에 좋아요,25.07.03,"['25년이내', '올수리', '대단지', '대형평수']",남동향,9688701.64126612
경기도,용인시 기흥구,상하동,수원동마을쌍용3단지,매매,302동,9/20,450000000,153.54,OWNER,입구동 정남향 씽크대 욕실 리모델링된 깨끗한집,25.07.03,"['25년이내', '대단지', '대형평수', '방네개이상']",남동향,9688701.64126612
경기도,용인시 기흥구,상하동,수원동마을쌍용3단지,매매,304동,중/20,420000000,153.54,NDOC1,"방4, 기본, 초품아, 입주 협의",25.07.04,"['25년이내', '대단지', '대형평수', '방네개이상']",남동향,9042788.198515046
경기도,용인시 기흥구,상하동,수원동마을쌍용3단지,전세,302동,저/20,270000000,153.54,OWNER,,25.06.27,"['25년이내', '융자금없는', '대단지', '대형평수']",남동향,5813220.984759673
경기도,용인시 기흥구,상하동,수원동마을쌍용3단지,매매,303동,저/20,420000000,153.54,DOC,"방4, 넓은 부엌, 아일랜드 식탁, 거실 발코니 확장, 입주 협의",25.07.05,"['25년이내', '확장형', '대단지', '대형평수']",남동향,9042788.198515046
경기도,용인시 기흥구,상하동,수원동마을쌍용3단지,매매,312동,17/18,349000000,115.88,OWNER,급매 앞뒤산전망좋은 전원아파트로 햇빛좋은집,25.07.21,"['25년이내', '대단지', '급매', '방세개']",남서향,9956152.614773905
경기도,용인시 기흥구,상하동,수원동마을쌍용3단지,매매,313동,1/16,360000000,115.88,OWNER,1층 아이들키우기 좋은 소유주사는 관리잘된 깨끗한집,25.07.21,"['25년이내', '대단지', '1층', '방세개']",남동향,10269956.851915777
경기도,용인시 기흥구,상하동,수원동마을쌍용3단지,매매,310동,9/20,370000000,115.88,OWNER,씽크대 붙박이장 도배 LED등 새로한 소유주거주 깨끗한 집,25.07.21,"['25년이내', '대단지', '방세개', '화장실두개']",남동향,10555233.43113566
경기도,용인시 기흥구,상하동,수원동마을쌍용3단지,매매,311동,6/20,380000000,115.88,OWNER,화이트 리모델링된 산전망좋은 관리잘된 깨끗한집,25.07.21,"['25년이내', '대단지', '방세개', '화장실두개']",남동향,10840510.01035554
경기도,용인시 기흥구,상하동,수원동마을쌍용3단지,매매,306동,20/20,390000000,115.88,NDOC1,"방3, 거실 발코니 확장, 탑층, 알파룸, 입주 협의",25.07.18,"['25년이내', '확장형', '대단지', '탑층']",남동향,11125786.589575423
경기도,용인시 기흥구,상하동,수원동마을쌍용3단지,매매,301동,8/20,380000000,115.88,OWNER,"방3, 로얄동, 초품아, 뷰맛집, 입주 협의",25.07.18,"['25년이내', '대단지', '방세개', '화장실두개']",동향,10840510.01035554
경기도,용인시 기흥구,상하동,수원동마을쌍용3단지,매매,310동,16/20,370000000,115.88,NDOC1,"방3, 초품아, 부분 수리, 고층뷰, 입주 협의",25.07.16,"['25년이내', '대단지', '방세개', '화장실두개']",남동향,10555233.43113566
경기도,용인시 기흥구,상하동,수원동마을쌍용3단지,매매,307동,3/20,370000000,115.88,OWNER,욕실 전실문 작은방확장 화이트톤 리모델링된 소유주사는 깨끗한집,25.07.15,"['25년이내', '대단지', '방세개', '화장실두개']",남동향,10555233.43113566
경기도,용인시 기흥구,상하동,수원동마을쌍용3단지,매매,311동,15/20,390000000,115.88,OWNER,올수리 산전망있는 접근성 편한 햋볕좋은집,25.07.15,"['25년이내', '올수리', '대단지', '방세개']",남동향,11125786.589575423
경기도,용인시 기흥구,상하동,수원동마을쌍용3단지,매매,301동,저/20,410000000,115.88,OWNER,산전망최고 올수리 화이트톤 소유주사는 관리잘된 깨끗한집,25.07.21,"['25년이내', '올수리', '대단지', '방세개']",동향,11696339.74801519
경기도,용인시 기흥구,상하동,수원동마을쌍용3단지,매매,317동,9/20,385000000,115.88,NDOC1,"방3, 올수리, 인테리어, 첫 입주, 뷰맛집, 입주 협의",25.07.12,"['25년이내', '올수리', '대단지', '방세개']",남서향,10983148.299965482
경기도,용인시 기흥구,상하동,수원동마을쌍용3단지,매매,307동,14/20,380000000,115.88,NDOC1,"방3, 거실 발코니 확장, 로얄동, 뷰맛집, 입주 협의",25.07.12,"['25년이내', '확장형', '대단지', '방세개']",남동향,10840510.01035554
경기도,용인시 기흥구,상하동,수원동마을쌍용3단지,매매,313동,7/16,380000000,115.88,NDOC1,"방3, 부분 수리, 붙박이장, 숲세권, 입주 협의",25.07.12,"['25년이내', '대단지', '방세개', '화장실두개']",남동향,10840510.01035554
경기도,용인시 기흥구,상하동,수원동마을쌍용3단지,매매,307동,9/20,370000000,115.88,NDOC1,"방3, 초품아, 로얄동, 싱크대 교체, 입주 협의",25.07.11,"['25년이내', '대단지', '주방교체', '방세개']",남동향,10555233.43113566
경기도,용인시 기흥구,상하동,수원동마을쌍용3단지,매매,313동,1/16,360000000,115.88,OWNER,1층 욕실2 씽크대 LED등 부분리모델링된 아이들키우기 편한집,25.07.11,"['25년이내', '대단지', '1층', '방세개']",남동향,10269956.851915777
경기도,용인시 기흥구,상하동,수원동마을쌍용3단지,매매,313동,8/16,340000000,115.88,NDOC1,"방3, 도배, 장판, 싱크대 교체됨, 세 안고 매매",25.07.11,"['25년이내', '대단지', '주방교체', '방세개']",남동향,9699403.693476012
경기도,용인시 기흥구,상하동,수원동마을쌍용3단지,매매,317동,중/20,380000000,115.88,OWNER,올수리된 세안고 샀다 입주하면 좋은집 산전망 좋아요,25.07.17,"['25년이내', '올수리', '대단지', '방세개']",남서향,10840510.01035554
경기도,용인시 기흥구,상하동,수원동마을쌍용3단지,매매,301동,10/20,380000000,115.88,OWNER,씽크대 욕실 타일 도배장판 도색 LED등 소유주거주 깨끗한집,25.07.08,"['25년이내', '대단지', '방세개', '화장실두개']",남동향,10840510.01035554
경기도,용인시 기흥구,상하동,수원동마을쌍용3단지,전세,312동,6/18,260000000,115.88,DOC,앞뒤 산전망있는 관리잘된 깨끗한집 빠른입주 가능,25.07.17,"['25년이내', '융자금없는', '대단지', '방세개']",남서향,7417191.059716949
경기도,용인시 기흥구,상하동,수원동마을쌍용3단지,매매,308동,15/20,380000000,115.88,DOC,정남향 . 주인거주. 정상입주 .싱크대교체,25.07.16,"['25년이내', '대단지', '주방교체', '방세개']",남향,10840510.01035554
경기도,용인시 기흥구,상하동,수원동마을쌍용3단지,매매,310동,16/20,370000000,115.88,DOC,주인거주. 부분수리 싱크대 도배 장판 타일교체 화장실일부.,25.07.16,"['25년이내', '대단지', '방세개', '화장실두개']",남동향,10555233.43113566
경기도,용인시 기흥구,상하동,수원동마을쌍용3단지,매매,311동,10/20,370000000,115.88,DOC,정상입주,25.07.16,"['25년이내', '대단지', '방세개', '화장실두개']",남동향,10555233.43113566
경기도,용인시 기흥구,상하동,수원동마을쌍용3단지,매매,310동,12/20,370000000,115.88,DOC,올수리. 정상입주.,25.07.16,"['25년이내', '올수리', '대단지', '방세개']",남동향,10555233.43113566
경기도,용인시 기흥구,상하동,수원동마을쌍용3단지,매매,311동,8/20,380000000,115.88,OWNER,부분리모델링된 산전망좋은 깨끗한 집 정상입주,25.07.05,"['25년이내', '대단지', '방세개', '화장실두개']",남동향,10840510.01035554
경기도,용인시 기흥구,상하동,수원동마을쌍용3단지,매매,308동,6/20,450000000,115.88,NDOC1,"방3, 로얄동, 올수리, 붙박이장, 수납장 많아요, 입주 협의",25.07.05,"['25년이내', '올수리', '대단지', '방세개']",남향,12837446.064894719
경기도,용인시 기흥구,상하동,수원동마을쌍용3단지,매매,312동,15/18,380000000,115.88,NDOC1,"방3, 거실 및 입구방 확장, 고층뷰, 입주 협의",25.07.05,"['25년이내', '대단지', '방세개', '화장실두개']",남서향,10840510.01035554
경기도,용인시 기흥구,상하동,수원동마을쌍용3단지,전세,311동,2/20,280000000,115.88,DOC,하시입주. 수리됨.,25.07.15,"['25년이내', '대단지', '방세개', '화장실두개']",남동향,7987744.218156715
경기도,용인시 기흥구,상하동,수원동마을쌍용3단지,매매,313동,8/16,370000000,115.88,DOC,"전망좋음,올 인테리어 예뻐요.",25.07.15,"['25년이내', '대단지', '방세개', '화장실두개']",남동향,10555233.43113566
경기도,용인시 기흥구,상하동,수원동마을쌍용3단지,매매,306동,고/20,340000000,115.88,NDOC1,"방3, 기본, 입구동과 가까워요, 인테리어 기간 드려요",25.07.11,"['25년이내', '대단지', '방세개', '화장실두개']",남동향,9699403.693476012
경기도,용인시 기흥구,상하동,수원동마을쌍용3단지,매매,311동,저/20,360000000,115.88,OWNER,"방3, 부분 수리, 몰딩 교체, 깨끗하게 관리, 입주 협의",25.07.11,"['25년이내', '대단지', '방세개', '화장실두개']",남동향,10269956.851915777
경기도,용인시 기흥구,상하동,수원동마을쌍용3단지,매매,307동,2/20,360000000,115.88,OWNER,입주는 협의가능 앞이 틔였어요  집상태 일부수리로 정말깔끔합니다,25.07.04,"['25년이내', '대단지', '방세개', '화장실두개']",남동향,10269956.851915777
경기도,용인시 기흥구,상하동,수원동마을쌍용3단지,매매,309동,중/18,360000000,115.88,OWNER,주인직 거주함 가격좋음,25.07.10,"['25년이내', '대단지', '방세개', '화장실두개']",남서향,10269956.851915777
경기도,용인시 기흥구,상하동,수원동마을쌍용3단지,매매,308동,고/20,380000000,115.88,OWNER,로얄동 로얄층,25.07.10,"['25년이내', '대단지', '방세개', '화장실두개']",남동향,10840510.01035554
경기도,용인시 기흥구,상하동,수원동마을쌍용3단지,매매,306동,13/20,420000000,115.88,DOC,욕실2 씽크대 부분리모델링된 소유주거주 깨끗한집,25.07.11,"['25년이내', '대단지', '방세개', '화장실두개']",남동향,11981616.327235071
경기도,용인시 기흥구,상하동,수원동마을쌍용3단지,매매,306동,중/20,390000000,115.88,NDOC1,"방3, 우드톤, 올수리, 입구방 확장, 입주 협의",25.07.05,"['25년이내', '올수리', '대단지', '방세개']",남동향,11125786.589575423
경기도,용인시 기흥구,상하동,수원동마을쌍용3단지,매매,305동,고/18,340000000,115.88,OWNER,기본  협의가능,25.07.04,"['25년이내', '대단지', '방세개', '화장실두개']",남서향,9699403.693476012
경기도,용인시 기흥구,상하동,수원동마을쌍용3단지,매매,307동,15/20,370000000,115.88,OWNER,해잘들고 출입이 편한 입구동 .좋은동 .좋은층. 일부수리 깨끗,25.06.26,"['25년이내', '대단지', '방세개', '화장실두개']",남동향,10555233.43113566
경기도,용인시 기흥구,상하동,수원동마을쌍용3단지,매매,317동,5/20,360000000,115.88,OWNER,산전망좋고 앞뒤가 막힌것 없는  소유주사는 깨끗한집,25.06.26,"['25년이내', '대단지', '방세개', '화장실두개']",남서향,10269956.851915777
경기도,용인시 기흥구,상하동,수원동마을쌍용3단지,매매,311동,19/20,400000000,115.88,NDOC1,"방3, 올수리, 아일랜드 식탁, 고층뷰, 입주 협의",25.06.24,"['25년이내', '올수리', '대단지', '방세개']",남동향,11411063.168795306
경기도,용인시 기흥구,상하동,수원동마을쌍용3단지,매매,308동,5/20,330000000,115.88,DOC,세안고 씽크대교체및 집상태좋아요 공원전망 로얄동 상가 가깝고 좋아요,25.07.04,"['25년이내', '대단지', '방세개', '화장실두개']",남향,9414127.114256129
경기도,용인시 기흥구,상하동,수원동마을쌍용3단지,매매,311동,저/20,340000000,115.88,DOC,산전망좋은 깨끗한 기본집 햇볕도 좋아요,25.07.08,"['25년이내', '대단지', '방세개', '화장실두개']",남동향,9699403.693476012
경기도,용인시 기흥구,상하동,수원동마을쌍용3단지,매매,311동,중/20,370000000,115.88,NONE,,25.07.03,"['25년이내', '대단지', '방세개', '화장실두개']",남동향,10555233.43113566
경기도,용인시 기흥구,상하동,수원동마을쌍용스윗닷홈2단지,매매,202동,9/20,460000000,154.74,OWNER,방4개 소유주사는 관리잘된 깨끗한집 초등학교보내기 너무 좋아요,25.07.21,"['25년이내', '대형평수', '방네개이상', '화장실두개']",남동향,9827201.111541942
경기도,용인시 기흥구,상하동,수원동마을쌍용스윗닷홈2단지,매매,202동,6/20,510000000,154.74,OWNER,올수리 화이트톤 소유주사는 깨끗한집 이사만하세요,25.07.21,"['25년이내', '올수리', '대형평수', '방네개이상']",남동향,10895375.145405196
경기도,용인시 기흥구,상하동,수원동마을쌍용스윗닷홈2단지,매매,202동,20/20,485000000,154.74,OWNER,소음없는 탑층으로 다락방과 나갈수있는 테라스가 있어 아이들키우기좋아요,25.07.11,"['25년이내', '테라스', '대형평수', '탑층']",남동향,10361288.128473569
경기도,용인시 기흥구,상하동,수원동마을쌍용스윗닷홈2단지,매매,202동,8/20,490000000,154.74,DOC,주인거주. 정상입주.,25.07.19,"['25년이내', '대형평수', '방네개이상', '화장실두개']",남동향,10468105.531859893
경기도,용인시 기흥구,상하동,수원동마을쌍용스윗닷홈2단지,매매,202동,20/20,520000000,154.74,OWNER,탑층 테라스 다락방 있는 집 소음없어 좋아요,25.07.05,"['25년이내', '테라스', '대형평수', '탑층']",남동향,11109009.952177847
경기도,용인시 기흥구,상하동,수원동마을쌍용스윗닷홈2단지,매매,202동,10/20,500000000,154.74,OWNER,방4개 넓은집으로 살기에 편하고 초등학교보내기 최고예요,25.07.03,"['25년이내', '대형평수', '방네개이상', '화장실두개']",남동향,10681740.338632546
경기도,용인시 기흥구,상하동,수원동마을쌍용스윗닷홈2단지,매매,202동,10/20,450000000,154.74,DOC,도배장판 욕실 씽크대교체 올확장된 넓은집 세안고3.5억,25.07.05,"['25년이내', '대형평수', '방네개이상', '화장실두개']",남동향,9613566.30476929
경기도,용인시 기흥구,상하동,수원동마을쌍용스윗닷홈2단지,매매,202동,고/20,550000000,154.74,OWNER,수리굿 전망굿 매도인 직접 거주하여 상태굿,25.06.26,"['25년이내', '대형평수', '방네개이상', '화장실두개']",남동향,11749914.3724958
경기도,용인시 기흥구,상하동,수원동마을쌍용스윗닷홈2단지,매매,202동,9/20,460000000,154.74,NONE,"안방 붙박이장,주인거주,상태 깨끗",25.07.18,"['25년이내', '대형평수', '방네개이상', '화장실두개']",남동향,9827201.111541942
경기도,용인시 기흥구,상하동,수원동마을쌍용스윗닷홈2단지,매매,202동,20/20,520000000,154.74,NONE,9월에 일부인테리어.벽지.몰딩함. 중문설치.기본형.귀한 탑층매물.,25.06.24,"['25년이내', '대형평수', '탑층', '방네개이상']",남동향,11109009.952177847
경기도,용인시 기흥구,상하동,수원동마을쌍용스윗닷홈2단지,매매,206동,15/19,410000000,131.96,OWNER,올수리 작은방 거실확장된 화이트톤 깨끗한집,25.07.21,"['25년이내', '올수리', '방세개', '화장실두개']",남동향,10271081.009396788
경기도,용인시 기흥구,상하동,수원동마을쌍용스윗닷홈2단지,매매,206동,10/19,400000000,131.96,OWNER,깨끗한 관리 상태 좋은 집입니다.,25.07.18,"['25년이내', '방세개', '화장실두개', '중층']",남동향,10020566.83843589
경기도,용인시 기흥구,상하동,수원동마을쌍용스윗닷홈2단지,매매,206동,5/19,400000000,131.96,NDOC1,"방3, 초품아, 거실 발코니 확장, 인테리어, 입주 협의",25.07.17,"['25년이내', '확장형', '방세개', '화장실두개']",남동향,10020566.83843589
경기도,용인시 기흥구,상하동,수원동마을쌍용스윗닷홈2단지,매매,206동,중/19,400000000,131.96,OWNER,씽크대 욕실 전체리모델링된 소유주사는 산전망좋은집,25.07.21,"['25년이내', '방세개', '화장실두개', '중층']",남동향,10020566.83843589
경기도,용인시 기흥구,상하동,수원동마을쌍용스윗닷홈2단지,매매,206동,중/19,400000000,131.96,OWNER,확트인 숲전망 좋고 조용합니다.주인거주로 관리 잘 된 깨끗한 집,25.07.21,"['25년이내', '방세개', '화장실두개', '중층']",남동향,10020566.83843589
경기도,용인시 기흥구,상하동,수원동마을쌍용스윗닷홈2단지,매매,206동,13/19,420000000,131.96,OWNER,인테리어된 로얄층 햇빛좋은집으로 산전망있는 넓은 집,25.07.11,"['25년이내', '방세개', '화장실두개', '고층']",남동향,10521595.180357685
경기도,용인시 기흥구,상하동,수원동마을쌍용스윗닷홈2단지,매매,206동,19/19,430000000,131.96,OWNER,탑층 소음없는 전망좋은집 계단으로 다락방과 테라스나갈 수 있어 좋아요,25.07.11,"['25년이내', '테라스', '탑층', '방세개']",남동향,10772109.351318581
경기도,용인시 기흥구,상하동,수원동마을쌍용스윗닷홈2단지,매매,206동,6/19,400000000,131.96,OWNER,욕실 씽크대 전체리모델링된 거실확장된 깨끗한집,25.07.08,"['25년이내', '방세개', '화장실두개', '세대당1대']",남동향,10020566.83843589
경기도,용인시 기흥구,상하동,수원동마을쌍용스윗닷홈2단지,매매,206동,9/19,430000000,131.96,DOC,"특올수리,거실확장. 화이트인테리어 예뻐요, 즉시입주가능",25.07.17,"['25년이내', '올수리', '방세개', '화장실두개']",남동향,10772109.351318581
경기도,용인시 기흥구,상하동,수원동마을쌍용스윗닷홈2단지,매매,206동,중/19,395000000,131.96,DOC,확트인 전망좋은 집입니다.주인거주며 깨끗합니다.,25.07.14,"['25년이내', '방세개', '화장실두개', '중층']",남동향,9895309.75295544
경기도,용인시 기흥구,상하동,수원동마을쌍용스윗닷홈2단지,매매,203동,20/20,430000000,131.96,OWNER,소음없는 최상층 다락방 나갈수있는 테라스있는 넓은집으로 살기좋아요,25.06.26,"['25년이내', '테라스', '탑층', '방세개']",남동향,10772109.351318581
경기도,용인시 기흥구,상하동,수원동마을쌍용스윗닷홈2단지,매매,203동,고/20,400000000,131.96,OWNER,앞산전망있는 로얄층 햇빛좋은 전원아파트,25.06.26,"['25년이내', '방세개', '화장실두개', '고층']",남동향,10020566.83843589
경기도,용인시 기흥구,상하동,수원동마을쌍용스윗닷홈2단지,매매,201동,7/20,380000000,115.54,OWNER,공실 하시입주 산전망좋은 방이 넓은집 인테리어기간드려요,25.07.21,"['25년이내', '방세개', '화장실두개', '중층']",남동향,10872410.420633547
경기도,용인시 기흥구,상하동,수원동마을쌍용스윗닷홈2단지,매매,201동,13/20,400000000,115.54,OWNER,입구동 편한집 작은방거실확장 부분샷시교체 씽크대 붙박이장 깨끗한집,25.07.21,"['25년이내', '방세개', '화장실두개', '중층']",남동향,11444642.548035312
경기도,용인시 기흥구,상하동,수원동마을쌍용스윗닷홈2단지,매매,205동,14/20,400000000,115.54,NDOC1,"방3, 초품아, 부분 수리, 깨끗함, 뷰 맛집, 입주 협의",25.07.11,"['25년이내', '방세개', '화장실두개', '고층']",남동향,11444642.548035312
경기도,용인시 기흥구,상하동,수원동마을쌍용스윗닷홈2단지,매매,201동,9/20,390000000,115.54,NDOC1,"방3, 싱크대 교체, 욕실, 중문, 친환경 소재, 입주 협의",25.07.11,"['25년이내', '주방교체', '방세개', '화장실두개']",남동향,11158526.48433443
경기도,용인시 기흥구,상하동,수원동마을쌍용스윗닷홈2단지,매매,201동,10/20,380000000,115.54,OWNER,입구동 부분리모델링된 산전망있는 편한집 아이들키우기 좋아요,25.07.11,"['25년이내', '방세개', '화장실두개', '중층']",남동향,10872410.420633547
경기도,용인시 기흥구,상하동,수원동마을쌍용스윗닷홈2단지,매매,207동,18/20,380000000,115.54,DOC,"집상태깨끗,해잘드는 탁트인산전망,상하초",25.07.21,"['25년이내', '방세개', '화장실두개', '고층']",남서향,10872410.420633547
경기도,용인시 기흥구,상하동,수원동마을쌍용스윗닷홈2단지,매매,207동,2/20,390000000,115.54,OWNER,산전망좋은 리모델링된 피로티2층으로 아이들키우기 좋아요,25.07.08,"['25년이내', '필로티', '방세개', '화장실두개']",남서향,11158526.48433443
경기도,용인시 기흥구,상하동,수원동마을쌍용스윗닷홈2단지,매매,201동,13/20,390000000,115.54,NDOC1,"방3, 초등학교에서 가장 가까운 동, 싱크대 교체, 입주 협의",25.07.07,"['25년이내', '주방교체', '방세개', '화장실두개']",남동향,11158526.48433443
경기도,용인시 기흥구,상하동,수원동마을쌍용스윗닷홈2단지,매매,205동,16/20,450000000,115.54,OWNER,부분수리된 산전망최고의 햇빛좋은집 초등학교옆이라 아이들에게 편해요,25.07.05,"['25년이내', '방세개', '화장실두개', '고층']",남동향,12875222.866539726
경기도,용인시 기흥구,상하동,수원동마을쌍용스윗닷홈2단지,매매,205동,20/20,450000000,115.54,OWNER,최상층 테라스 나갈수있고 다락방있는 소음없는 햇빛좋은집 강추,25.07.05,"['25년이내', '테라스', '탑층', '방세개']",남동향,12875222.866539726
경기도,용인시 기흥구,상하동,수원동마을쌍용스윗닷홈2단지,매매,207동,11/20,410000000,115.54,DOC,산전망좋은 넓은집으로 햇빛좋아요,25.07.15,"['25년이내', '방세개', '화장실두개', '중층']",남서향,11730758.611736195
경기도,용인시 기흥구,상하동,수원동마을쌍용스윗닷홈2단지,매매,204동,1/20,400000000,115.54,NDOC1,"방3, 초품아, 올수리, 입구동과 가까워요, 입주 협의",25.07.04,"['25년이내', '올수리', '1층', '방세개']",남서향,11444642.548035312
경기도,용인시 기흥구,상하동,수원동마을쌍용스윗닷홈2단지,매매,201동,12/20,420000000,115.54,NDOC1,"방3, 초품아, 싱크대교체, 중문, 입주 협의",25.07.03,"['25년이내', '주방교체', '방세개', '화장실두개']",남동향,12016874.675437078
경기도,용인시 기흥구,상하동,수원동마을쌍용스윗닷홈2단지,전세,204동,중/20,280000000,115.54,DOC,산전망있고 전실 작은방 넓어 생활이 편gody,25.07.15,"['25년이내', '융자금없는', '방세개', '화장실두개']",남서향,8011249.783624719
경기도,용인시 기흥구,상하동,수원동마을쌍용스윗닷홈2단지,매매,205동,5/20,400000000,115.54,OWNER,,25.06.28,"['25년이내', '방세개', '화장실두개', '세대당1대']",남동향,11444642.548035312
경기도,용인시 기흥구,상하동,수원동마을쌍용스윗닷홈2단지,매매,205동,저/20,440000000,115.54,NDOC1,"방3, 올수리, 화이트 인테리어, 뷰맛집, 입주 협의",25.07.03,"['25년이내', '올수리', '방세개', '화장실두개']",남동향,12589106.802838843
경기도,용인시 기흥구,상하동,수원동마을쌍용스윗닷홈2단지,매매,207동,10/20,380000000,115.54,OWNER,산전망최고 방3개 전실 넓은집으로 전원아파트,25.06.26,"['25년이내', '방세개', '화장실두개', '중층']",남서향,10872410.420633547
경기도,용인시 기흥구,상하동,에코타운2차(도시형),매매,205동,4/4,190000000,61.33,OWNER,"깨끗함, 교통편리 조용함,",25.07.07,"['10년이내', '소형평수', '탑층', '방두개']",남서향,10241303.60345671
경기도,용인시 기흥구,상하동,인정프린스,매매,102동,11/17,285000000,110.1,OWNER,산전망좋고 햇빛좋은 주방이 넓어 생활하기 편한집,25.06.26,"['25년이상', '방세개', '화장실두개', '중층']",남향,8557209.128065396
경기도,용인시 기흥구,상하동,인정프린스,매매,103동,10/18,265000000,109.74,OWNER,"전망 좋고, 일조량 좋은 남 향, 화장실 수리 및 에어컨 드림.",25.07.18,"['25년이상', '욕실수리', '방세개', '화장실두개']",남향,7982805.039183526
경기도,용인시 기흥구,상하동,인정프린스,매매,103동,15/18,260000000,109.74,OWNER,26. 1월중순입주  남향에 샷시까지 올수리 집상태 굿  설악산풍경,25.07.10,"['25년이상', '올수리', '방세개', '화장실두개']",남향,7832186.076180063
경기도,용인시 기흥구,상하동,인정프린스,매매,103동,4/18,300000000,109.74,OWNER,"아침햇살 좋은 남동향, 전망틔여 좋아요, 최근  올수리함. 입주협의",25.07.10,"['25년이상', '올수리', '방세개', '화장실두개']",남동향,9037137.780207764
경기도,용인시 기흥구,상하동,인정프린스,매매,103동,2/18,260000000,109.74,DOC,정상입주. 인테리어 됨.,25.07.19,"['25년이상', '방세개', '화장실두개', '저층']",남향,7832186.076180063
경기도,용인시 기흥구,상하동,인정프린스,매매,103동,17/18,280000000,109.74,OWNER,"화장실, 싱크대 수리 완료, 전망 좋습니다.",25.07.07,"['25년이상', '방세개', '화장실두개', '고층']",동향,8434661.928193914
경기도,용인시 기흥구,상하동,인정프린스,매매,103동,7/18,290000000,109.74,DOC,"중문설치, 싱크대교체, 도배 깨끗함",25.07.11,"['25년이상', '주방교체', '방세개', '화장실두개']",동향,8735899.85420084
경기도,용인시 기흥구,상하동,인정프린스,매매,103동,5/18,280000000,109.74,DOC,"교통편하고 ,전망좋음,일부수리 깨끗 .전세2억안고",25.07.11,"['25년이상', '방세개', '화장실두개', '저층']",동향,8434661.928193914
경기도,용인시 기흥구,상하동,인정프린스,매매,103동,10/18,280000000,109.74,DOC,입주일자 협의 ,25.07.09,"['25년이상', '방세개', '화장실두개', '중층']",남향,8434661.928193914
경기도,용인시 기흥구,상하동,인정프린스,매매,103동,14/18,285000000,109.74,OWNER,"남향 , 전망 좋고 층간 소음 없는 탑층 입니다.",25.06.24,"['25년이상', '방세개', '화장실두개', '고층']",남향,8585280.891197376
경기도,용인시 기흥구,상하동,인정프린스,매매,102동,저/17,260000000,109.74,OWNER,급매물.삿시교체.거실확장. 아이 어른생활하기 편리해요,25.06.30,"['25년이상', '급매', '방세개', '화장실두개']",동향,7832186.076180063
경기도,용인시 기흥구,상하동,인정프린스,전세,103동,중/18,245000000,109.74,DOC,입주협의. 깨끗한 정남향집으로 전망도 좋습니다.편리한 대중교통,25.07.10,"['25년이상', '방세개', '화장실두개', '중층']",남향,7380329.187169675
경기도,용인시 기흥구,상하동,인정프린스,매매,103동,중/18,260000000,109.74,DOC,입주협의. 관리잘 된 깨끗한 남향집. 전망도 좋습니다.,25.07.02,"['25년이상', '방세개', '화장실두개', '중층']",남향,7832186.076180063
경기도,용인시 기흥구,상하동,인정프린스,매매,103동,중/18,265000000,109.74,DOC,산조망나오는 남향집 빠른입주 가능,25.07.02,"['25년이상', '방세개', '화장실두개', '중층']",남동향,7982805.039183526
경기도,용인시 기흥구,상하동,인정프린스,매매,103동,고/18,275000000,109.74,NONE,주인거주 굿,25.07.10,"['25년이상', '방세개', '화장실두개', '고층']",남향,8284042.965190452
경기도,용인시 기흥구,상하동,인정프린스,매매,101동,5/18,220000000,77.71,OWNER,"해 잘들고 조용함 ,씽크대 화장실 수리, 일부 확장 깨끗 ",25.07.19,"['25년이상', '욕실수리', '방세개', '화장실한개']",남동향,9358804.529661564
경기도,용인시 기흥구,상하동,인정프린스,매매,101동,14/18,220000000,77.71,OWNER,"올 확장,인테리어 , 전망굿, 빠른입주가능 집상태 깨끗",25.07.19,"['25년이상', '방세개', '화장실한개', '고층']",남동향,9358804.529661564
경기도,용인시 기흥구,상하동,인정프린스,매매,101동,10/18,260000000,77.71,OWNER,샷시 제외 올 수리,25.07.12,"['25년이상', '올수리', '방세개', '화장실한개']",동향,11060405.353236394
경기도,용인시 기흥구,상하동,인정프린스,매매,101동,3/18,230000000,77.71,OWNER,산전망있는 소유주사는 깨끗한집,25.07.11,"['25년이상', '방세개', '화장실한개', '주차가능']",동향,9784204.73555527
경기도,용인시 기흥구,상하동,인정프린스,매매,101동,5/18,230000000,77.71,OWNER,세안고 투자용 씽크대 욕실 도배새로된 깨끗한집,25.07.11,"['25년이상', '방세개', '화장실한개', '주차가능']",남향,9784204.73555527
경기도,용인시 기흥구,상하동,인정프린스,매매,101동,2/18,215000000,77.71,OWNER,"중문있고 깨끗한 저층, 세안고",25.07.11,"['25년이상', '방세개', '화장실한개', '주차가능']",동향,9146104.42671471
경기도,용인시 기흥구,상하동,인정프린스,매매,101동,1/18,195000000,77.71,OWNER,저가급매. 세안고 소액투자로 내집마련 하실분 추천합니다,25.07.11,"['25년이상', '1층', '급매', '방세개']",남향,8295304.014927295
경기도,용인시 기흥구,상하동,인정프린스,매매,101동,1/18,230000000,77.71,OWNER,"현재 월세 임대차 중, 세 안고 매매",25.07.08,"['25년이상', '1층', '방세개', '화장실한개']",남향,9784204.73555527
경기도,용인시 기흥구,상하동,인정프린스,매매,101동,10/18,230000000,77.71,OWNER,전체 깨끗하게 수선 된 남 향 집입니다. ,25.07.04,"['25년이상', '방세개', '화장실한개', '중층']",남향,9784204.73555527
경기도,용인시 기흥구,상하동,인정프린스,매매,101동,9/18,214000000,77.71,DOC,급매 입주가능한 전망 일조량 우수하고 서울 출퇴근 편한 단지 아파트 매매,25.07.14,"['25년이상', '급매', '방세개', '화장실한개']",동향,9103564.406125339
경기도,용인시 기흥구,상하동,인정프린스,매매,101동,3/18,220000000,77.71,OWNER,"씽크교체,화장실수리.도배,장판,LED,정상이사협의",25.07.02,"['25년이상', '욕실수리', '방세개', '화장실한개']",남향,9358804.529661564
경기도,용인시 기흥구,상하동,인정프린스,매매,101동,9/18,220000000,77.71,DOC,남향 로얄층,25.07.08,"['25년이상', '방세개', '화장실한개', '중층']",남향,9358804.529661564
경기도,용인시 기흥구,상하동,인정프린스,매매,101동,12/18,230000000,77.71,OWNER,전체 수리 된 집입니다. ,25.06.27,"['25년이상', '방세개', '화장실한개', '중층']",남향,9784204.73555527
경기도,용인시 기흥구,상하동,인정프린스,매매,101동,고/18,215000000,77.71,OWNER,급매물. 주인거주중인 층간소음없는 탑층으로 전망이 좋습니다.,25.07.03,"['25년이상', '급매', '방세개', '화장실한개']",동향,9146104.42671471
경기도,용인시 기흥구,상하동,인정프린스,매매,101동,9/18,240000000,77.71,DOC,주인거주. 정상입주. 싱크대. 화장실. 도배 장판.,25.07.03,"['25년이상', '방세개', '화장실한개', '중층']",남향,10209604.94144898
경기도,용인시 기흥구,상하동,인정프린스,매매,101동,중/18,240000000,77.71,OWNER,정남향으로 햇빛많아요.주인거주로  관리잘 되 깨끗합니다. 전망도 좋아요.,25.06.27,"['25년이상', '방세개', '화장실한개', '중층']",남향,10209604.94144898
경기도,용인시 기흥구,상하동,인정프린스,월세,101동,중/18,"3,000/70",77.71,NONE,상태좋음,25.07.09,"['25년이상', '방세개', '화장실한개', '중층']",,
경기도,용인시 기흥구,상하동,지석마을그대가크레던스,매매,107동,6/21,640000000,192.88,OWNER,"일부수리되어집상태좋음,시스템에어컨,지석역도보3분,전세안고",25.07.15,"['15년이내', '역세권', '대형평수', '방네개이상']",남향,10969008.710078806
경기도,용인시 기흥구,상하동,지석마을그대가크레던스,매매,107동,저/21,650000000,192.88,OWNER,"집상태깨끗,지석역,산책로,대중교통이용편리,입주일협의",25.07.19,"['15년이내', '역세권', '대형평수', '방네개이상']",남향,11140399.471173787
경기도,용인시 기흥구,상하동,지석마을그대가크레던스,매매,107동,저/21,620000000,192.88,NDOC1,"58형 집상태최상 채광이 너무 좋아요. 세안고, 지석역이용",25.07.18,"['15년이내', '역세권', '대형평수', '방네개이상']",남향,10626227.187888842
경기도,용인시 기흥구,상하동,지석마을그대가크레던스,매매,107동,17/21,680000000,192.88,OWNER,58형 급매 전밍굿 집상태최상 중문설치 전세안고 지석역세권3분,25.07.09,"['15년이내', '역세권', '급매', '대형평수']",남향,11654571.754458731
경기도,용인시 기흥구,상하동,지석마을그대가크레던스,매매,107동,중/21,670000000,192.88,OWNER,"집상태깨끗,로얄층,정상입주,해잘드는남향,탁트인전망,지석역세권",25.06.25,"['15년이내', '역세권', '대형평수', '방네개이상']",남향,11483180.993363751
경기도,용인시 기흥구,상하동,지석마을그대가크레던스,매매,106동,5/22,570000000,161.64,OWNER,"방4화2,급매,남향,조용한동,지석역연결단지,지석초",25.07.19,"['15년이내', '역세권', '급매', '대형평수']",남향,11657371.009651078
경기도,용인시 기흥구,상하동,지석마을그대가크레던스,매매,106동,1/22,630000000,161.64,OWNER,"집상태깨끗,정원뷰,지석역세권,아이들이 생활하기 편리한1층",25.07.19,"['15년이내', '역세권', '1층', '대형평수']",남향,12884462.694877507
경기도,용인시 기흥구,상하동,지석마을그대가크레던스,매매,106동,9/22,600000000,161.64,OWNER,,25.07.15,"['15년이내', '역세권', '대형평수', '방네개이상']",남향,12270916.852264293
경기도,용인시 기흥구,상하동,지석마을그대가크레던스,매매,101동,20/20,750000000,161.47,NDOC1,"48형 복층형펜트하우스, 정남향, 전망굿",25.07.21,"['15년이내', '역세권', '복층', '대형평수']",남향,15354795.008360688
경기도,용인시 기흥구,상하동,지석마을그대가크레던스,매매,101동,17/20,630000000,161.47,NDOC1,"48형 조망좋은 로얄동로얄층, 협의입주가능, 수리해서집상태좋음",25.07.19,"['15년이내', '역세권', '대형평수', '방네개이상']",남향,12898027.807022978
경기도,용인시 기흥구,상하동,지석마을그대가크레던스,매매,108동,저/22,580000000,161.47,NDOC1,"48형 급매, 집상태최상, 천천히 입주하실분, 지석역 지석초",25.07.09,"['15년이내', '역세권', '급매', '대형평수']",남향,11874374.806465598
경기도,용인시 기흥구,상하동,지석마을그대가크레던스,매매,108동,고/22,620000000,161.47,DOC,조망굿 즉시입주,25.07.17,"['15년이내', '역세권', '대형평수', '방네개이상']",남향,12693297.2069115
경기도,용인시 기흥구,상하동,지석마을그대가크레던스,매매,108동,저/22,590000000,161.47,OWNER,"해잘드는남향,전면로얄동,지석역연결단지,집상태좋아요,전세안고",25.06.27,"['15년이내', '역세권', '대형평수', '방네개이상']",남향,12079105.406577075
경기도,용인시 기흥구,상하동,지석마을그대가크레던스,매매,108동,중/22,600000000,161.47,DOC,"48형 전세안고, 투자추천, 틔인조망, 정남향으로 채광굿,마트이용편리",25.07.01,"['15년이내', '역세권', '대형평수', '방네개이상']",남향,12283836.00668855
경기도,용인시 기흥구,상하동,지석마을그대가크레던스,매매,103동,저/22,550000000,143.73,NDOC1,"43형 전세안고 매매, 집상태좋아요, 지석역지석초",25.07.08,"['15년이내', '역세권', '대형평수', '방세개']",남향,12649980.866903223
경기도,용인시 기흥구,상하동,지석마을그대가크레던스,전세,105동,중/22,450000000,143.73,OWNER,"43형,집상태최상,자하철연결된로얄동,입주협의가능,확트인전망 너무좋아요,",25.06.30,"['15년이내', '역세권', '대형평수', '방세개']",동향,10349984.345648091
경기도,용인시 기흥구,상하동,지석마을그대가크레던스,매매,104동,중/22,565000000,143.73,DOC,"집상태깨끗,확장형,대중교통이용편리,지석역,지석초,산책로,전세안고",25.07.05,"['15년이내', '역세권', '대형평수', '방세개']",동향,12994980.345091492
경기도,용인시 기흥구,상하동,지석마을그대가크레던스,매매,103동,8/22,550000000,143.73,DOC,정상입주,25.06.25,"['15년이내', '역세권', '대형평수', '방세개']",남동향,12649980.866903223
경기도,용인시 기흥구,상하동,지석마을그대가크레던스,매매,105동,5/22,580000000,142.74,OWNER,"집상태깨끗,남향,로얄동,지석역연결동,입주일협의,주변산책로",25.07.19,"['15년이내', '역세권', '대형평수', '방세개']",남향,13432501.751436178
경기도,용인시 기흥구,상하동,지석마을그대가크레던스,매매,104동,10/22,580000000,142.74,OWNER,"43형,주인거주 집상태 최상,정남향,입주협의가능,지석역3분,대중교통편리",25.07.15,"['15년이내', '역세권', '대형평수', '방세개']",남향,13432501.751436178
경기도,용인시 기흥구,상하동,지석마을그대가크레던스,매매,105동,15/22,570000000,142.74,OWNER,"43형,지석역연결로얄동,집상태최상.짧은세안고,전망뷰도 너무 좋아요",25.07.04,"['15년이내', '역세권', '대형평수', '방세개']",남향,13200906.893652795
경기도,용인시 기흥구,상하동,지석마을그대가크레던스,매매,105동,중/22,580000000,142.74,OWNER,"집상태깨끗,로얄동로얄층,지석역연결동,주변산책로,전세안고",25.07.01,"['15년이내', '역세권', '대형평수', '방세개']",남동향,13432501.751436178
경기도,용인시 기흥구,상하동,지석마을그대가크레던스,매매,103동,고/22,600000000,142.74,OWNER,"43형,로얄동,집상태최상.정상입주,전망뷰도 너무 좋아요",25.07.01,"['15년이내', '역세권', '대형평수', '방세개']",남향,13895691.467002943
경기도,용인시 기흥구,상하동,지석마을그대가크레던스,매매,102동,14/22,530000000,117.03,NDOC1,"35형 집상태최상, 틔인조망, 입주가능한 귀한 매물, 지석역 산책로",25.07.21,"['15년이내', '역세권', '방세개', '화장실두개']",남향,14971084.764590275
경기도,용인시 기흥구,상하동,지석마을그대가크레던스,매매,102동,고/22,530000000,116.89,OWNER,,25.07.21,"['15년이내', '역세권', '방세개', '화장실두개']",동향,14989015.741295235
경기도,용인시 기흥구,상하동,지석마을진흥더루벤스1단지,매매,101동,4/17,560000000,186.03,OWNER,산전망  확장형 주인거주,25.07.17,"['25년이내', '대형평수', '방네개이상', '화장실두개']",남동향,9951296.027522443
경기도,용인시 기흥구,상하동,지석마을진흥더루벤스1단지,매매,104동,3/16,530000000,186.03,OWNER,확장형  전망좋은 집,25.07.16,"['25년이내', '필로티', '대형평수', '방네개이상']",동향,9418190.883190883
경기도,용인시 기흥구,상하동,지석마을진흥더루벤스1단지,매매,102동,16/17,550000000,186.03,OWNER,확장형 깨끗해요 정상입주,25.07.15,"['25년이내', '대형평수', '방네개이상', '화장실두개']",남동향,9773594.312745256
경기도,용인시 기흥구,상하동,지석마을진흥더루벤스1단지,매매,101동,저/17,565000000,186.03,OWNER,올확장  해 잘들고 전망좋음  주인거주로 깨끗하게 관리 잘된집,25.07.19,"['25년이내', '대형평수', '방네개이상', '화장실두개']",남동향,10040146.884911036
경기도,용인시 기흥구,상하동,지석마을진흥더루벤스1단지,매매,104동,9/16,630000000,186.03,OWNER,최근 올수리함 조망이좋음 입주협의가능,25.07.10,"['25년이내', '올수리', '대형평수', '방네개이상']",동향,11195208.030962748
경기도,용인시 기흥구,상하동,지석마을진흥더루벤스1단지,매매,103동,10/18,550000000,186.03,OWNER,초입동 교통편리 확장형 주인거주,25.07.09,"['25년이내', '대형평수', '방네개이상', '화장실두개']",남동향,9773594.312745256
경기도,용인시 기흥구,상하동,지석마을진흥더루벤스1단지,매매,102동,중/17,530000000,186.03,OWNER,확장 산조망나와요 입주협의,25.07.05,"['25년이내', '대형평수', '방네개이상', '화장실두개']",남동향,9418190.883190883
경기도,용인시 기흥구,상하동,지석마을진흥더루벤스1단지,매매,102동,중/17,550000000,186.03,NONE,로얄동 전망굿 정상입주,25.07.18,"['25년이내', '대형평수', '방네개이상', '화장실두개']",남동향,9773594.312745256
경기도,용인시 기흥구,상하동,지석마을진흥더루벤스1단지,매매,101동,6/17,530000000,186.03,NONE,"거주하기좋은단지 . 교통편리,입주협의가능",25.07.12,"['25년이내', '대형평수', '방네개이상', '화장실두개']",남서향,9418190.883190883
경기도,용인시 기흥구,상하동,지석마을진흥더루벤스1단지,매매,102동,고/17,550000000,186.03,NONE,로얄동 전망굿 정상입주,25.07.05,"['25년이내', '대형평수', '방네개이상', '화장실두개']",남동향,9773594.312745256
경기도,용인시 기흥구,상하동,지석마을진흥더루벤스1단지,월세,103동,중/18,"5,000/150",186.03,NONE,로얄동 확장형 정상입주,25.07.05,"['25년이내', '대형평수', '방네개이상', '화장실두개']",남동향,
경기도,용인시 기흥구,상하동,지석마을진흥더루벤스2단지,매매,203동,9/16,500000000,165.26,OWNER,주인 기본 깨끗 인테리어굿,25.07.21,"['25년이내', '대형평수', '방네개이상', '화장실두개']",남향,10001769.938279076
경기도,용인시 기흥구,상하동,지석마을진흥더루벤스2단지,매매,207동,2/16,465000000,165.26,NDOC1,"49형 필로티구조, 층간소음 걱정없는 아이들 뛰놀기 좋은집",25.07.21,"['25년이내', '필로티', '대형평수', '방네개이상']",남향,9301646.04259954
경기도,용인시 기흥구,상하동,지석마을진흥더루벤스2단지,매매,207동,5/16,480000000,165.26,OWNER,로얄동 로얄층 정상입주,25.07.15,"['25년이내', '대형평수', '방네개이상', '화장실두개']",남동향,9601699.140747914
경기도,용인시 기흥구,상하동,지석마을진흥더루벤스2단지,전세,203동,11/16,380000000,165.26,NDOC1,"융무, 날짜협의가능, 깨끗함, 입구동으로 상가 버스정류장 이용 편리함",25.07.15,"['25년이내', '대형평수', '방네개이상', '화장실두개']",남동향,7601345.153092098
경기도,용인시 기흥구,상하동,지석마을진흥더루벤스2단지,매매,207동,15/16,480000000,165.26,OWNER,로얄동 로얄층 확장형,25.07.09,"['25년이내', '대형평수', '방네개이상', '화장실두개']",남동향,9601699.140747914
경기도,용인시 기흥구,상하동,지석마을진흥더루벤스2단지,매매,207동,12/16,490000000,165.26,OWNER,풀확장 주인 ,25.07.08,"['25년이내', '대형평수', '방세개', '화장실두개']",남향,9801734.539513495
경기도,용인시 기흥구,상하동,지석마을진흥더루벤스2단지,전세,207동,5/16,380000000,165.26,OWNER,로얄동 로얄층  귀한전세,25.07.07,"['25년이내', '융자금없는', '대형평수', '방네개이상']",남동향,7601345.153092098
경기도,용인시 기흥구,상하동,지석마을진흥더루벤스2단지,매매,207동,중/16,490000000,165.26,OWNER,"올확장. 빠른입주가능, 조용하고 전망좋음",25.07.11,"['25년이내', '대형평수', '방네개이상', '화장실두개']",남동향,9801734.539513495
경기도,용인시 기흥구,상하동,지석마을진흥더루벤스2단지,매매,203동,10/16,510000000,165.26,OWNER,확장 방4,25.07.03,"['25년이내', '대형평수', '방네개이상', '화장실두개']",남향,10201805.337044658
경기도,용인시 기흥구,상하동,지석마을진흥더루벤스2단지,매매,203동,15/16,510000000,165.26,OWNER,확장  주인 빠른입주,25.07.03,"['25년이내', '대형평수', '방네개이상', '화장실두개']",남향,10201805.337044658
경기도,용인시 기흥구,상하동,지석마을진흥더루벤스2단지,매매,207동,저/16,460000000,165.26,DOC,입주협의. 거실 방확장으로 넓고 살기편해요. 숲이있어 공기도 좋아요,25.07.07,"['25년이내', '대형평수', '방네개이상', '화장실두개']",남동향,9201628.34321675
경기도,용인시 기흥구,상하동,지석마을진흥더루벤스2단지,매매,203동,고/16,510000000,165.26,OWNER,입주협의.주인거주.거실확장.좋은 집.햇빛 많고 전망도 아주 좋아요,25.06.26,"['25년이내', '대형평수', '방네개이상', '화장실두개']",남동향,10201805.337044658
경기도,용인시 기흥구,상하동,지석마을진흥더루벤스2단지,매매,207동,고/16,480000000,165.26,NONE,로얄층 확장형 ,25.07.18,"['25년이내', '대형평수', '방네개이상', '화장실두개']",남동향,9601699.140747914
경기도,용인시 기흥구,상하동,지석마을진흥더루벤스2단지,매매,207동,고/16,490000000,165.26,NONE,확장형 주인거주 정상입주,25.07.05,"['25년이내', '대형평수', '방네개이상', '화장실두개']",남동향,9801734.539513495
경기도,용인시 기흥구,상하동,지석마을진흥더루벤스2단지,매매,207동,저/16,490000000,165.26,NONE,로얄층 기본형,25.07.05,"['25년이내', '대형평수', '방네개이상', '화장실두개']",남동향,9801734.539513495
경기도,용인시 기흥구,상하동,지석마을진흥더루벤스2단지,매매,203동,중/16,500000000,165.26,NONE,로얄동 확장형 깨끗해요,25.07.05,"['25년이내', '대형평수', '방네개이상', '화장실두개']",남동향,10001769.938279076
경기도,용인시 기흥구,상하동,지석마을진흥더루벤스2단지,매매,212동,13/18,460000000,131.93,OWNER,"입출이 편한입구동, 올 확장 ,일부수리 ,깨끗하게 관리 잘된집",25.07.19,"['25년이내', '방세개', '화장실두개', '고층']",남동향,11526272.265595391
경기도,용인시 기흥구,상하동,지석마을진흥더루벤스2단지,매매,205동,6/19,440000000,131.93,OWNER,방3개 산전망있는 소유주거주 관리잘된 깨끗한집,25.07.17,"['25년이내', '방세개', '화장실두개', '세대당 1.5대이상']",남동향,11025129.993178202
경기도,용인시 기흥구,상하동,지석마을진흥더루벤스2단지,매매,205동,7/19,440000000,131.93,OWNER,확장된 넓고 깨끗한집으로 관리잘된 소유주거주 집 살기편해요,25.07.17,"['25년이내', '방세개', '화장실두개', '중층']",남동향,11025129.993178202
경기도,용인시 기흥구,상하동,지석마을진흥더루벤스2단지,매매,213동,6/19,450000000,131.93,OWNER,입구로얄동 기본 주인,25.07.15,"['25년이내', '방세개', '화장실두개', '세대당 1.5대이상']",남향,11275701.129386796
경기도,용인시 기흥구,상하동,지석마을진흥더루벤스2단지,매매,202동,고/18,500000000,131.93,OWNER," 올 확장 ,올인테테리어 예뻐요 복층구조 ,깨끗하게 관리 잘된집",25.07.19,"['25년이내', '복층', '방세개', '화장실두개']",남동향,12528556.810429774
경기도,용인시 기흥구,상하동,지석마을진흥더루벤스2단지,매매,205동,13/19,430000000,131.93,OWNER,"올 확장 ,올화이트 인테리어,넘 예뻐요.  전망굿, 빠른입주가능 ",25.07.11,"['25년이내', '방세개', '화장실두개', '고층']",남동향,10774558.856969604
경기도,용인시 기흥구,상하동,지석마을진흥더루벤스2단지,매매,213동,6/19,460000000,131.93,OWNER,"입출이 편한입구동, 올 확장 ,올인테테리어 ,깨끗하게 관리 잘된집",25.07.11,"['25년이내', '방세개', '화장실두개', '세대당 1.5대이상']",남동향,11526272.265595391
경기도,용인시 기흥구,상하동,지석마을진흥더루벤스2단지,매매,202동,고/18,430000000,131.93,OWNER,세안고.거실 방 확장으로 넓어요. 관리잘 되 깨끗하고 전망좋은 집입니다,25.07.15,"['25년이내', '방세개', '화장실두개', '고층']",남동향,10774558.856969604
경기도,용인시 기흥구,상하동,지석마을진흥더루벤스2단지,매매,212동,중/18,435000000,131.93,OWNER,"올 확장 , 전망굿,  집상태 깨끗, 출입이 편리한 입구동,",25.07.15,"['25년이내', '방세개', '화장실두개', '중층']",남동향,10899844.425073903
경기도,용인시 기흥구,상하동,지석마을진흥더루벤스2단지,매매,201동,15/17,450000000,131.93,OWNER,"세안고,입구동, 확장형,넓은전실,판상형 숲조망,로얄층,깔끔하게 관리된 집",25.07.08,"['25년이내', '방세개', '화장실두개', '고층']",남동향,11275701.129386796
경기도,용인시 기흥구,상하동,지석마을진흥더루벤스2단지,매매,202동,3/18,430000000,131.93,OWNER,확장 빠른입주가능,25.06.27,"['25년이내', '방세개', '화장실두개', '세대당 1.5대이상']",남동향,10774558.856969604
경기도,용인시 기흥구,상하동,지석마을진흥더루벤스2단지,매매,205동,저/19,430000000,131.93,OWNER,확장형  주인 대리석 led,25.07.03,"['25년이내', '방세개', '화장실두개', '세대당 1.5대이상']",남향,10774558.856969604
경기도,용인시 기흥구,상하동,지석마을진흥더루벤스2단지,전세,202동,저/18,350000000,131.93,DOC,확장형   빠른입주 가능해요 도배랑 깨끗해요,25.07.11,"['25년이내', '방세개', '화장실두개', '세대당 1.5대이상']",남동향,8769989.76730084
경기도,용인시 기흥구,상하동,지석마을진흥더루벤스2단지,매매,202동,저/18,460000000,131.93,OWNER,로얄동 확장형 정상입주,25.06.25,"['25년이내', '방세개', '화장실두개', '세대당 1.5대이상']",남동향,11526272.265595391
경기도,용인시 기흥구,상하동,지석마을진흥더루벤스2단지,매매,213동,저/19,450000000,131.93,NONE,확장형 정상입주 가능,25.07.18,"['25년이내', '방세개', '화장실두개', '세대당 1.5대이상']",남동향,11275701.129386796
경기도,용인시 기흥구,상하동,지석마을진흥더루벤스2단지,매매,205동,중/19,425000000,131.93,NONE,확장형 주인거주 깨끗,25.07.18,"['25년이내', '방세개', '화장실두개', '중층']",남동향,10649273.288865307
경기도,용인시 기흥구,상하동,지석마을진흥더루벤스2단지,매매,202동,저/18,460000000,131.93,NONE,확장형 정상입주 가능,25.07.18,"['25년이내', '방세개', '화장실두개', '세대당 1.5대이상']",남동향,11526272.265595391
경기도,용인시 기흥구,상하동,지석마을진흥더루벤스2단지,매매,202동,2/18,500000000,131.93,NONE,기본형 .깨끗.하시입주가능,25.07.05,"['25년이내', '방세개', '화장실두개', '세대당 1.5대이상']",남향,12528556.810429774
경기도,용인시 기흥구,상하동,지석마을진흥더루벤스2단지,매매,202동,18/18,520000000,131.93,NONE,확장형 로얄동 복층형   ,25.06.25,"['25년이내', '복층', '탑층', '방세개']",남동향,13029699.082846966
경기도,용인시 기흥구,상하동,지석마을진흥더루벤스2단지,매매,209동,8/16,410000000,111.12,OWNER,확장형  깨끗,25.07.21,"['25년이내', '방세개', '화장실두개', '중층']",남향,12197370.860331174
경기도,용인시 기흥구,상하동,지석마을진흥더루벤스2단지,전세,211동,7/19,310000000,111.12,OWNER,로얄동 씽크대 화이트 부분리모델링된 관리잘된 깨끗한집 전세대출OK,25.07.19,"['25년이내', '방세개', '화장실두개', '중층']",남동향,9222402.357811376
경기도,용인시 기흥구,상하동,지석마을진흥더루벤스2단지,매매,209동,8/16,420000000,111.12,OWNER,기본형 정상입주,25.07.15,"['25년이내', '방세개', '화장실두개', '중층']",남향,12494867.710583154
경기도,용인시 기흥구,상하동,지석마을진흥더루벤스2단지,매매,210동,6/19,430000000,111.12,OWNER,",해 잘들고  숲전망 좋음 .조용함, 관리 잘된집,  선호하는동",25.07.11,"['25년이내', '방세개', '화장실두개', '세대당 1.5대이상']",남동향,12792364.560835132
경기도,용인시 기흥구,상하동,지석마을진흥더루벤스2단지,매매,211동,3/19,420000000,111.12,OWNER,기본집  아이들편히 키우세요,25.07.10,"['25년이내', '필로티', '방세개', '화장실두개']",남동향,12494867.710583154
경기도,용인시 기흥구,상하동,지석마을진흥더루벤스2단지,매매,211동,2/19,410000000,111.12,OWNER,확장형 주인,25.07.08,"['25년이내', '방세개', '화장실두개', '세대당 1.5대이상']",남향,12197370.860331174
경기도,용인시 기흥구,상하동,지석마을진흥더루벤스2단지,매매,211동,9/19,410000000,111.12,DOC,정상입주.,25.07.17,"['25년이내', '방세개', '화장실두개', '중층']",남동향,12197370.860331174
경기도,용인시 기흥구,상하동,지석마을진흥더루벤스2단지,매매,209동,저/16,400000000,111.12,OWNER,로얄동  확장형 정상입주,25.06.25,"['25년이내', '방세개', '화장실두개', '세대당 1.5대이상']",남동향,11899874.010079194
경기도,용인시 기흥구,상하동,지석마을진흥더루벤스2단지,월세,211동,7/19,2억/65,111.12,DOC,로얄동 확장구조 넓은집으로 관리잘된 깨끗한 집 전세대출OK,25.06.28,"['25년이내', '방세개', '화장실두개', '중층']",남동향,
경기도,용인시 기흥구,상하동,지석마을진흥더루벤스2단지,월세,211동,7/19,1억/100,111.12,NONE,,25.07.10,"['25년이내', '방세개', '화장실두개', '중층']",남동향,
경기도,용인시 기흥구,상하동,지석마을진흥더루벤스2단지,매매,208동,5/19,410000000,109.52,OWNER,방3개 정상입주 소유주사는 관리잘된 깨끗한집,25.07.17,"['25년이내', '방세개', '화장실두개', '세대당 1.5대이상']",남동향,12375564.737034332
경기도,용인시 기흥구,상하동,지석마을진흥더루벤스2단지,매매,208동,9/19,400000000,109.52,OWNER,확장 주인거주 입주협의,25.06.27,"['25년이내', '방세개', '화장실두개', '중층']",남서향,12073721.694667643
경기도,용인시 기흥구,상하동,지석마을진흥더루벤스2단지,매매,208동,저/19,410000000,109.52,NONE,로얄층 확장형 ,25.07.18,"['25년이내', '방세개', '화장실두개', '세대당 1.5대이상']",남동향,12375564.737034332
경기도,용인시 기흥구,상하동,지석마을진흥더루벤스2단지,매매,206동,중/19,390000000,109.52,NONE,확장형 로얄층 빠른입주 가능,25.07.05,"['25년이내', '방세개', '화장실두개', '중층']",남동향,11771878.65230095
경기도,용인시 기흥구,상하동,풍림,매매,103동,6/20,320000000,81.58,NDOC1,"하루종일 햇볕짱짱, 로얄동,세안고투자,26.3만기",25.07.21,"['25년이상', '역세권', '방두개', '화장실한개']",남향,12967040.94140721
경기도,용인시 기흥구,상하동,풍림,매매,103동,10/20,325000000,81.58,OWNER,"세안고, 씽크, 화장실올수리, 밖샷시교체, 남향 산전망따뜻, 대중교통편리",25.07.21,"['25년이상', '올수리', '역세권', '방두개']",남향,13169650.956116697
경기도,용인시 기흥구,상하동,풍림,매매,106동,4/19,310000000,81.58,NDOC1,"24형 수리기간 드림, 관리비저렴, 채광좋음,  산전망이 이뻐요",25.07.18,"['25년이상', '방두개', '화장실한개', '세대당1대']",남향,12561820.911988232
경기도,용인시 기흥구,상하동,풍림,매매,103동,15/20,325000000,81.58,OWNER,"주인세안고,거실확장,방1확장,씽크,화장실올수리,남향,숲세권,따뜻합니다",25.07.16,"['25년이상', '올수리', '역세권', '방두개']",남향,13169650.956116697
경기도,용인시 기흥구,상하동,풍림,매매,103동,2/20,300000000,81.58,OWNER,"날자협의,남향,산전망,주변지석초,어정역,광역버스정류장,교통편리,산책로",25.07.16,"['25년이상', '역세권', '방두개', '화장실한개']",남향,12156600.882569257
경기도,용인시 기흥구,상하동,풍림,전세,106동,중/19,260000000,81.58,OWNER,"하시,거실확장방1확장,씽크,화장실올수리,예쁜집,신혼집환영,숲세권,정남향",25.07.21,"['25년이상', '올수리', '방두개', '화장실한개']",남향,10535720.764893357
경기도,용인시 기흥구,상하동,풍림,매매,106동,3/19,330000000,81.58,NDOC1,"정남향, 하루종일 햇볕짱짱, 로얄동, 전세안고투자",25.07.11,"['25년이상', '방두개', '화장실한개', '세대당1대']",남향,13372260.970826184
경기도,용인시 기흥구,상하동,풍림,매매,103동,7/20,310000000,81.58,DOC,거실확장형.남향.주인거주용 화이트톤 수리.중문설치.주방.화장실.안방샤시.,25.07.01,"['25년이상', '역세권', '방두개', '화장실한개']",남향,12561820.911988232
경기도,용인시 기흥구,상하동,풍림,전세,102동,11/20,265000000,81.36,NDOC1,"올수리 , 확장, 완전 깨끗, 방3화1, 신혼부부강추",25.07.21,"['25년이상', '올수리', '역세권', '방세개']",동향,10767367.563913472
경기도,용인시 기흥구,상하동,풍림,전세,102동,18/20,260000000,81.36,NDOC1,"방3,화1,  확장, 기본, 11월초 입주가능",25.07.21,"['25년이상', '역세권', '방세개', '화장실한개']",동향,10564209.685349066
경기도,용인시 기흥구,상하동,풍림,매매,102동,15/20,310000000,81.36,OWNER,"월세안고,중간라인,씽크,보일러교체, 서울광역버스정류장,어정역,산책로",25.07.21,"['25년이상', '역세권', '보일러교체', '방세개']",동향,12595788.470993118
경기도,용인시 기흥구,상하동,풍림,매매,105동,11/19,325000000,81.36,OWNER,"날자협의,씽크교체.정남향 인기동,산전망,산책로,어정역,지석초",25.07.21,"['25년이상', '방세개', '화장실한개', '중층']",남향,13205262.106686333
경기도,용인시 기흥구,상하동,풍림,매매,102동,18/20,330000000,81.36,OWNER,"날자협의,거실확장,씽크,화장실수리,중간라인.주변버스정류장,산책로",25.07.19,"['25년이상', '역세권', '욕실수리', '방세개']",동향,13408419.98525074
경기도,용인시 기흥구,상하동,풍림,매매,101동,9/20,340000000,81.36,OWNER,"전세2억8천안고 투자, 방3화1, 남향, 깨끗하고 깔끔한 집",25.07.19,"['25년이상', '역세권', '방세개', '화장실한개']",남향,13814735.742379548
경기도,용인시 기흥구,상하동,풍림,매매,105동,1/19,310000000,81.36,OWNER,"방3,화1, 입주가능, 확장, 깨끗하고 깔끔한 집, 조건 맞춰드려요",25.07.19,"['25년이상', '1층', '방세개', '화장실한개']",남향,12595788.470993118
경기도,용인시 기흥구,상하동,풍림,매매,104동,1/20,295000000,81.36,OWNER,최근올리모델링 확장 집최상 어린이키우기좋은1층 너무좋아요,25.07.19,"['25년이상', '1층', '방세개', '화장실한개']",동향,11986314.835299902
경기도,용인시 기흥구,상하동,풍림,매매,105동,7/19,330000000,81.36,OWNER,"24형,정남향,집상태최상,정상입주가능,산전망뷰도너무좋아요",25.07.19,"['25년이상', '방세개', '화장실한개', '중층']",남향,13408419.98525074
경기도,용인시 기흥구,상하동,풍림,매매,102동,17/20,330000000,81.36,OWNER,"수리되어집상태좋음,거실과방1확장,보일러교체,어정역",25.07.19,"['25년이상', '역세권', '보일러교체', '방세개']",동향,13408419.98525074
경기도,용인시 기흥구,상하동,풍림,매매,101동,17/20,340000000,81.36,OWNER,"햇살따뜻한 남향, 방3화1, 어정역 5분",25.07.18,"['25년이상', '역세권', '방세개', '화장실한개']",남향,13814735.742379548
경기도,용인시 기흥구,상하동,풍림,매매,101동,13/20,310000000,81.36,OWNER,"반전세안고 투자 가능한 매물입니다, 방3화1, 남향,",25.07.18,"['25년이상', '역세권', '방세개', '화장실한개']",남향,12595788.470993118
경기도,용인시 기흥구,상하동,풍림,매매,101동,19/20,340000000,81.36,NDOC1,"방3,화1, 전세안고 투자. 조건 맞춰드려요",25.07.17,"['25년이상', '역세권', '방세개', '화장실한개']",남향,13814735.742379548
경기도,용인시 기흥구,상하동,풍림,매매,101동,1/20,295000000,81.36,NDOC1,"저렴한 매물, 방3, 기본, 따뜻한 남향,",25.07.17,"['25년이상', '역세권', '1층', '방세개']",남향,11986314.835299902
경기도,용인시 기흥구,상하동,풍림,매매,101동,2/20,330000000,81.36,OWNER,"날자협의,거실확장,방1확장,씽크교체,화장실,올수리예쁜집,입구동,남향",25.07.17,"['25년이상', '올수리', '역세권', '방세개']",남향,13408419.98525074
경기도,용인시 기흥구,상하동,풍림,매매,105동,9/19,380000000,81.36,OWNER,"전체삿시교체,거실확장,방1확장,씽크화장실교체,올인테리어 예쁜집",25.07.15,"['25년이상', '방세개', '화장실한개', '중층']",남향,15439998.77089479
경기도,용인시 기흥구,상하동,풍림,매매,104동,6/20,350000000,81.36,OWNER,"날자협의,최근올수리 예쁜집,씽크교체,화장실수리등,트인산전망,주변지석초",25.07.14,"['25년이상', '올수리', '욕실수리', '방세개']",동향,14221051.499508359
경기도,용인시 기흥구,상하동,풍림,매매,105동,6/19,330000000,81.36,OWNER,"남향 방3 화1,  기본, 조건 맞춰드려요",25.07.10,"['25년이상', '방세개', '화장실한개', '세대당1대']",남향,13408419.98525074
경기도,용인시 기흥구,상하동,풍림,매매,101동,7/20,310000000,81.36,OWNER,"집주인거주, 입구동, 남향 ,주변지석초,농산물선터,버스정류장,어정역등",25.07.10,"['25년이상', '역세권', '방세개', '화장실한개']",남향,12595788.470993118
경기도,용인시 기흥구,상하동,풍림,매매,102동,10/20,310000000,81.36,DOC,"접근성좋고생활편리한어정역세권,방3개,기본시설교체되어깨끗함,정상입주",25.07.19,"['25년이상', '역세권', '방세개', '화장실한개']",동향,12595788.470993118
경기도,용인시 기흥구,상하동,풍림,매매,105동,3/19,310000000,81.36,DOC,"방3,화1, 남향, 입주가능, 조건 맞춰드려요",25.07.17,"['25년이상', '방세개', '화장실한개', '세대당1대']",남향,12595788.470993118
경기도,용인시 기흥구,상하동,풍림,매매,101동,16/20,360000000,81.36,OWNER,"남향,올수리된집,집상태최상,세안고 소액투자가능,전망뷰도굿",25.07.04,"['25년이상', '올수리', '역세권', '방세개']",남향,14627367.256637169
경기도,용인시 기흥구,상하동,풍림,매매,105동,17/19,350000000,81.36,OWNER,"날자협의,씽크교체.화장실수리, 정남향 ,인기동,산전망좋아요.",25.07.04,"['25년이상', '욕실수리', '방세개', '화장실한개']",남향,14221051.499508359
경기도,용인시 기흥구,상하동,풍림,매매,101동,17/20,330000000,81.36,OWNER,"날자협의,방1확장,씽크교체,화장실수리, 입구동,남향,어정역,산책로",25.07.04,"['25년이상', '역세권', '욕실수리', '방세개']",남향,13408419.98525074
경기도,용인시 기흥구,상하동,풍림,매매,101동,11/20,340000000,81.36,OWNER,"햇살따뜻한 남향, 올리모델링, 월세끼고 투자, 방3화1,",25.07.02,"['25년이상', '역세권', '방세개', '화장실한개']",남향,13814735.742379548
경기도,용인시 기흥구,상하동,풍림,매매,102동,6/20,310000000,81.36,DOC,"기본, 방3개, 정상입주,주인거주중",25.07.11,"['25년이상', '역세권', '방세개', '화장실한개']",동향,12595788.470993118
경기도,용인시 기흥구,상하동,풍림,전세,105동,11/19,260000000,81.36,NONE,"날자협의, 씽크교체, 정남향, 인기동,산전망,어정역,지석초,산책로",25.07.19,"['25년이상', '방세개', '화장실한개', '중층']",남향,10564209.685349066
경기도,용인시 기흥구,상하동,한양팰리스빌,매매,1동,2/9,350000000,123.83,NDOC1,,25.07.15,"['25년이내', '역세권', '방네개이상', '화장실두개']",남서향,9343654.607122669
경기도,용인시 기흥구,상하동,한양팰리스빌,전세,1동,1/9,240000000,123.83,DOC,"방4개, 화장실2개형, 123제곱미터, 도배, 등 수리예정",25.07.21,"['25년이내', '역세권', '1층', '방네개이상']",서향,6407077.444884116
경기도,용인시 기흥구,상하동,한양팰리스빌,전세,1동,1/9,240000000,123.83,NONE,어정역도보 가능. 엘베유.주차편리,25.07.15,"['25년이내', '융자금없는', '역세권', '1층']",남서향,6407077.444884116
경기도,용인시 기흥구,서천동,서그내마을SK,매매,108동,9/20,710000000,197.52,DOC,2년전올수리 정상 기본 ,25.07.12,"['25년이내', '올수리', '대형평수', '방네개이상']",남서향,11882884.51802349
경기도,용인시 기흥구,서천동,서그내마을SK,매매,103동,14/20,560000000,160.03,OWNER,"즉시입주협의가능, 부분수리, 방2개확장, 주인거주관리잘된깨끗한집",25.07.17,"['25년이내', '대형평수', '방두개', '화장실두개']",남서향,11568078.48528401
경기도,용인시 기흥구,서천동,서그내마을SK,매매,103동,18/20,600000000,160.03,NDOC1,"입주협의가or세안고가,베,방2확장,올마루,시원한고층,중앙광장뷰,채광좋음",25.07.16,"['25년이내', '대형평수', '방네개이상', '화장실두개']",남서향,12394369.80566144
경기도,용인시 기흥구,서천동,서그내마을SK,매매,103동,14/20,630000000,160.03,OWNER,"세안고, 부분수리, 관리잘됨,영통역도보이용, 서울교통편리",25.07.11,"['25년이내', '대형평수', '방네개이상', '화장실두개']",남서향,13014088.295944512
경기도,용인시 기흥구,서천동,서그내마을SK,매매,103동,1/20,500000000,160.03,NDOC1,"급매, 확장, 거실앞정원, 부분수리됨",25.07.02,"['25년이내', '마당', '1층', '급매']",남향,10328641.504717866
경기도,용인시 기흥구,서천동,서그내마을SK,매매,105동,10/18,585000000,160.03,OWNER,"방2확장,화장실수리,전망트임,초중고도보가,영통역도보가,서울교통최상",25.06.27,"['25년이내', '욕실수리', '화장실두개', '대형평수']",남향,12084510.560519904
경기도,용인시 기흥구,서천동,서그내마을SK,매매,105동,18/18,600000000,160.03,OWNER,"층간소음 걱정없는 탑층, 월세안고 매매, 입주협의도가능, 일부수리",25.06.23,"['25년이내', '대형평수', '탑층', '방네개이상']",남서향,12394369.80566144
경기도,용인시 기흥구,서천동,서그내마을SK,매매,105동,8/18,620000000,160.03,DOC,남향  기본 정상 날짜협의,25.07.03,"['25년이내', '대형평수', '방네개이상', '화장실두개']",남향,12807515.465850154
경기도,용인시 기흥구,서천동,서그내마을SK,매매,101동,6/20,550000000,114.84,NDOC1,"입주협의, 샷시포함 올수리, 주인거주, 작은방 1확장",25.07.18,"['25년이내', '올수리', '방세개', '화장실두개']",남향,15832303.639846744
경기도,용인시 기흥구,서천동,서그내마을SK,매매,106동,10/20,570000000,114.84,NDOC1,"추천,입주협의,LG오브제가전,가구포함,최신내부올인테리어,막힘없는초등인접동",25.07.18,"['25년이내', '방세개', '화장실두개', '중층']",남향,16408023.772204807
경기도,용인시 기흥구,서천동,서그내마을SK,매매,101동,8/20,495000000,114.84,OWNER,입주협의가능 주인거주 관리잘된집 로얄층,25.07.17,"['25년이내', '방세개', '화장실두개', '중층']",남서향,14249073.275862068
경기도,용인시 기흥구,서천동,서그내마을SK,매매,104동,1/18,500000000,114.84,OWNER,정상입주 샷시포함 올수리 층간소음없는 1층 동간거리넓음,25.07.17,"['25년이내', '올수리', '1층', '방세개']",남향,14393003.308951585
경기도,용인시 기흥구,서천동,서그내마을SK,매매,104동,14/18,500000000,114.84,MOBL,"정상, 방1확장, 화장실수리, 싱크대교체, 화이트톤수리,광역버스영통역이용",25.07.14,"['25년이내', '욕실수리', '주방교체', '방세개']",남서향,14393003.308951585
경기도,용인시 기흥구,서천동,서그내마을SK,매매,104동,11/18,500000000,114.84,NDOC1,"입주협의, 방1확장,로얄동,버스정류장,전철역가까운동",25.07.14,"['25년이내', '방세개', '화장실두개', '중층']",남향,14393003.308951585
경기도,용인시 기흥구,서천동,서그내마을SK,매매,106동,9/20,510000000,114.84,OWNER,"탁 트인 맨 앞동, 주인 거주, 현 공실, 채광 조망 좋음, 즉시입주",25.07.08,"['25년이내', '방세개', '화장실두개', '중층']",남서향,14680863.375130616
경기도,용인시 기흥구,서천동,서그내마을SK,매매,101동,6/20,530000000,114.84,OWNER,"올수리,확장무,주인수리,서울교통최고,초중고도보가,영통역도보가.",25.07.05,"['25년이내', '올수리', '화장실두개', '방세개']",남향,15256583.50748868
경기도,용인시 기흥구,서천동,서그내마을SK,매매,102동,3/20,500000000,114.84,DOC,"기본, 정상, 부분수리, 주인거주 ",25.07.14,"['25년이내', '방세개', '화장실두개', '세대당1대']",남서향,14393003.308951585
경기도,용인시 기흥구,서천동,서그내마을SK,매매,105동,3/18,540000000,114.84,DOC,"정상, 올수리, 올확장, 광역버스전쳘이용편리",25.07.12,"['25년이내', '올수리', '방세개', '화장실두개']",남서향,15544443.573667713
경기도,용인시 기흥구,서천동,서그내마을SK,매매,101동,6/20,495000000,114.84,NDOC1,"입주협의.기본형,씽크대,화장실,LED등부분인테리어,동간거리넓어채광좋음",25.06.28,"['25년이내', '방세개', '화장실두개', '세대당1대']",남향,14249073.275862068
경기도,용인시 기흥구,서천동,서그내마을SK,매매,106동,16/20,530000000,114.84,OWNER,"입주협의가,올확장,올수리,전망확트임,서울교통편리,영통역도보가,선화하는동",25.06.27,"['25년이내', '올수리', '화장실두개', '방세개']",남향,15256583.50748868
경기도,용인시 기흥구,서천동,서그내마을SK,월세,104동,10/18,"1억 5,000/80",114.84,DOC,"올수리된집,10월초입주가능",25.07.05,"['25년이내', '융자금없는', '올수리', '방세개']",남향,
경기도,용인시 기흥구,서천동,서천2차아이파크,매매,601동,4/10,570000000,100.6,MOBL,초등학교 중학교 품은 관리 잘 된 집 실 입주 가능한 매물,25.07.21,"['10년이내', '방세개', '화장실두개', '중층']",동향,18730590.954274356
경기도,용인시 기흥구,서천동,서천2차아이파크,전세,606동,13/13,370000000,100.6,DOC,9월19일입주협의 트인뷰 로얄층 초중학교앞 탄성 도배,25.07.18,"['10년이내', '탑층', '방세개', '화장실두개']",남서향,12158453.777335985
경기도,용인시 기흥구,서천동,서천2차아이파크,매매,606동,저/13,580000000,100.6,DOCV2,입주협의 초중학교앞 주출입구가까운동 타워형,25.07.16,"['10년이내', '방세개', '화장실두개', '세대당1대']",남동향,19059197.813121274
경기도,용인시 기흥구,서천동,서천2차아이파크,매매,601동,3/10,595000000,100.6,DOC,입주협의 로얄동 숲속뷰  트인뷰 관리잘된집,25.07.14,"['10년이내', '방세개', '화장실두개', '세대당1대']",남동향,19552108.10139165
경기도,용인시 기흥구,서천동,서천2차아이파크,월세,606동,13/13,3억/30,100.6,DOC,9월 19일입주협의 트인하늘뷰 도배 탄성 초중학교앞 로얄층,25.07.12,"['10년이내', '탑층', '방세개', '화장실두개']",남서향,
경기도,용인시 기흥구,서천동,서천2차아이파크,매매,603동,저/13,600000000,100.6,DOC,입주협의 숲속뷰 주인거주 조용한동 초중학교앞,25.07.18,"['10년이내', '방세개', '화장실두개', '세대당1대']",남동향,19716411.53081511
경기도,용인시 기흥구,서천동,서천2차아이파크,매매,603동,1/13,550000000,100.6,DOC,"세안고, 숲속뷰, 필로티1층, 유.초.중 근접, 아이키우기 좋음.",25.07.04,"['10년이내', '1층', '필로티', '방세개']",남향,18073377.236580517
경기도,용인시 기흥구,서천동,서천2차아이파크,매매,606동,8/13,650000000,100.6,DOC,관리 잘된 집. 정문 가까운동. 정상입주.,25.07.03,"['10년이내', '방세개', '화장실두개', '중층']",남향,21359445.825049706
경기도,용인시 기흥구,서천동,서천2차아이파크,매매,606동,중/13,630000000,100.6,DOC,입주협의 트인뷰 관리잘된집 초중학교앞,25.07.04,"['10년이내', '방세개', '화장실두개', '중층']",남동향,20702232.107355867
경기도,용인시 기흥구,서천동,서천2차아이파크,매매,604동,중/13,560000000,99.78,OWNER,"신축,초품아,전세안고,채광굿,조용한주거공간",25.07.09,"['10년이내', '복층', '화장실두개', '방세개']",남향,18553213.068751253
경기도,용인시 기흥구,서천동,서천2차아이파크,매매,604동,3/13,550000000,99.78,DOCV2,"주인전세,  판상형구조, 조용한 동, 관리잘된집,유.초.중 바로앞",25.07.04,"['10년이내', '방세개', '화장실두개', '세대당1대']",남서향,18221905.692523554
경기도,용인시 기흥구,서천동,서천2차아이파크,매매,604동,5/13,600000000,99.78,DOC,입주협의 4베이판상형  초중학교앞 관리잘된집 조용한동,25.07.08,"['10년이내', '방세개', '화장실두개', '중층']",남서향,19878442.573662058
경기도,용인시 기흥구,서천동,서천2차아이파크,매매,605동,8/13,610000000,99.73,DOC,"정상입주 협의,전망탁트인로얄동,선호하는B타입,주인거주,관리잘된집",25.07.21,"['10년이내', '방세개', '화장실두개', '중층']",남서향,20219882.181891106
경기도,용인시 기흥구,서천동,서천2차아이파크,매매,602동,4/13,558000000,99.73,DOC,정상입주. 초록숲뷰. 4베이 판상형. 선호타입.,25.07.21,"['10년이내', '방세개', '화장실두개', '세대당1대']",남동향,18496220.094254486
경기도,용인시 기흥구,서천동,서천2차아이파크,매매,602동,2/13,550000000,99.73,DOCV2,"세안고 , 갭투자형, 학세권 입지,  주변 녹지공원 활성화",25.07.17,"['10년이내', '방세개', '화장실두개', '세대당1대']",남동향,18231041.311541162
경기도,용인시 기흥구,서천동,서천2차아이파크,매매,604동,10/13,560000000,99.73,DOCV2,정상입주협의  4베이판상형 로얄층 동간거리넓음 조용한동,25.07.16,"['10년이내', '방세개', '화장실두개', '고층']",남향,18562514.78993282
경기도,용인시 기흥구,서천동,서천2차아이파크,매매,602동,13/13,630000000,99.73,DOCV2,입주협의 트인뷰 관리잘된집 4베이판상형,25.07.16,"['10년이내', '탑층', '방세개', '화장실두개']",남동향,20882829.13867442
경기도,용인시 기흥구,서천동,서천2차아이파크,매매,602동,11/13,580000000,99.73,DOC,주인전세매매 로얄층 숲속뷰 트인뷰 시스템에어컨 식기세척기,25.07.16,"['10년이내', '방세개', '화장실두개', '고층']",남동향,19225461.746716134
경기도,용인시 기흥구,서천동,서천2차아이파크,매매,602동,11/13,570000000,99.73,DOC,4베이판상형 하늘뷰 트인뷰 관리잘된집 조용한동 늦은입주가능,25.07.16,"['10년이내', '방세개', '화장실두개', '고층']",남동향,18893988.268324476
경기도,용인시 기흥구,서천동,서천2차아이파크,매매,603동,중/13,600000000,99.73,DOCV2,좋은동 로얄층 원두막 바람을 느낄 수 있는 쾌적 아늑한  상태 깨끗 추천,25.07.14,"['10년이내', '방세개', '화장실두개', '중층']",남서향,19888408.70349945
경기도,용인시 기흥구,서천동,서천2차아이파크,전세,603동,중/13,420000000,99.73,DOC,"정상입주 조망굿 초,중 5분거리 깨끗해요",25.07.18,"['10년이내', '방세개', '화장실두개', '중층']",남동향,13921886.092449615
경기도,용인시 기흥구,서천동,서천2차아이파크,매매,606동,12/13,550000000,99.73,DOCV2,4베이판상형 세안고매매 갭투자 초중학교앞,25.07.03,"['10년이내', '방세개', '화장실두개', '고층']",남동향,18231041.311541162
경기도,용인시 기흥구,서천동,서천2차아이파크,매매,601동,6/10,650000000,99.73,DOC,입주협의 트인뷰 관리잘된집 초중학교앞,25.07.03,"['10년이내', '방세개', '화장실두개', '중층']",남서향,21545776.095457736
경기도,용인시 기흥구,서천동,서천2차아이파크,매매,602동,4/13,630000000,99.73,DOC,숲속에 사는듯한 전망. 관리 잘된집. 정상입주.,25.07.03,"['10년이내', '방세개', '화장실두개', '세대당1대']",남동향,20882829.13867442
경기도,용인시 기흥구,서천동,서천2차아이파크,매매,602동,4/13,640000000,99.73,DOCV2,입주협의 4베이판상형  숲속뷰 조용한동 로얄동,25.06.24,"['10년이내', '방세개', '화장실두개', '세대당1대']",남동향,21214302.61706608
경기도,용인시 기흥구,서천동,서천마을쌍용예가,매매,408동,8/15,600000000,111.29,OWNER,"즉시입주, 상가이용편리, 유.초.중 근접, 관리잘된집",25.07.21,"['15년이내', '방세개', '화장실두개', '중층']",남서향,17822544.703028128
경기도,용인시 기흥구,서천동,서천마을쌍용예가,매매,403동,11/15,580000000,111.29,NDOC1,"둘레길이용가능,시원한 개방감,이마트등 중심상가이용수월함",25.07.17,"['15년이내', '방세개', '화장실두개', '고층']",남서향,17228459.879593853
경기도,용인시 기흥구,서천동,서천마을쌍용예가,매매,410동,15/15,620000000,111.29,NDOC1,"공원뷰,  전체인테리어함, 탑층으로 층간소음걱정무",25.07.17,"['15년이내', '탑층', '방세개', '화장실두개']",남서향,18416629.526462395
경기도,용인시 기흥구,서천동,서천마을쌍용예가,매매,404동,2/15,570000000,111.29,DOC,서천역 바로옆.안전한통학길. 입주협의,25.07.21,"['15년이내', '방세개', '화장실두개', '세대당1대']",남서향,16931417.46787672
경기도,용인시 기흥구,서천동,서천마을쌍용예가,매매,410동,14/15,620000000,111.29,DOC,"로얄동,로얄층,전면 뷰 매우좋음,서천역 공사중으로 향후 투자가치있음",25.07.16,"['15년이내', '방세개', '화장실두개', '고층']",남서향,18416629.526462395
경기도,용인시 기흥구,서천동,서천마을쌍용예가,매매,410동,3/15,600000000,111.29,DOC,"이사협의, 공원뷰, 트인조망굿, 중문, 붙박이장등 깨끗해요",25.07.16,"['15년이내', '방세개', '화장실두개', '세대당1대']",남서향,17822544.703028128
경기도,용인시 기흥구,서천동,서천마을쌍용예가,매매,409동,10/14,600000000,111.29,DOC,공원앞 동탄까지 보이는 전망.세끼고2억6천.2027년2월 입주협의,25.07.11,"['15년이내', '방세개', '화장실두개', '고층']",남서향,17822544.703028128
경기도,용인시 기흥구,서천동,서천마을쌍용예가,전세,405동,12/15,370000000,111.29,DOC, 중심상가이용편리. 9월26일 입주확정.평일엔 저녁에 방문가.,25.07.10,"['15년이내', '방세개', '화장실두개', '고층']",남서향,10990569.23353401
경기도,용인시 기흥구,서천동,서천마을쌍용예가,매매,406동,1/15,560000000,111.29,DOC,아주 높은1층 앞이 확트임.내부상태 깔끔.,25.07.10,"['15년이내', '1층', '방세개', '화장실두개']",남서향,16634375.056159584
경기도,용인시 기흥구,서천동,서천마을쌍용예가,매매,409동,1/14,570000000,111.29,DOC,공원앞 맨앞동 아늑한 1층.중심상가 이용편리. 입주협의,25.07.10,"['15년이내', '1층', '방세개', '화장실두개']",남서향,16931417.46787672
경기도,용인시 기흥구,서천동,서천마을쌍용예가,매매,408동,7/15,600000000,111.29,DOC,뷰 최고. 집상태 굿. 정상입주. 중심상가 이용편리.,25.07.10,"['15년이내', '방세개', '화장실두개', '중층']",남서향,17822544.703028128
경기도,용인시 기흥구,서천동,서천마을쌍용예가,매매,410동,5/15,650000000,111.29,DOC,"공원앞 4단지 최고의 앞전망,정상입주가",25.07.07,"['15년이내', '방세개', '화장실두개', '세대당1대']",남서향,19307756.7616138
경기도,용인시 기흥구,서천동,서천마을쌍용예가,매매,404동,3/15,620000000,111.29,DOC,"전체화이트올인테리어,주인거주,귀한3층필로티,서천역호재접근성최상",25.07.03,"['15년이내', '필로티', '화장실한개', '세대당1대']",남서향,18416629.526462395
경기도,용인시 기흥구,서천동,서천마을쌍용예가,매매,411동,7/15,630000000,111.29,DOC,공원앞 둘레길 조망 앞이확트임.입주협의 ,25.06.30,"['15년이내', '방세개', '화장실두개', '중층']",남향,18713671.938179534
경기도,용인시 기흥구,서천동,서천마을쌍용예가,매매,406동,6/15,660000000,111.29,DOC,정상입주. 중간층. 내부옵션 많아요.,25.06.24,"['15년이내', '방세개', '화장실두개', '중층']",남서향,19604799.173330937
경기도,용인시 기흥구,서천동,서천마을쌍용예가,매매,411동,5/15,600000000,111.29,DOC,"로얄동 로얄층. 뻥뷰, 정상입주",25.06.24,"['15년이내', '방세개', '화장실두개', '세대당1대']",남향,17822544.703028128
경기도,용인시 기흥구,서천동,서천마을쌍용예가,매매,409동,14/14,630000000,111.29,DOC,"쌍용예가 최고의 확트인 앞전망,8월말 입주가",25.06.23,"['15년이내', '탑층', '방세개', '화장실두개']",남서향,18713671.938179534
경기도,용인시 기흥구,서천동,서천마을쌍용예가,매매,409동,고/14,650000000,111.29,DOC,"4단지최고의 조망권.중심상가이용편리,정상입주가",25.06.23,"['15년이내', '방세개', '화장실두개', '고층']",남서향,19307756.7616138
경기도,용인시 기흥구,서천동,서천마을쌍용예가,매매,407동,4/15,580000000,111.14,OWNER,귀한 4베이구조. 탁트인전망. 초등.중학교 가까운곳. 서천역예정지도보권.,25.07.17,"['15년이내', '방세개', '화장실두개', '세대당1대']",남서향,17251712.25481375
경기도,용인시 기흥구,서천동,서천마을쌍용예가,매매,401동,13/14,630000000,111.14,DOC,학교 가까운 동. 집 깨끗해요. 세안고.,25.07.21,"['15년이내', '방세개', '화장실두개', '고층']",남서향,18738928.82850459
경기도,용인시 기흥구,서천동,서천마을쌍용예가,매매,401동,12/14,600000000,111.14,DOCV2,4베이판상형 입주협의 로얄층 최근수리함 중문 탄성 줄눈,25.07.14,"['15년이내', '방세개', '화장실두개', '고층']",남서향,17846598.884290088
경기도,용인시 기흥구,서천동,서천마을쌍용예가,매매,401동,중/14,630000000,111.14,DOC,추천 정상 입주협의 매미산뷰최고  4베이 산책로접 상가편리 역호재,25.07.19,"['15년이내', '방세개', '화장실두개', '중층']",남동향,18738928.82850459
경기도,용인시 기흥구,서천동,서천마을쌍용예가,매매,401동,10/14,620000000,111.14,DOC,"정상입주 협의가능,전망탁트인 로얄동,수납공간 넓은4베이",25.07.11,"['15년이내', '방세개', '화장실두개', '고층']",남서향,18441485.513766423
경기도,용인시 기흥구,서천동,서천마을쌍용예가,매매,402동,12/15,700000000,111.14,DOC,매미산뷰.해돋이.해넘이 모두 절경 감상. 입주협의,25.07.07,"['15년이내', '방세개', '화장실두개', '고층']",남동향,20821032.031671766
경기도,용인시 기흥구,서천동,서천마을쌍용예가,매매,401동,14/14,650000000,111.14,DOC,완전 뻥뷰. 구조좋은 4베이. 탑층.,25.06.26,"['15년이내', '탑층', '방세개', '화장실두개']",남동향,19333815.457980927
경기도,용인시 기흥구,서천동,서천마을쌍용예가,매매,402동,9/15,550000000,98.21,DOCV2,"탁트인 조망, 주인거주로 붙박이장 등 내부인테리어 잘 관리되어 있음",25.07.21,"['15년이내', '방세개', '화장실두개', '중층']",남동향,18513203.848895226
경기도,용인시 기흥구,서천동,서천마을쌍용예가,매매,401동,8/14,530000000,98.21,DOC,매미산둘레길앞.내부상태 깔끔.9월하순부터 입주가능. 평일 오전 볼수있음.,25.07.21,"['15년이내', '방세개', '화장실두개', '중층']",남동향,17839996.43620813
경기도,용인시 기흥구,서천동,서천마을쌍용예가,매매,401동,저/14,530000000,98.21,DOC,주출입구앞  로얄동 관리잘된집 서천역완공예정지 늦은입주,25.07.08,"['15년이내', '방세개', '화장실두개', '세대당1대']",남서향,17839996.43620813
경기도,용인시 기흥구,서천동,서천서그내마을아이파크,매매,105동,1/15,710000000,148.93,NDOC1,"조정가,입주협의,올확장형,중문,폴리싱타일,탁트인뷰,일반에어컨각방비치",25.07.21,"['25년이내', '1층', '복층', '대형평수']",남서향,15759802.256093467
경기도,용인시 기흥구,서천동,서천서그내마을아이파크,매매,106동,5/15,800000000,148.93,OWNER,입주협의 올확장형 대리석바닥 일조량풍부 광역버스M버스이용최고  영통역도보,25.07.21,"['25년이내', '대형평수', '방네개이상', '화장실두개']",남서향,17757523.66883771
경기도,용인시 기흥구,서천동,서천서그내마을아이파크,전세,105동,8/15,600000000,148.93,OWNER,조정가 9월입주협의 각방시스템에어컨8대 영통역도보 서울권버스,25.07.21,"['25년이내', '대형평수', '방네개이상', '화장실두개']",남향,13318142.751628282
경기도,용인시 기흥구,서천동,서천서그내마을아이파크,매매,105동,8/15,770000000,148.93,NDOC1,"입주협의,확장형,시스템7,중문,폴리싱타일,탁트인뷰,상태양호",25.07.19,"['25년이내', '대형평수', '방네개이상', '화장실두개']",남서향,17091616.531256296
경기도,용인시 기흥구,서천동,서천서그내마을아이파크,매매,102동,3/15,740000000,148.93,NDOC1,"세끼고, 26년8월, 시스템에어컨7, 조망좋고 깨끗",25.07.14,"['25년이내', '대형평수', '방네개이상', '화장실두개']",남서향,16425709.39367488
경기도,용인시 기흥구,서천동,서천서그내마을아이파크,매매,106동,3/15,710000000,148.93,DOC,조정가 피로티3층  에어컨7대 올확장  전망이뻐요,25.07.15,"['25년이내', '필로티', '대형평수', '방네개이상']",남서향,15759802.256093467
경기도,용인시 기흥구,서천동,서천서그내마을아이파크,매매,105동,6/15,800000000,148.93,OWNER,경희대 오분거리로 생활편리하고  깔끔하고 예뻐요,25.07.02,"['25년이내', '대형평수', '방네개이상', '화장실두개']",남서향,17757523.66883771
경기도,용인시 기흥구,서천동,서천서그내마을아이파크,매매,101동,9/15,900000000,148.93,DOC,올확장 전망굿 시스템에어컨7대 조정가,25.06.27,"['25년이내', '대형평수', '방네개이상', '화장실두개']",남향,19977214.127442423
경기도,용인시 기흥구,서천동,서천서그내마을아이파크,매매,102동,9/15,800000000,148.9,OWNER,입주협의 올확장 폴리싱타일 SA7대 광역버스이용최고 영통역도보 관리잘됨,25.07.21,"['25년이내', '대형평수', '방네개이상', '화장실두개']",남동향,17761101.410342515
경기도,용인시 기흥구,서천동,서천서그내마을아이파크,매매,105동,8/15,800000000,148.9,NDOC1,"입주협의10월중,확장형,최근화이트전체인테리어,시스템6,정남향단지뷰최고",25.07.16,"['25년이내', '대형평수', '방네개이상', '화장실두개']",남향,17761101.410342515
경기도,용인시 기흥구,서천동,서천서그내마을아이파크,매매,104동,15/15,990000000,148.9,MOBL,"45,주인확인.세안고.",25.06.27,"['25년이내', '대형평수', '탑층', '방네개이상']",남향,21979362.99529886
경기도,용인시 기흥구,서천동,서천서그내마을아이파크,매매,105동,3/15,710000000,148.9,DOC,"급추천,귀한필로티,빠른입주협의가,확장형,시스템3,중문,폴리싱타일",25.07.02,"['25년이내', '필로티', '대형평수', '방네개이상']",남동향,15762977.501678979
경기도,용인시 기흥구,서천동,서천서그내마을아이파크,매매,102동,고/15,780000000,148.9,OWNER,컨디션우수 탁트인뷰 영통역도보권 광역버스이용편리,25.06.27,"['25년이내', '대형평수', '방네개이상', '화장실두개']",남동향,17317073.87508395
경기도,용인시 기흥구,서천동,서천서그내마을아이파크,매매,102동,6/15,850000000,148.9,DOC,"올확장,시스템에어컨7대,부분수리,아주깨끗,날짜협의가능",25.06.23,"['25년이내', '대형평수', '방네개이상', '화장실두개']",남동향,18871170.248488918
경기도,용인시 기흥구,서천동,센트럴파크원,매매,109동,2/15,550000000,111.09,OWNER,"즉시입주협의, 서천역바로옆동, 산책로인접, 상가이용편리",25.07.21,"['15년이내', '방세개', '화장실두개', '세대당1대']",남동향,16366745.431632012
경기도,용인시 기흥구,서천동,센트럴파크원,매매,102동,1/15,600000000,111.09,OWNER,"입주협의, 채광굿, 아이들 키우기 좋음, 편의시설 이용편리",25.07.17,"['15년이내', '1층', '방세개', '화장실두개']",남서향,17854631.37996219
경기도,용인시 기흥구,서천동,센트럴파크원,매매,105동,3/15,620000000,111.09,DOCV2,"빠른입주가능 협의,정원같은 둘레길조망뷰,중문,남향",25.07.21,"['15년이내', '마당', '방세개', '화장실두개']",남서향,18449785.759294268
경기도,용인시 기흥구,서천동,센트럴파크원,매매,105동,1/15,560000000,111.09,DOCV2,"귀한1층,빠른입주가능  협의,남향,정원같은수목조망권,도서관,공원옆동",25.07.21,"['15년이내', '마당', '1층', '방세개']",남향,16664322.621298047
경기도,용인시 기흥구,서천동,센트럴파크원,매매,113동,15/15,630000000,111.09,DOCV2,"입주협의,귀한탑층,앞뒤조망권트인 밝고채광좋은집",25.07.18,"['15년이내', '탑층', '방세개', '화장실두개']",남향,18747362.948960304
경기도,용인시 기흥구,서천동,센트럴파크원,월세,109동,9/15,2억/70,111.09,DOC,"8월중 입주협의,도배해드림,중문,수납장,탁트인조망,조정가",25.07.21,"['15년이내', '방세개', '화장실두개', '중층']",남동향,
경기도,용인시 기흥구,서천동,센트럴파크원,매매,103동,11/15,650000000,111.09,DOCV2,"정상입주,중문,사잇장,냉장고장,주인거주,남향,채광좋은집",25.07.16,"['15년이내', '방세개', '화장실두개', '고층']",남향,19342517.328292377
경기도,용인시 기흥구,서천동,센트럴파크원,매매,108동,1/15,570000000,111.09,DOCV2,"둘레길조망권,입주 협의,밝은1층,붙박이장,상가,버스이용편리동,중문2",25.07.16,"['15년이내', '1층', '방세개', '화장실두개']",남서향,16961899.810964085
경기도,용인시 기흥구,서천동,센트럴파크원,매매,105동,2/15,560000000,111.09,DOCV2,입주협의 부분인테리어 조명교체 산책로뷰 깨끗,25.07.14,"['15년이내', '방세개', '화장실두개', '세대당1대']",남향,16664322.621298047
경기도,용인시 기흥구,서천동,센트럴파크원,월세,111동,2/15,"5,000/140",111.09,DOC,올확장 깨끗해요 빠른이사가능,25.07.18,"['15년이내', '방세개', '화장실두개', '세대당1대']",남동향,
경기도,용인시 기흥구,서천동,센트럴파크원,매매,104동,10/15,700000000,111.09,DOC,올확장 공원이 보이는 동이에요 깨끗해요 정상입주,25.07.18,"['15년이내', '방세개', '화장실두개', '중층']",남서향,20830403.27662256
경기도,용인시 기흥구,서천동,센트럴파크원,매매,105동,7/15,630000000,111.09,DOC,공원뷰로 전망이조아요 인동선 서천역초역세권,25.07.17,"['15년이내', '방세개', '화장실두개', '중층']",남서향,18747362.948960304
경기도,용인시 기흥구,서천동,센트럴파크원,매매,103동,5/15,650000000,111.09,DOCV2,"정상입주 협의,올인테리어된집,중문,한샘붙박이장,주방수납장",25.07.11,"['15년이내', '방세개', '화장실두개', '세대당1대']",남동향,19342517.328292377
경기도,용인시 기흥구,서천동,센트럴파크원,매매,111동,7/15,620000000,111.09,DOC,"입주 협의,탁트인 매미산뷰,투자가치우수한 서천역호재아파트,중문,탄성",25.07.11,"['15년이내', '방세개', '화장실두개', '중층']",남동향,18449785.759294268
경기도,용인시 기흥구,서천동,센트럴파크원,매매,103동,6/15,670000000,111.09,DOC,올확장 공원이 보이는 동이에요 깨끗해요 정상입주,25.07.09,"['15년이내', '방세개', '화장실두개', '중층']",남향,19937671.70762445
경기도,용인시 기흥구,서천동,센트럴파크원,매매,102동,고/15,630000000,111.09,DOCV2,"추천 입주협의 로얄층 채광굿 산책로,공원접 초역세권단지공사중 도서관가까워",25.07.09,"['15년이내', '방세개', '화장실두개', '고층']",남서향,18747362.948960304
경기도,용인시 기흥구,서천동,센트럴파크원,매매,109동,6/15,630000000,111.09,DOC,탁트인 전망. 중심상가 가깝고 초역세권 예정.,25.06.23,"['15년이내', '방세개', '화장실두개', '중층']",남동향,18747362.948960304
경기도,용인시 기흥구,서천동,센트럴파크원,매매,109동,2/15,550000000,111.09,NONE,"급,입주협의,확장형,화이트톤주방,인덕션,식세기옵션",25.07.21,"['15년이내', '방세개', '화장실두개', '세대당1대']",남향,16366745.431632012
경기도,용인시 기흥구,서천동,센트럴파크원,매매,110동,10/15,650000000,111.07,DOCV2,"입주협의,탄성새로,도배깨끗,중문,넓은드레스룸,귀한c타입",25.07.21,"['15년이내', '방세개', '화장실두개', '중층']",남서향,19346000.270099938
경기도,용인시 기흥구,서천동,센트럴파크원,월세,106동,중/15,"5,000/160",111.07,DOCV2,입주협의 도배깨끗 중문 LED등교체 초록초록산책로뷰 조용하고 채광좋음 ,25.07.17,"['15년이내', '방세개', '화장실두개', '중층']",남서향,
경기도,용인시 기흥구,서천동,센트럴파크원,전세,106동,중/15,450000000,111.07,DOCV2,입주협의 최근도배 중문 LED등교체 안방붙박이장수납최고 산책로뷰 채광좋음,25.07.17,"['15년이내', '방세개', '화장실두개', '중층']",남서향,13393384.802376881
경기도,용인시 기흥구,서천동,센트럴파크원,매매,110동,저/15,600000000,111.07,DOCV2,세끼고추천  매미산뷰 수납좋고 깨끗함 서천역호재 투자가치굿,25.07.16,"['15년이내', '방세개', '화장실두개', '세대당1대']",남동향,17857846.403169174
경기도,용인시 기흥구,서천동,센트럴파크원,매매,107동,12/15,650000000,110.94,DOCV2,"정상입주 협의,조용한가운데동,채광좋은라인,중문,부엌장,최근붙박이장2설치",25.07.21,"['15년이내', '방세개', '화장실두개', '고층']",남서향,19368670.00180278
경기도,용인시 기흥구,서천동,센트럴파크원,매매,101동,14/15,650000000,110.94,DOC,"정상입주 협의,최근특인테리어한집,올올깨끗,밝고환한 채광좋은집",25.07.21,"['15년이내', '방세개', '화장실두개', '고층']",남서향,19368670.00180278
경기도,용인시 기흥구,서천동,센트럴파크원,매매,101동,12/15,600000000,110.94,DOCV2,"26년2월중 ,중문,관리잘된깨끗한집,채광4베이,상가인접동",25.07.16,"['15년이내', '방세개', '화장실한개', '고층']",남서향,17878772.30935641
경기도,용인시 기흥구,서천동,센트럴파크원,매매,107동,15/15,600000000,110.94,DOCV2,"귀한탑층,세끼고,협의,트인조망권,밝고환한집,관리잘된집,역세권호재",25.07.16,"['15년이내', '탑층', '방세개', '화장실두개']",남서향,17878772.30935641
경기도,용인시 기흥구,서천동,센트럴파크원,매매,101동,1/15,570000000,110.94,DOCV2,추천 너무편한1층 빠른입주도가능 서천역호재 공사중임,25.07.16,"['15년이내', '1층', '방세개', '화장실두개']",남서향,16984833.69388859
경기도,용인시 기흥구,서천동,센트럴파크원,매매,101동,15/15,650000000,110.94,DOC,올확장 올인테리어 탑층 정상입주,25.07.18,"['15년이내', '탑층', '방세개', '화장실두개']",남서향,19368670.00180278
경기도,용인시 기흥구,서천동,센트럴파크원,매매,107동,10/15,650000000,110.94,OWNER,"정상입주,  로얄동. 조용하고 집 상태 아주 좋아요",25.07.04,"['15년이내', '방세개', '화장실두개', '중층']",남서향,19368670.00180278
경기도,용인시 기흥구,서천동,센트럴파크원,매매,101동,13/15,600000000,110.94,DOC,"추천,입주협의,수납넓은4베이,햇살풍부,중문,관리잘된깨끗한집,출입구인접동",25.07.09,"['15년이내', '방세개', '화장실두개', '고층']",남서향,17878772.30935641
경기도,용인시 기흥구,서천동,센트럴파크원,매매,107동,저/15,550000000,98.03,DOCV2,편한1층 올수리 입주협의 조용한가운데동 관리잘됨 서천역공사중,25.07.21,"['15년이내', '올수리', '방세개', '화장실두개']",남동향,18547197.286544938
경기도,용인시 기흥구,서천동,센트럴파크원,매매,114동,2/15,550000000,98.03,OWNER,"주인거주, 서천역호재예상, 늦가을입주, 입구바로옆동",25.06.26,"['15년이내', '방세개', '화장실두개', '세대당1대']",남동향,18547197.286544938
경기도,용인시 기흥구,서천동,영통로효성해링턴플레이스,매매,106동,2/23,620000000,101.82,NDOC1,"초급매  이사협의, 3층이상높이, 앞트임, 집관리굿, 영통역도보이용",25.07.19,"['10년이내', '급매', '방세개', '화장실두개']",남동향,20129509.919465724
경기도,용인시 기흥구,서천동,영통로효성해링턴플레이스,매매,103동,2/25,650000000,101.82,NDOC1,"필로티, 층간소음걱정X, 트인 앞전망, 밝고 큰창 환기잘됨, 확장",25.07.18,"['10년이내', '필로티', '방세개', '화장실두개']",남향,21103518.463956006
경기도,용인시 기흥구,서천동,영통로효성해링턴플레이스,매매,106동,19/23,650000000,101.82,NDOC1,"전세안고 매매, 앞전망좋은 로얄동, 집상태 굿, 서울교통편리",25.07.15,"['10년이내', '방세개', '화장실두개', '고층']",남동향,21103518.463956006
경기도,용인시 기흥구,서천동,영통로효성해링턴플레이스,매매,103동,6/25,750000000,101.82,OWNER,"세안고, 공원뷰,개방감, 판상형,교통편리",25.07.10,"['10년이내', '방세개', '화장실두개', '세대당1대']",남동향,24350213.612256926
경기도,용인시 기흥구,서천동,영통로효성해링턴플레이스,매매,103동,15/25,680000000,101.82,MOBL,"입주협의,확장판상형,탁트인소공원뷰,중문,실외기창,수납공간넉넉,상태양호",25.06.28,"['10년이내', '방세개', '화장실두개', '중층']",남동향,22077527.00844628
경기도,용인시 기흥구,서천동,영통로효성해링턴플레이스,매매,103동,고/25,670000000,101.82,NDOC1,"세끼고 매매, 트인 조망, 판상형, 수납넉넉",25.06.25,"['10년이내', '방세개', '화장실두개', '고층']",남향,21752857.49361619
경기도,용인시 기흥구,서천동,영통로효성해링턴플레이스,매매,107동,17/25,620000000,83.7,NDOC1,"입주협의, 앞전망좋은 라인, 중문, 집상태긋, 서울교통편리, 영통역도보권",25.07.19,"['10년이내', '방세개', '화장실두개', '고층']",남향,24487296.296296295
경기도,용인시 기흥구,서천동,영통로효성해링턴플레이스,매매,104동,15/25,610000000,83.7,NDOC1,"조정,입주협의,확장판상형,수납공간넉넉,상태아주양호,대중교통이용편리동",25.07.19,"['10년이내', '방세개', '화장실두개', '중층']",남향,24092339.904420547
경기도,용인시 기흥구,서천동,영통로효성해링턴플레이스,매매,105동,7/25,600000000,83.7,NDOC1,"입주협의, 영통역도보, 다양한노선의 광역버스도보5분",25.07.19,"['10년이내', '방세개', '화장실두개', '세대당1대']",남향,23697383.512544803
경기도,용인시 기흥구,서천동,영통로효성해링턴플레이스,매매,101동,7/25,610000000,83.7,MOBL,"입주협의,확장판상형,인덕션,식세기,탁트인동선호,수납공간넉넉,상태양호",25.07.17,"['10년이내', '방세개', '화장실두개', '세대당1대']",남동향,24092339.904420547
경기도,용인시 기흥구,서천동,영통로효성해링턴플레이스,매매,101동,4/25,610000000,83.7,OWNER," 빠른입주가, 가격조정, 채광굿, 광역버스노선다양도보5분",25.07.18,"['10년이내', '방세개', '화장실두개', '세대당1대']",남향,24092339.904420547
경기도,용인시 기흥구,서천동,영통로효성해링턴플레이스,매매,104동,1/25,530000000,83.7,NDOC1,"가격저렴추천,입주협의,확장판상형,시스템,막힘없어채광좋음,수납공간넉넉",25.07.17,"['10년이내', '1층', '방세개', '화장실두개']",남동향,20932688.769414578
경기도,용인시 기흥구,서천동,영통로효성해링턴플레이스,매매,104동,5/25,610000000,83.7,NDOC1,"입주협의, 중문,줄눈,조명교체등 집관리 좋아요.",25.07.15,"['10년이내', '방세개', '화장실두개', '세대당1대']",남서향,24092339.904420547
경기도,용인시 기흥구,서천동,영통로효성해링턴플레이스,매매,101동,15/25,620000000,83.7,NDOC1,"세안고,확장판상형,탁트인뷰,화이트톤인테리어,상태양호",25.07.14,"['10년이내', '방세개', '화장실두개', '중층']",남향,24487296.296296295
경기도,용인시 기흥구,서천동,영통로효성해링턴플레이스,매매,102동,18/21,600000000,83.7,NDOC1,"조정가,전세안고, 선호하는 로얄동, 앞전망 최고,시스템에어컨,서울교통편리",25.07.12,"['10년이내', '방세개', '화장실두개', '고층']",남동향,23697383.512544803
경기도,용인시 기흥구,서천동,영통로효성해링턴플레이스,매매,102동,2/21,580000000,83.7,NDOC1,"세안고, 앞트임, 채광굿, 선호동 ",25.07.11,"['10년이내', '방세개', '화장실두개', '세대당1대']",남동향,22907470.728793312
경기도,용인시 기흥구,서천동,영통로효성해링턴플레이스,매매,105동,저/25,600000000,83.7,NDOC1,"이사협의, 앞 조망좋고 깨끗, 광역버스영통역 도보10분, 수납넉넉",25.07.17,"['10년이내', '방세개', '화장실두개', '세대당1대']",남향,23697383.512544803
경기도,용인시 기흥구,서천동,영통로효성해링턴플레이스,매매,107동,1/25,650000000,83.7,OWNER,"필로티, 탁트인전망과채광, 주인거주관리잘된깨끗한집, 즉시입주협의",25.06.30,"['10년이내', '1층', '방세개', '화장실두개']",남동향,25672165.471923538
경기도,용인시 기흥구,서천동,영통로효성해링턴플레이스,매매,102동,2/21,580000000,83.7,NONE,"세안고갭2.9,확장판상형,시스템,층고높고탁트인뷰,커뮤니티시설동",25.07.19,"['10년이내', '방세개', '화장실두개', '세대당1대']",남동향,22907470.728793312
경기도,용인시 기흥구,서천동,영통로효성해링턴플레이스,매매,107동,1/25,650000000,83.7,NONE,"입주협의,확장판상형,귀한필로티,수납공간전망트인선호동,상태양호",25.07.16,"['10년이내', '1층', '방세개', '화장실두개']",남동향,25672165.471923538
경기도,용인시 기흥구,서천동,영통로효성해링턴플레이스,매매,101동,고/25,630000000,83.58,NDOC1,"이사협의, 앞 조망좋고 깨끗, 광역버스영통역 도보10분, 수납넉넉",25.07.17,"['10년이내', '방세개', '화장실두개', '고층']",남서향,24917977.386934675
경기도,용인시 기흥구,서천동,영통로효성해링턴플레이스,매매,105동,15/25,630000000,83.58,OWNER,"즉시입주, 판상형구조, 최고전망, 영통역도보이용, 서울교통편리",25.07.10,"['10년이내', '방세개', '화장실두개', '중층']",남서향,24917977.386934675
경기도,용인시 기흥구,서천동,영통로효성해링턴플레이스,매매,104동,6/25,590000000,83.58,DOC,영통역 출퇴근용이함 남향 빠른입주가,25.07.15,"['10년이내', '방세개', '화장실두개', '세대당1대']",남서향,23335883.584589615
경기도,용인시 기흥구,서천동,영통로효성해링턴플레이스,매매,105동,10/25,650000000,83.58,NDOC1,"세안고,탁트인뷰,확장형,수납공간많은타입,실외기창,상태양호,대중교통이용편리",25.06.27,"['10년이내', '방세개', '화장실두개', '중층']",남서향,25709024.288107205
경기도,용인시 기흥구,서천동,용인서천효성해링턴플레이스,매매,102동,6/23,630000000,100.74,NDOC1,"빠른입주가능, 조정가, 앞전망트여있는 조용한라인, 집상태좋음,서울교통편리",25.07.19,"['10년이내', '방세개', '화장실두개', '세대당1대']",남서향,20673461.882072665
경기도,용인시 기흥구,서천동,용인서천효성해링턴플레이스,매매,105동,7/24,600000000,100.74,DOCV2,"세안고, 개방감,  관리질된집, 영통역 도보이용, 서울교통편리",25.07.21,"['10년이내', '방세개', '화장실두개', '세대당1대']",남동향,19689011.316259682
경기도,용인시 기흥구,서천동,용인서천효성해링턴플레이스,매매,104동,2/24,620000000,100.74,NDOC1,"세안고26.1월,확장형,필로티,탁트인뷰,채광좋음,상태양호",25.07.15,"['10년이내', '필로티', '방세개', '화장실두개']",남서향,20345311.693468336
경기도,용인시 기흥구,서천동,용인서천효성해링턴플레이스,매매,105동,10/24,620000000,100.74,OWNER,중문 탄성 트인전망 방마다붙박이장 영통역도보권 광역버스출발지 ,25.07.14,"['10년이내', '방세개', '화장실두개', '중층']",남동향,20345311.693468336
경기도,용인시 기흥구,서천동,용인서천효성해링턴플레이스,매매,105동,24/24,650000000,100.74,OWNER,"탑층, 시에5대, 붙박이장, 전망굿, 영통역도보,서울교통편리",25.07.11,"['10년이내', '탑층', '방세개', '화장실두개']",남동향,21329762.259281322
경기도,용인시 기흥구,서천동,용인서천효성해링턴플레이스,매매,107동,1/24,600000000,100.74,OWNER,"지대높은 1층으로 아이키우기 좋아요. 중문, 줄눈 , 방범방충망,교통편리",25.07.10,"['10년이내', '1층', '방세개', '화장실두개']",남동향,19689011.316259682
경기도,용인시 기흥구,서천동,용인서천효성해링턴플레이스,매매,102동,4/23,650000000,100.74,OWNER,"정상입주, 로얄동, 개방감, 교통편리,중문,대리석코팅 등",25.07.10,"['10년이내', '방세개', '화장실두개', '세대당1대']",남서향,21329762.259281322
경기도,용인시 기흥구,서천동,용인서천효성해링턴플레이스,매매,103동,6/23,650000000,100.74,OWNER,"세안고, 로얄동, 개방감, 영통역 도보이용, 서울교통편리, 영통생활권",25.07.09,"['10년이내', '방세개', '화장실두개', '세대당1대']",남서향,21329762.259281322
경기도,용인시 기흥구,서천동,용인서천효성해링턴플레이스,매매,107동,14/24,650000000,100.74,OWNER,,25.07.09,"['10년이내', '방세개', '화장실두개', '중층']",남동향,21329762.259281322
경기도,용인시 기흥구,서천동,용인서천효성해링턴플레이스,매매,102동,12/23,620000000,100.74,DOCV2,"세안고,중문,탄성,줄눈, 채광굿, 개방감, 교통편리, 영통생활권",25.07.14,"['10년이내', '방세개', '화장실두개', '중층']",남서향,20345311.693468336
경기도,용인시 기흥구,서천동,용인서천효성해링턴플레이스,매매,102동,2/23,630000000,100.74,OWNER,"세안고, 막힘없는 필로티2층으로 일조권 좋고  교통 편리합니다.",25.07.07,"['10년이내', '필로티', '방세개', '화장실두개']",남서향,20673461.882072665
경기도,용인시 기흥구,서천동,용인서천효성해링턴플레이스,매매,106동,16/24,620000000,100.74,OWNER,세안고 동간거리넓음  영통역도보권 광역버스이용편리 서천초근거리  ,25.07.04,"['10년이내', '방세개', '화장실두개', '중층']",남동향,20345311.693468336
경기도,용인시 기흥구,서천동,용인서천효성해링턴플레이스,매매,102동,16/23,630000000,100.74,OWNER,"25.11월 세안고.  전망좋고 조용한  로얄동. 집상태 좋아요,교통편리",25.07.04,"['10년이내', '방세개', '화장실두개', '고층']",남서향,20673461.882072665
경기도,용인시 기흥구,서천동,용인서천효성해링턴플레이스,매매,107동,중/24,620000000,100.74,OWNER,"세안고, 개방감, 영통역도보이용, 서울교통편리",25.07.04,"['10년이내', '방세개', '화장실두개', '중층']",남동향,20345311.693468336
경기도,용인시 기흥구,서천동,용인서천효성해링턴플레이스,매매,103동,21/23,650000000,100.74,OWNER,"정상입주,로얄동,로얄층 전망최고,주인전세가, 영통역도보이용, 교통편리",25.06.27,"['10년이내', '방세개', '화장실두개', '고층']",남서향,21329762.259281322
경기도,용인시 기흥구,서천동,용인서천효성해링턴플레이스,매매,101동,17/23,630000000,100.74,OWNER,"인테리어됨. 세안고, 채광굿, 선호동, 영통역 도보이용, 서울교통편리",25.06.27,"['10년이내', '방세개', '화장실두개', '고층']",남서향,20673461.882072665
경기도,용인시 기흥구,서천동,용인서천효성해링턴플레이스,매매,105동,20/24,595000000,100.74,NDOC1,"입주협의, 급매, 앞전망 좋음, 서울교통편리한 영통생활권",25.06.23,"['10년이내', '급매', '방세개', '화장실두개']",남동향,19524936.221957516
경기도,용인시 기흥구,서천동,용인서천효성해링턴플레이스,매매,103동,19/23,670000000,100.58,OWNER,입주협의 로얄동 탁트인고층전망 영통역도보 광역버스이용최고 수납공간넉넉  ,25.07.19,"['10년이내', '방세개', '화장실두개', '고층']",남동향,22021037.482600916
경기도,용인시 기흥구,서천동,용인서천효성해링턴플레이스,매매,101동,15/23,630000000,100.58,OWNER,입주협의 트인전망  수납공간넉넉 채광굿 광역버스이용최고 영통역도보권,25.07.19,"['10년이내', '방세개', '화장실두개', '중층']",남서향,20706348.677669518
경기도,용인시 기흥구,서천동,용인서천효성해링턴플레이스,매매,107동,12/24,650000000,100.58,OWNER,세안고 트인전망 선호하는4베이구조 영통역도보권 서울광역버스이용최고 ,25.07.18,"['10년이내', '방세개', '화장실두개', '중층']",남서향,21363693.08013522
경기도,용인시 기흥구,서천동,용인서천효성해링턴플레이스,매매,101동,13/23,710000000,100.58,OWNER,입주협의 인테리어됨 넓은거실 수납공간넉넉 광역버스이용편리 영통역도보 ,25.07.18,"['10년이내', '방세개', '화장실두개', '중층']",남동향,23335726.287532315
경기도,용인시 기흥구,서천동,용인서천효성해링턴플레이스,매매,105동,21/24,640000000,100.58,OWNER,"하시입주, 개방감, 판상형, 영통역 도보이용, 서울교통편리",25.07.18,"['10년이내', '방세개', '화장실두개', '고층']",남동향,21035020.87890237
경기도,용인시 기흥구,서천동,용인서천효성해링턴플레이스,매매,107동,10/24,690000000,100.58,NDOC1,"9월초 입주가능, 조정가, 앞전망좋은 로얄동, 서울교통편리함",25.07.17,"['10년이내', '방세개', '화장실두개', '중층']",남서향,22678381.885066617
경기도,용인시 기흥구,서천동,용인서천효성해링턴플레이스,매매,107동,17/24,630000000,100.58,OWNER,"입주협의, 화이트＆그레이 인테리어, 판상형, 전망굿, 교통편리",25.07.16,"['10년이내', '방세개', '화장실두개', '고층']",남동향,20706348.677669518
경기도,용인시 기흥구,서천동,용인서천효성해링턴플레이스,매매,101동,18/23,680000000,100.58,DOCV2,"세안고, 판상형구조, 영통역도보이용, 서울교통편리",25.07.17,"['10년이내', '방세개', '화장실두개', '고층']",남동향,22349709.683833767
경기도,용인시 기흥구,서천동,용인서천효성해링턴플레이스,매매,105동,3/24,620000000,100.58,OWNER,"정상입주. 귀한 알파룸구조, 판상형, 영통역도보이용, 서울교통편리",25.07.11,"['10년이내', '방세개', '화장실두개', '세대당1대']",남동향,20377676.47643667
경기도,용인시 기흥구,서천동,용인서천효성해링턴플레이스,매매,104동,21/24,670000000,100.58,OWNER,"세안고, 판상형구조,개방감, 관리잘됨,교통편리",25.07.10,"['10년이내', '방세개', '화장실두개', '고층']",남동향,22021037.482600916
경기도,용인시 기흥구,서천동,용인서천효성해링턴플레이스,매매,107동,중/24,680000000,100.58,OWNER,"세안고, 알파룸, 특인테리어, SA5대, 영통역도보이용,서울교통편리",25.07.16,"['10년이내', '방세개', '화장실두개', '중층']",남동향,22349709.683833767
경기도,용인시 기흥구,서천동,용인서천효성해링턴플레이스,매매,106동,11/24,650000000,100.58,OWNER,"입주협의26.2월,  판상형, 원목바닥교체, 도배, 교통편리",25.07.08,"['10년이내', '방세개', '화장실두개', '중층']",남서향,21363693.08013522
경기도,용인시 기흥구,서천동,용인서천효성해링턴플레이스,매매,106동,2/24,610000000,100.58,OWNER,입주협의 필로티 탄성 줄룬 관리잘된집 트인뷰,25.07.07,"['10년이내', '필로티', '방세개', '화장실두개']",남서향,20049004.27520382
경기도,용인시 기흥구,서천동,용인서천효성해링턴플레이스,매매,107동,고/24,630000000,100.58,OWNER,입주가능 가격협의가능 구조예쁜A타입 교통편리 서울진입편리 경희대산책권,25.07.14,"['10년이내', '방세개', '화장실두개', '고층']",남동향,20706348.677669518
경기도,용인시 기흥구,서천동,용인서천효성해링턴플레이스,매매,105동,2/24,630000000,100.58,DOCV2,"세안고, 필로티 2층, 아이들 키우기 좋아요.",25.07.10,"['10년이내', '필로티', '방세개', '화장실두개']",남동향,20706348.677669518
경기도,용인시 기흥구,서천동,용인서천효성해링턴플레이스,매매,106동,5/24,640000000,100.58,OWNER,입주협의 4베이 수납공간넉넉 붙박이장 넓은거실 영통역 광역버스아용편리 ,25.07.02,"['10년이내', '방세개', '화장실두개', '세대당1대']",남서향,21035020.87890237
경기도,용인시 기흥구,서천동,용인서천효성해링턴플레이스,전세,105동,5/24,450000000,100.58,DOCV2,올확장 중문설치 줄눈시공 귀한A타입 주인거주무지깨끗 뷰예쁨 ,25.07.04,"['10년이내', '융자금없는', '방세개', '화장실두개']",남동향,14790249.055478226
경기도,용인시 기흥구,서천동,용인서천효성해링턴플레이스,매매,104동,저/24,620000000,100.58,DOCV2,"입주협의, 판상형, 수납공간 넉넉, 개방감, 영통역 도보이용, 교통편리",25.06.23,"['10년이내', '방세개', '화장실두개', '세대당1대']",남동향,20377676.47643667
경기도,용인시 기흥구,서천동,현대홈타운,전세,103동,12/20,500000000,169.4,OWNER,추천  최근특올수리  정상입주가능  살기 좋은 집,25.07.09,"['25년이내', '올수리', '대형평수', '방세개']",남향,9757334.710743802
경기도,용인시 기흥구,서천동,현대홈타운,월세,103동,7/20,1억/145,169.4,DOC,"기본,화장실교체수리,도배,장판새로해줌,입주협의가능",25.07.15,"['25년이내', '대형평수', '방세개', '화장실두개']",남향,
경기도,용인시 기흥구,서천동,현대홈타운,매매,103동,중/20,800000000,169.4,OWNER,"입주협의,컨디션최상의특올수리,시스템에어컨5,탁트인뷰,생태공원인접",25.07.09,"['25년이내', '올수리', '대형평수', '방세개']",남향,15611735.537190082
경기도,용인시 기흥구,서천동,현대홈타운,매매,103동,20/20,650000000,169.4,DOC,"탑,다락방유,조정가,씽크교체됨,날짜협의가능",25.07.05,"['25년이내', '대형평수', '탑층', '방세개']",남향,12684535.123966943
경기도,용인시 기흥구,서천동,현대홈타운,매매,103동,7/20,670000000,169.4,DOC,"투자추천,이사협의,기본형,비확장,깨끗관리,서천초학군,정남향",25.07.05,"['25년이내', '대형평수', '방세개', '화장실두개']",남향,13074828.512396695
경기도,용인시 기흥구,서천동,현대홈타운,매매,103동,3/20,650000000,169.4,DOC,"이사협의,조정가,비확장,밝은 트인조망,방4개 구획됨,투자추천,서천초학군",25.07.04,"['25년이내', '대형평수', '방네개이상', '화장실두개']",남향,12684535.123966943
경기도,용인시 기흥구,서천동,현대홈타운,매매,103동,중/20,670000000,169.4,DOC,"정상입주,앞뒤확트인시원한 로얄동로얄층, 서천초인근, 생태공원이용편리",25.07.09,"['25년이내', '대형평수', '방세개', '화장실두개']",남향,13074828.512396695
경기도,용인시 기흥구,서천동,현대홈타운,매매,108동,12/18,800000000,169.4,DOC,"최근인테리어됨,공원조망최고,조정가,정남향,귀한매물",25.06.26,"['25년이내', '대형평수', '방세개', '화장실두개']",남향,15611735.537190082
경기도,용인시 기흥구,서천동,현대홈타운,매매,108동,중/18,800000000,169.4,DOC,"올 수리 한집 깔끔한 내부 전면 연못뷰, 공원뷰 로얄층",25.07.03,"['25년이내', '올수리', '대형평수', '방네개이상']",남향,15611735.537190082
경기도,용인시 기흥구,서천동,현대홈타운,매매,106동,5/19,530000000,148.74,DOC,"세안고,기본,로얄동,조정가,공원조망,주차제일편한동",25.07.19,"['25년이내', '대형평수', '방세개', '화장실두개']",남향,11779387.185693156
경기도,용인시 기흥구,서천동,현대홈타운,매매,101동,19/20,530000000,148.74,DOC,"세안고,기본,씽크및화장실교체,등교체,조정가,상태아주굿",25.07.19,"['25년이내', '대형평수', '방세개', '화장실두개']",남향,11779387.185693156
경기도,용인시 기흥구,서천동,현대홈타운,매매,107동,1/18,500000000,148.74,DOC,"기본,로얄동,정남향,이사협의가능,서천역가까운동",25.07.15,"['25년이내', '1층', '대형평수', '방세개']",남향,11112629.42046524
경기도,용인시 기흥구,서천동,현대홈타운,매매,107동,18/18,600000000,148.74,DOC,"탑층다락방 거실확장 올수리화장실,등,씽크대,도배교체 확터인 전망굿",25.07.08,"['25년이내', '올수리', '대형평수', '탑층']",남향,13335155.30455829
경기도,용인시 기흥구,서천동,현대홈타운,매매,101동,8/20,600000000,148.74,DOC,"최근삿시까지완전올수리,거실확장,상태최상,입주협의가능",25.07.05,"['25년이내', '올수리', '대형평수', '방세개']",남향,13335155.30455829
경기도,용인시 기흥구,서천동,현대홈타운,매매,106동,1/19,570000000,148.74,DOC,"기본,아이들키우기최고,로얄동,정남향,주차하기편한동",25.07.01,"['25년이내', '1층', '대형평수', '방세개']",남향,12668397.539330374
경기도,용인시 기흥구,서천동,현대홈타운,매매,102동,10/20,520000000,148.74,DOC,"세안고,씽크및화장실교체됨,등교체,상태아주양호,정남향",25.06.25,"['25년이내', '대형평수', '방세개', '화장실두개']",남향,11557134.597283851
경기도,용인시 기흥구,서천동,현대홈타운,매매,104동,1/20,440000000,114.4,DOC,"이사협의,확장형,화장실수리,나지막한 조망,판상형, 정남향",25.07.18,"['25년이내', '1층', '욕실수리', '방세개']",남향,12714557.692307692
경기도,용인시 기흥구,서천동,현대홈타운,매매,105동,2/20,440000000,114.4,DOC,"세안고,방1확장,나무조망굿,정남향,상태아주양호",25.07.17,"['25년이내', '방세개', '화장실두개', '세대당1대']",남향,12714557.692307692
경기도,용인시 기흥구,서천동,현대홈타운,매매,104동,10/20,500000000,114.4,DOC,"기본,부분수리,세안고,라인굿,정남향",25.07.17,"['25년이내', '방세개', '화장실두개', '중층']",남향,14448361.013986014
경기도,용인시 기흥구,서천동,현대홈타운,매매,105동,11/20,480000000,114.4,DOC,"세안고,조정가,기본,정남향",25.07.14,"['25년이내', '방세개', '화장실두개', '중층']",남향,13870426.573426573
경기도,용인시 기흥구,서천동,현대홈타운,매매,105동,10/20,520000000,114.4,DOC,"올확장,정상입주,정남향,조정가",25.07.14,"['25년이내', '방세개', '화장실두개', '중층']",남향,15026295.454545453
경기도,용인시 기흥구,서천동,현대홈타운,매매,105동,1/20,460000000,114.4,DOC,"최근올수리,올확장,즉시입주,조정가능,뛰어놀수있는집,정남향",25.07.11,"['25년이내', '올수리', '1층', '방세개']",남향,13292492.132867133
경기도,용인시 기흥구,서천동,현대홈타운,매매,104동,10/20,490000000,114.4,DOC,"방1확장,조망나옴,조정가,정남향,정상입주",25.07.04,"['25년이내', '방세개', '화장실두개', '중층']",남향,14159393.793706294
경기도,용인시 기흥구,서천동,현대홈타운,매매,105동,3/20,450000000,114.4,DOC,"세안고, 방2확장, 관리잘된집",25.07.04,"['25년이내', '방세개', '화장실두개', '세대당1대']",남향,13003524.912587414
경기도,용인시 기흥구,서천동,힐스테이트서천,매매,512동,5/18,900000000,124.17,DOC,시스템4대.인테리어 최상급 컨디션.학교 가까운 동.정상입주.,25.07.16,"['10년이내', '방네개이상', '화장실두개', '세대당1대']",남향,23960751.38922445
경기도,용인시 기흥구,서천동,힐스테이트서천,매매,509동,5/16,890000000,124.17,DOC,,25.07.16,"['10년이내', '방네개이상', '화장실두개', '세대당1대']",남향,23694520.81823307
경기도,용인시 기흥구,서천동,힐스테이트서천,매매,511동,10/18,900000000,124.17,DOC,,25.07.08,"['10년이내', '방네개이상', '화장실두개', '중층']",남향,23960751.38922445
경기도,용인시 기흥구,서천동,힐스테이트서천,매매,511동,9/18,900000000,124.17,DOC,,25.07.08,"['10년이내', '방네개이상', '화장실두개', '중층']",남향,23960751.38922445
경기도,용인시 기흥구,서천동,힐스테이트서천,매매,512동,저/18,840000000,124.17,DOC,"방4 큰평수, 시스템3대, 뷰 예쁜 1층, 학교 가까운 동",25.07.11,"['10년이내', '방네개이상', '화장실두개', '세대당1대']",남향,22363367.963276155
경기도,용인시 기흥구,서천동,힐스테이트서천,매매,509동,9/16,930000000,124.17,DOC,남향받이 확트인앞전망. 안전한통학길.,25.06.25,"['10년이내', '방네개이상', '화장실두개', '중층']",남향,24759443.1021986
경기도,용인시 기흥구,서천동,힐스테이트서천,매매,512동,9/18,930000000,124.17,DOC,로얄층. 집상태 최상급. 학교 가까운 동.,25.06.23,"['10년이내', '방네개이상', '화장실두개', '중층']",남향,24759443.1021986
경기도,용인시 기흥구,서천동,힐스테이트서천,매매,507동,5/18,800000000,113.4,DOC,"B타입,정상, 시스템에어컨4대, 깨끗",25.07.19,"['10년이내', '화장실두개', '방세개', '세대당1대']",남서향,23321234.567901235
경기도,용인시 기흥구,서천동,힐스테이트서천,매매,507동,고/18,800000000,113.4,DOC,"세끼고매매,매미산전망 아주예뻐요,넉넉한드레스룸,상가이용가까운동",25.07.11,"['10년이내', '방세개', '화장실두개', '고층']",남동향,23321234.567901235
경기도,용인시 기흥구,서천동,힐스테이트서천,매매,503동,3/18,740000000,113.4,DOC,"앞뒤트인 시원한 남동향,시스템에컨4, 초중교 완전근접, 정상입주",25.07.02,"['10년이내', '방세개', '화장실두개', '세대당1대']",남동향,21572141.97530864
경기도,용인시 기흥구,서천동,힐스테이트서천,매매,511동,16/18,850000000,113.32,DOCV2,"확장형, 정상입주, 중문 빌트인 식기세척기 설치, 초등,중학교 인접",25.07.21,"['10년이내', '방세개', '화장실두개', '고층']",남서향,24796304.712319102
경기도,용인시 기흥구,서천동,힐스테이트서천,전세,512동,17/18,500000000,113.32,DOC,"씨스템에어컨4대,햇살좋은남서향,드레스룸이 넉넉한C타입,초중교인근,",25.07.18,"['10년이내', '방세개', '화장실두개', '고층']",남서향,14586061.595481822
경기도,용인시 기흥구,서천동,힐스테이트서천,매매,502동,고/18,850000000,113.32,DOC,로얄동 로얄층. 학교 가까운 동. 관리 잘된집.,25.07.21,"['10년이내', '방세개', '화장실두개', '고층']",남동향,24796304.712319102
경기도,용인시 기흥구,서천동,힐스테이트서천,매매,512동,7/18,770000000,113.32,DOC,,25.07.14,"['10년이내', '방세개', '화장실두개', '중층']",남서향,22462534.857042007
경기도,용인시 기흥구,서천동,힐스테이트서천,매매,502동,7/18,750000000,113.32,NDOC1,"33C,전세안고매매,초.중교를 품은아파트,26년1월입주",25.06.26,"['10년이내', '방세개', '화장실두개', '중층']",남서향,21879092.393222734
경기도,용인시 기흥구,서천동,힐스테이트서천,매매,502동,18/18,900000000,113.32,DOC,학교가까운 선호동. 탑층. 시스템4대.,25.06.23,"['10년이내', '탑층', '방세개', '화장실두개']",남서향,26254910.87186728
경기도,용인시 기흥구,서천동,힐스테이트서천,매매,506동,3/15,770000000,112.4,DOCV2,"인동선 서천역 예정지, 편의시설, 초중학교 근접",25.07.21,"['10년이내', '방세개', '화장실두개', '세대당1대']",남서향,22646391.90391459
경기도,용인시 기흥구,서천동,힐스테이트서천,전세,506동,3/15,500000000,112.4,DOCV2,"인동선 서천역 예정지, 편의시설, 초중학교 근접",25.07.21,"['10년이내', '방세개', '화장실두개', '세대당1대']",남서향,14705449.288256226
경기도,용인시 기흥구,서천동,힐스테이트서천,매매,504동,1/16,750000000,112.4,DOC,단지뷰 좋은집. 버스정류장 가까움. 초역세권 예정. 세안고.,25.07.19,"['10년이내', '1층', '방세개', '화장실두개']",남서향,22058173.932384342
경기도,용인시 기흥구,서천동,힐스테이트서천,월세,504동,3/16,"6,000/160",112.4,DOC,선호하는 A타입 판상형 가운데 라인. 관리상태 굿. 무융자.,25.07.19,"['10년이내', '융자금없는', '방세개', '화장실두개']",남서향,
경기도,용인시 기흥구,서천동,힐스테이트서천,매매,506동,2/15,748000000,112.4,DOC,"씨스템에어컨,예쁜둘레길전망,햇살좋은남서향,초중교인근경희대,초역세권",25.07.18,"['10년이내', '방세개', '화장실두개', '세대당1대']",남서향,21999352.135231316
경기도,용인시 기흥구,서천동,힐스테이트서천,매매,504동,5/16,800000000,112.4,DOC,정상입주. 선호하는 A타입. 가운데 라인. 집깨끗.,25.07.18,"['10년이내', '방세개', '화장실두개', '세대당1대']",남서향,23528718.861209966
경기도,용인시 기흥구,서천동,힐스테이트서천,전세,506동,14/15,500000000,112.4,DOC,"조용한 안쪽 창문넘어 평화로운 둘레길전망,저녁 노을이 아름다운 하늘전망",25.07.16,"['10년이내', '방세개', '화장실두개', '고층']",남서향,14705449.288256226
경기도,용인시 기흥구,서천동,힐스테이트서천,매매,508동,15/15,750000000,112.4,DOC,빠른입주 가능. 하늘전망. 중심상가 이용편리.,25.07.16,"['10년이내', '탑층', '방세개', '화장실두개']",남서향,22058173.932384342
경기도,용인시 기흥구,서천동,힐스테이트서천,매매,508동,7/15,750000000,112.4,DOC,로얄동 중간층. 예쁜 둘레길 전망. 중심상가 이용 편리.,25.07.15,"['10년이내', '방세개', '화장실두개', '중층']",남서향,22058173.932384342
경기도,용인시 기흥구,서천동,힐스테이트서천,매매,509동,3/16,730000000,112.4,DOC,둘레길 앞 조용하고 예쁜 전망. 집깨끗.,25.07.11,"['10년이내', '방세개', '화장실두개', '세대당1대']",남서향,21469955.96085409
경기도,용인시 기흥구,서천동,힐스테이트서천,매매,506동,3/15,740000000,112.4,DOC,"막힘없는둘레길전망,햇살좋은남서향초중교인근경희대도보10분,초역세권,빠른입주",25.07.11,"['10년이내', '방세개', '화장실두개', '세대당1대']",남서향,21764064.946619216
경기도,용인시 기흥구,서천동,힐스테이트서천,매매,507동,17/18,850000000,112.4,DOC,전면동 로얄층. 하늘뷰. 구조좋은 A타입. 정상입주.,25.07.05,"['10년이내', '방세개', '화장실두개', '고층']",남서향,24999263.790035587
경기도,용인시 기흥구,서천동,힐스테이트서천,매매,508동,고/15,750000000,112.4,DOCV2,"세끼고,263만기,탁트인둘레길조망,상가,학원이용편리한동",25.06.30,"['10년이내', '방세개', '화장실두개', '고층']",남서향,22058173.932384342
경기도,용인시 기흥구,서천동,힐스테이트서천,매매,508동,고/15,850000000,112.4,DOC,로얄동 로얄층. 하늘 보이는 뷰. 중심상가 이용 편리한동.,25.06.26,"['10년이내', '방세개', '화장실두개', '고층']",남서향,24999263.790035587
경기도,용인시 기흥구,서천동,힐스테이트서천,매매,504동,저/16,820000000,112.4,DOC,정상입주. 예쁜 단지뷰. 버스정류장 초인접.,25.06.24,"['10년이내', '방세개', '화장실두개', '세대당1대']",남서향,24116936.832740214
경기도,용인시 기흥구,서천동,힐스테이트서천,월세,508동,10/15,"8,000/160",112.4,NONE,고층 뷰가 확 트인 전망. 중심상가 가까워 생활이 편리합니다. ,25.06.25,"['10년이내', '방세개', '화장실두개', '중층']",남서향,
경기도,용인시 기흥구,신갈동,갈현마을현대홈타운,매매,508동,9/13,520000000,83.64,OWNER,"우리,  전망좋음,  올확장,  주인거주, 깨끗하게 관리, 신갈역도보권",25.07.19,"['25년이내', '방세개', '화장실두개', '고층']",동향,20552465.327594455
경기도,용인시 기흥구,신갈동,갈현마을현대홈타운,매매,505동,11/13,520000000,83.64,NDOC1,"초이스, 주인거주로관리잘된집 전망굿 정남향 단지앞초중고",25.07.19,"['25년이내', '방세개', '화장실두개', '고층']",남향,20552465.327594455
경기도,용인시 기흥구,신갈동,갈현마을현대홈타운,매매,505동,13/13,500000000,83.64,MOBL,"초이스,초급매 샷시포함특올수리 방2확장 폴딩도어 붙박이장",25.07.17,"['25년이내', '올수리', '급매', '탑층']",남향,19761985.891917743
경기도,용인시 기흥구,신갈동,갈현마을현대홈타운,매매,505동,2/13,490000000,83.64,OWNER,"거실 및  방2 확장, 욕실과  씽크대 , 조명 , 분배기 교체",25.07.18,"['25년이내', '방세개', '화장실두개', '세대당1대']",남향,19366746.17407939
경기도,용인시 기흥구,신갈동,갈현마을현대홈타운,매매,502동,8/13,530000000,83.64,OWNER,"우리,     올인테리어,  세안고,  깨끗하게 관리, 초중고도보5분",25.07.18,"['25년이내', '방세개', '화장실두개', '중층']",남향,20947705.04543281
경기도,용인시 기흥구,신갈동,갈현마을현대홈타운,매매,507동,8/13,500000000,83.64,OWNER,현대. 신갈역 초중고 인접 환상적 전망 방3 화2,25.07.17,"['25년이내', '방세개', '화장실두개', '중층']",남향,19761985.891917743
경기도,용인시 기흥구,신갈동,갈현마을현대홈타운,매매,504동,13/13,500000000,83.64,OWNER,"올수리한집,초초급매매,상태좋음,빠른입주매매가,환한남향집",25.07.15,"['25년이내', '올수리', '급매', '탑층']",남향,19761985.891917743
경기도,용인시 기흥구,신갈동,갈현마을현대홈타운,매매,506동,7/13,520000000,83.64,OWNER,PS. 올수리되고 관리잘된 남향집 일부확장형 단지앞초중고 신갈역도보,25.07.11,"['25년이내', '올수리', '방세개', '화장실두개']",남향,20552465.327594455
경기도,용인시 기흥구,신갈동,갈현마을현대홈타운,매매,506동,11/13,510000000,83.64,DOC,하시입주. 사이드라인 아니에요. 단지상가 가까운동. 정남향,25.07.21,"['25년이내', '방세개', '화장실두개', '고층']",남향,20157225.609756097
경기도,용인시 기흥구,신갈동,갈현마을현대홈타운,매매,503동,8/13,500000000,83.64,OWNER,현대. 신갈역 초중고 인접 방3 화2,25.07.10,"['25년이내', '방세개', '화장실두개', '중층']",남향,19761985.891917743
경기도,용인시 기흥구,신갈동,갈현마을현대홈타운,매매,505동,13/13,550000000,83.64,NDOC1,"날자협의,부분수리,주인거주로관리잘된집,남향",25.07.10,"['25년이내', '탑층', '방세개', '화장실두개']",남향,21738184.48110952
경기도,용인시 기흥구,신갈동,갈현마을현대홈타운,매매,505동,8/13,600000000,83.64,NDOC1,"초이스, 컨디션굿 올수리 확장형 선호동 선호라인",25.07.10,"['25년이내', '올수리', '방세개', '화장실두개']",남향,23714383.070301294
경기도,용인시 기흥구,신갈동,갈현마을현대홈타운,월세,504동,2/13,"1억 5,000/65",83.64,DOC,"초이스, 방2확장 정남향 3BAY 역세권 학세권 기흥구청상권이용편리",25.07.19,"['25년이내', '방세개', '화장실두개', '세대당1대']",남향,
경기도,용인시 기흥구,신갈동,갈현마을현대홈타운,매매,503동,3/13,480000000,83.64,OWNER,"주인거주,방2개확장,기본",25.07.08,"['25년이내', '화장실두개', '방두개', '세대당1대']",남향,18971506.456241034
경기도,용인시 기흥구,신갈동,갈현마을현대홈타운,전세,504동,2/13,330000000,83.64,DOC,현대.  신갈역 초중고 인접 방 3 화2,25.07.17,"['25년이내', '방세개', '화장실두개', '세대당1대']",남향,13042910.68866571
경기도,용인시 기흥구,신갈동,갈현마을현대홈타운,매매,502동,13/13,540000000,83.64,NDOC1,샷시외올수리 채광굿 층간소음X 초중고가까운 입구동,25.07.07,"['25년이내', '올수리', '탑층', '방세개']",남향,21342944.763271164
경기도,용인시 기흥구,신갈동,갈현마을현대홈타운,매매,504동,12/13,600000000,83.64,OWNER,현대. 올 수리 올 확장 인테리어 방3 화2,25.07.03,"['25년이내', '올수리', '방세개', '화장실두개']",남향,23714383.070301294
경기도,용인시 기흥구,신갈동,갈현마을현대홈타운,매매,507동,8/13,500000000,83.64,MOBL,현대. 세안고 확장형 전망 최상  방3 화2,25.07.01,"['25년이내', '방세개', '화장실두개', '중층']",남향,19761985.891917743
경기도,용인시 기흥구,신갈동,갈현마을현대홈타운,매매,504동,8/13,530000000,83.64,NDOC1,"초이스, 입주시기조정편리 2년전수리 컨디션굿 정남향 단지앞기흥고",25.07.02,"['25년이내', '방세개', '화장실두개', '중층']",남향,20947705.04543281
경기도,용인시 기흥구,신갈동,갈현마을현대홈타운,매매,504동,2/13,470000000,83.64,OWNER,현대. 신갈역 초중고 인접 방3 화2,25.07.02,"['25년이내', '방세개', '화장실두개', '세대당1대']",남향,18576266.73840268
경기도,용인시 기흥구,신갈동,갈현마을현대홈타운,매매,504동,8/13,500000000,83.64,MOBL,현대. 싱크 교체 신갈역 초중고 인접 방3 화2,25.06.26,"['25년이내', '방세개', '화장실두개', '중층']",남향,19761985.891917743
경기도,용인시 기흥구,신갈동,갈현마을현대홈타운,매매,502동,고/13,520000000,83.64,DOC,"관리잘되고 깨끗한 역세권, 학세권, 공원옆 소형아파트입니다.",25.07.10,"['25년이내', '소형평수', '방세개', '화장실두개']",남향,20552465.327594455
경기도,용인시 기흥구,신갈동,갈현마을현대홈타운,매매,502동,5/13,530000000,83.64,OWNER,"초이스, 정남향 선호동 선호라인 신갈역세권 단지앞초중고",25.06.24,"['25년이내', '방세개', '화장실두개', '중층']",남향,20947705.04543281
경기도,용인시 기흥구,신갈동,갈현마을현대홈타운,매매,507동,2/13,470000000,83.64,DOC,PS.막힌곳 없고 햇살좋은 2층 방2확장 관리잘된집 방3화장실2,25.06.27,"['25년이내', '방세개', '화장실두개', '세대당1대']",남향,18576266.73840268
경기도,용인시 기흥구,신갈동,갈현마을현대홈타운,매매,506동,11/13,510000000,83.64,NONE,"신갈역세권,학세권,정남향.전망굿,깨끗함.즉시입주가능",25.06.24,"['25년이내', '방세개', '화장실두개', '고층']",남향,20157225.609756097
경기도,용인시 기흥구,신갈동,고현고려에센스빌,전세,103동,1/4,300000000,103.57,OWNER,빠른입주 씽크대 원목마루 방확장  주인거주로 관리 아주 잘됨,25.07.21,"['25년이내', '1층', '방세개', '화장실두개']",남향,9575509.317369897
경기도,용인시 기흥구,신갈동,고현고려에센스빌,매매,103동,1/4,500000000,103.57,OWNER,"정상입주.방확장 및 부분수리가 된집,주인거주로 실내깨끗한 집",25.07.17,"['25년이내', '1층', '방세개', '화장실두개']",남향,15959182.195616493
경기도,용인시 기흥구,신갈동,고현고려에센스빌,매매,103동,2/4,500000000,103.57,OWNER,"정상입주.올확장,중문 욕실 수리된 일조량 풍부한 집, 주인거주",25.07.14,"['25년이내', '욕실수리', '방세개', '화장실두개']",남향,15959182.195616493
경기도,용인시 기흥구,신갈동,고현고려에센스빌,매매,101동,3/4,550000000,103.57,OWNER,올 확장 되어 넓은 집입니다,25.07.12,"['25년이내', '방세개', '화장실두개', '고층']",남향,17555100.415178142
경기도,용인시 기흥구,신갈동,고현고려에센스빌,매매,103동,2/4,500000000,103.57,MOBL,현대. 초급매 전망 좋고 매우 꺠끗 방3 화2,25.06.30,"['25년이내', '급매', '방세개', '화장실두개']",남향,15959182.195616493
경기도,용인시 기흥구,신갈동,기흥더샵프라임뷰,매매,101동,23/25,1250000000,174.67,MOBL,"복층형펜트하우스,방5,화3,정원테라스뷰,깨끗하고 관리잘된집,학세권,역세권",25.07.16,"['15년이내', '테라스', '마당', '복층']",남향,23657361.02364459
경기도,용인시 기흥구,신갈동,기흥더샵프라임뷰,매매,101동,23/25,1250000000,174.67,NONE,"복층펜트하우스,테라스유,정상,역세권",25.07.07,"['15년이내', '테라스', '복층', '대형평수']",남향,23657361.02364459
경기도,용인시 기흥구,신갈동,기흥더샵프라임뷰,매매,104동,22/23,1200000000,172.01,OWNER,유일무이 최상의 뷰. 팬트하우스에서 럭셔리한 삶을 누리세요.,25.07.19,"['15년이내', '역세권', '복층', '대형평수']",남동향,23062275.4491018
경기도,용인시 기흥구,신갈동,기흥더샵프라임뷰,전세,108동,23/24,600000000,172.01,DOC,복층 펜트하우스. 전망최고. 깨끗해요. 입주협의,25.07.21,"['15년이내', '융자금없는', '복층', '대형평수']",남동향,11531137.7245509
경기도,용인시 기흥구,신갈동,기흥더샵프라임뷰,월세,108동,23/24,4억/80,172.01,DOC,무융자. 복층 팬트하우스. 최고전망. 입주협의,25.07.21,"['15년이내', '융자금없는', '복층', '대형평수']",남동향,
경기도,용인시 기흥구,신갈동,기흥더샵프라임뷰,월세,108동,23/24,4억/80,172.01,NONE,"양창수원CC기흥역뷰,재택근무,층간소음 분리층사용",25.07.05,"['15년이내', '대형평수', '방네개이상', '화장실세개']",남동향,
경기도,용인시 기흥구,신갈동,기흥더샵프라임뷰,전세,108동,23/24,600000000,172.01,NONE,"펜트복층,융무,전망최고",25.07.02,"['15년이내', '융자금없는', '복층', '대형평수']",남동향,11531137.7245509
경기도,용인시 기흥구,신갈동,기흥더샵프라임뷰,매매,103동,3/23,940000000,144.48,OWNER,"1층정원뷰,깨끗하게관리,LED전등,냉장고수납수리,중문,안방붙박이,중문",25.07.21,"['15년이내', '역세권', '대형평수', '방네개이상']",남향,21507737.403100777
경기도,용인시 기흥구,신갈동,기흥더샵프라임뷰,매매,102동,17/23,950000000,144.48,OWNER,정상입주. 방3. 방갯수변경가능. 학교.신갈역.상권 모두최고,25.07.21,"['15년이내', '대형평수', '방세개', '화장실두개']",남향,21736543.12015504
경기도,용인시 기흥구,신갈동,기흥더샵프라임뷰,매매,102동,12/23,950000000,144.48,OWNER,2605 세안고.  화이트 올수리.  귀한 방4구조,25.07.21,"['15년이내', '올수리', '대형평수', '방네개이상']",남향,21736543.12015504
경기도,용인시 기흥구,신갈동,기흥더샵프라임뷰,매매,102동,14/23,1100000000,144.48,OWNER,거실 욕실 수리 전망 최상 방4 화2,25.07.21,"['15년이내', '욕실수리', '대형평수', '방네개이상']",남향,25168628.875968996
경기도,용인시 기흥구,신갈동,기흥더샵프라임뷰,매매,103동,1/23,920000000,144.48,OWNER,"우리아이 꿈이싹트는 프라임뷰,깨끗하게관리 주인거주,초중고인접,신갈역",25.07.18,"['15년이내', '역세권', '1층', '대형평수']",남향,21050125.96899225
경기도,용인시 기흥구,신갈동,기흥더샵프라임뷰,매매,102동,18/23,950000000,144.48,OWNER,"세안고,전망.아주깨끗.",25.07.17,"['15년이내', '화장실두개', '대형평수', '방네개이상']",남향,21736543.12015504
경기도,용인시 기흥구,신갈동,기흥더샵프라임뷰,매매,103동,13/23,970000000,144.48,OWNER,"화이트톤 특올수리,주인거주,",25.07.17,"['15년이내', '올수리', '역세권', '화장실두개']",남향,22194154.55426357
경기도,용인시 기흥구,신갈동,기흥더샵프라임뷰,매매,103동,고/23,1000000000,144.48,OWNER,"주인거주, 아주깨끗.확출",25.07.17,"['15년이내', '역세권', '대형평수', '방네개이상']",남향,22880571.705426358
경기도,용인시 기흥구,신갈동,기흥더샵프라임뷰,매매,102동,저/23,1020000000,144.48,OWNER,"고급진올수리, 인덕션,중문, 한샘주방 교체,안방 작은방 붙박이장",25.07.17,"['15년이내', '올수리', '대형평수', '방네개이상']",남향,23338183.139534887
경기도,용인시 기흥구,신갈동,기흥더샵프라임뷰,매매,102동,중/23,960000000,144.48,OWNER,"세안고,아주깨끗,전망,",25.07.02,"['15년이내', '화장실두개', '대형평수', '방네개이상']",남향,21965348.837209303
경기도,용인시 기흥구,신갈동,기흥더샵프라임뷰,매매,102동,고/23,970000000,144.48,DOCV2,깨끗정상세안고도 가능.,25.07.07,"['15년이내', '대형평수', '방네개이상', '화장실두개']",남향,22194154.55426357
경기도,용인시 기흥구,신갈동,기흥더샵프라임뷰,매매,102동,고/23,1050000000,144.48,OWNER,거주환경 최고 지역. 깨끗한집. 정상입주,25.07.01,"['15년이내', '대형평수', '방세개', '화장실두개']",남향,24024600.29069768
경기도,용인시 기흥구,신갈동,기흥더샵프라임뷰,매매,103동,저/23,950000000,144.48,OWNER,"탁트인조망,초중고학세권,시에어컨5,중심상권이용굿,관리상태최고",25.07.01,"['15년이내', '역세권', '대형평수', '방네개이상']",남향,21736543.12015504
경기도,용인시 기흥구,신갈동,기흥더샵프라임뷰,매매,102동,고/23,1000000000,144.48,OWNER,"주전세가,갭3억,시스템에어컨6대신설,올인테리어,주인거주깨끗해요,추천",25.06.28,"['15년이내', '대형평수', '방네개이상', '화장실두개']",남향,22880571.705426358
경기도,용인시 기흥구,신갈동,기흥더샵프라임뷰,매매,103동,중/23,970000000,144.48,NONE,"방4,입주협의,인테리어깨끗한집,추천,초중고인접",25.07.16,"['15년이내', '역세권', '대형평수', '방네개이상']",남향,22194154.55426357
경기도,용인시 기흥구,신갈동,기흥더샵프라임뷰,매매,102동,고/23,950000000,144.48,NONE,"세안고갭투자,준신축큰평수,초중고",25.07.16,"['15년이내', '대형평수', '방세개', '화장실두개']",남향,21736543.12015504
경기도,용인시 기흥구,신갈동,기흥더샵프라임뷰,매매,102동,저/23,1020000000,144.48,NONE,"시에4대,전체올수리,인덕션,생활인프라굿,초중고,",25.07.16,"['15년이내', '올수리', '대형평수', '방네개이상']",남향,23338183.139534887
경기도,용인시 기흥구,신갈동,기흥더샵프라임뷰,매매,103동,14/23,830000000,109.83,OWNER,아주깨끗. 동간거리멀고 탁트인뷰 좋아요. 도배및LED. 중문. 정상입주,25.07.21,"['15년이내', '역세권', '방세개', '화장실두개']",남향,24982259.40089229
경기도,용인시 기흥구,신갈동,기흥더샵프라임뷰,매매,105동,20/26,830000000,109.83,OWNER,골프장 전망. 지역내 최고 단지. 학교.상권.교통 최우수.정상입주,25.07.21,"['15년이내', '역세권', '방세개', '화장실두개']",동향,24982259.40089229
경기도,용인시 기흥구,신갈동,기흥더샵프라임뷰,월세,101동,14/25,2억/160,109.83,OWNER,무융자.  깨끗한집.  9월초  입주협의,25.07.21,"['15년이내', '융자금없는', '방세개', '화장실두개']",남향,
경기도,용인시 기흥구,신갈동,기흥더샵프라임뷰,매매,105동,26/26,860000000,109.83,OWNER,"최신형시스템에어컨4대,특올수리,전망최고,입주협의가능",25.07.21,"['15년이내', '올수리', '역세권', '탑층']",동향,25885232.632249843
경기도,용인시 기흥구,신갈동,기흥더샵프라임뷰,매매,105동,6/26,800000000,109.83,OWNER,"우리아이 눈높이 뷰,넓고 깨끗한집,1층 정원뷰,지하주차장 동별 연결",25.07.18,"['15년이내', '역세권', '방세개', '화장실두개']",동향,24079286.169534735
경기도,용인시 기흥구,신갈동,기흥더샵프라임뷰,매매,105동,22/26,830000000,109.83,OWNER,"골프장뷰최고,판상형넓고 깨끗한집,1층 정원뷰,쾌적하고 편안한 프라임뷰",25.07.18,"['15년이내', '역세권', '방세개', '화장실두개']",동향,24982259.40089229
경기도,용인시 기흥구,신갈동,기흥더샵프라임뷰,매매,101동,4/25,770000000,109.83,OWNER,"판상형정남향,세안고갭투,채광좋은집,초중고학세권,플랫폼시티수혜,중심상권인접",25.07.17,"['15년이내', '방세개', '화장실두개', '세대당1대']",남향,23176312.938177183
경기도,용인시 기흥구,신갈동,기흥더샵프라임뷰,전세,105동,22/26,520000000,109.83,OWNER,"트인전망,채광좋음,주인거주관리된집,생활편의시설,신갈역도보, 학세권",25.07.17,"['15년이내', '역세권', '방세개', '화장실두개']",동향,15651536.01019758
경기도,용인시 기흥구,신갈동,기흥더샵프라임뷰,매매,105동,6/26,800000000,109.83,OWNER,"탁트인전망,골프장뷰,판상형 넓고 쾌적한 환경,중심상권도보이용,초중고 인접",25.07.16,"['15년이내', '역세권', '방세개', '화장실두개']",동향,24079286.169534735
경기도,용인시 기흥구,신갈동,기흥더샵프라임뷰,매매,101동,4/25,770000000,109.83,NONE,"세안고갭투,정남향,생활인프라 최고,중심상권인접",25.07.16,"['15년이내', '방세개', '화장실두개', '세대당1대']",남향,23176312.938177183
경기도,용인시 기흥구,신갈동,기흥더샵프라임뷰,매매,108동,1/24,760000000,107.94,OWNER,"우리아이 꿈터,필로티구조,1층정원뷰, 쾌적하고 편안한 프라임뷰,초중고인접",25.07.19,"['15년이내', '1층', '방세개', '화장실두개']",남동향,23275862.516212713
경기도,용인시 기흥구,신갈동,기흥더샵프라임뷰,매매,106동,1/26,800000000,107.94,OWNER,"우리아이들의 생활공간,쾌적하고푸르른1층정원뷰,신갈역,초중고인접,중심상권",25.07.19,"['15년이내', '역세권', '1층', '방세개']",남서향,24500907.911802854
경기도,용인시 기흥구,신갈동,기흥더샵프라임뷰,월세,104동,8/23,"1억 5,000/150",107.94,NDOC1,집상태깨끗 상권굿 신갈역세권,25.07.15,"['15년이내', '역세권', '방세개', '화장실두개']",남동향,
경기도,용인시 기흥구,신갈동,기흥더샵프라임뷰,전세,108동,고/24,520000000,107.94,OWNER,"양창 수원CC와 기흥역뷰 최고, 쾌적하고 편안한 프라임뷰,학세권과역세권",25.07.19,"['15년이내', '방세개', '화장실두개', '고층']",남동향,15925590.142671857
경기도,용인시 기흥구,신갈동,기흥더샵프라임뷰,매매,104동,16/23,800000000,107.94,OWNER,신걀역세권 학세권 상가 병원 은행  인프라갑 세안고 로열동로열층,25.07.08,"['15년이내', '역세권', '방세개', '화장실두개']",동향,24500907.911802854
경기도,용인시 기흥구,신갈동,기흥더샵프라임뷰,매매,106동,5/26,810000000,107.94,OWNER,전망굿 기본깨끗 입주협의,25.06.24,"['15년이내', '역세권', '방세개', '화장실두개']",남동향,24807169.260700393
경기도,용인시 기흥구,신갈동,기흥더샵프라임뷰,매매,106동,중/26,785000000,107.94,DOC,"현 세안고, 전망,아주깨끗",25.07.08,"['15년이내', '역세권', '화장실두개', '방세개']",남서향,24041515.888456553
경기도,용인시 기흥구,신갈동,기흥더샵프라임뷰,매매,104동,고/23,790000000,107.94,NONE,"세안고,상태좋음,신갈역세권,생활인프라 최고",25.07.17,"['15년이내', '역세권', '방세개', '화장실두개']",남서향,24194646.562905323
경기도,용인시 기흥구,신갈동,기흥더샵프라임뷰,전세,108동,고/24,520000000,107.94,NONE,"양창 남동향,탁트인 수원CC,기흥역뷰,중심상권,초중고",25.07.15,"['15년이내', '융자금없는', '방세개', '화장실두개']",남동향,15925590.142671857
경기도,용인시 기흥구,신갈동,기흥더샵프라임뷰,매매,106동,10/26,800000000,107.37,OWNER,"수원cc뷰,1층정원,지하주차장 동별연결, 중심상권,초중고인접,신갈역인근",25.07.21,"['15년이내', '마당', '역세권', '방세개']",동향,24630976.99543634
경기도,용인시 기흥구,신갈동,기흥더샵프라임뷰,매매,104동,12/23,820000000,107.37,OWNER,"26.2말전세안고,골프장뷰,초중고 학세권,중심상권인접,신갈역도보가능",25.07.21,"['15년이내', '역세권', '방세개', '화장실두개']",동향,25246751.42032225
경기도,용인시 기흥구,신갈동,기흥더샵프라임뷰,매매,108동,9/24,800000000,107.37,OWNER,입지최고. 가치최고.  살기 편한 아파트. 정상입주,25.07.21,"['15년이내', '방세개', '화장실두개', '중층']",동향,24630976.99543634
경기도,용인시 기흥구,신갈동,기흥더샵프라임뷰,매매,106동,저/26,810000000,107.37,OWNER,시스템에어컨3. 전체바닥교체.  도배및시트지시공. 아주깨끗. 정상입주,25.07.21,"['15년이내', '역세권', '방세개', '화장실두개']",동향,24938864.207879294
경기도,용인시 기흥구,신갈동,기흥더샵프라임뷰,전세,106동,중/26,500000000,107.37,OWNER,"탁트인골프장뷰,기흥구청중심상권,초중고인접,출퇴근편리한역세권",25.07.19,"['15년이내', '역세권', '방세개', '화장실두개']",동향,15394360.622147713
경기도,용인시 기흥구,신갈동,기흥더샵프라임뷰,매매,108동,고/24,850000000,107.37,OWNER,"최근 화이트 특올수리,주인거주,",25.07.17,"['15년이내', '올수리', '방세개', '화장실두개']",남향,26170413.057651114
경기도,용인시 기흥구,신갈동,기흥더샵프라임뷰,매매,108동,고/24,820000000,107.37,OWNER,"남향,탁트인뷰,1층정원 쾌적한환경,지하주차장 동연결,초중고학세권,역세권",25.07.16,"['15년이내', '마당', '방세개', '화장실두개']",남향,25246751.42032225
경기도,용인시 기흥구,신갈동,기흥더샵프라임뷰,매매,106동,고/26,830000000,107.37,OWNER,거주요건 최고아파트. 가치 좋은 아파트.  정남향. 정상입주,25.07.07,"['15년이내', '역세권', '방세개', '화장실두개']",남향,25554638.632765204
경기도,용인시 기흥구,신갈동,기흥더샵프라임뷰,매매,104동,8/23,810000000,107.37,DOC,신갈역 제일 가까운 동. 초.중.고 인접. 각종 편의시설. 교통 편리,25.06.28,"['15년이내', '역세권', '방세개', '화장실두개']",동향,24938864.207879294
경기도,용인시 기흥구,신갈동,기흥더샵프라임뷰,전세,106동,중/26,500000000,107.37,NONE,"골프장뷰,깨끗하게 관리된집,초중고 인접,출퇴근 교통편리",25.07.11,"['15년이내', '융자금없는', '역세권', '방세개']",동향,15394360.622147713
경기도,용인시 기흥구,신갈동,기흥더샵프라임뷰,매매,107동,24/26,680000000,85.9,DOC,"전세3억8천 세안고, 전망굿, 깨끗",25.07.18,"['15년이내', '역세권', '방세개', '화장실두개']",동향,26169194.412107103
경기도,용인시 기흥구,신갈동,기흥더샵프라임뷰,매매,107동,고/26,685000000,85.9,OWNER,가격 입주 협의  CC뷰로 전망좋은 인테리어된집 신혼추천   신갈역세권,25.07.09,"['15년이내', '역세권', '방세개', '화장실두개']",동향,26361614.95925495
경기도,용인시 기흥구,신갈동,기흥더샵프라임뷰,매매,107동,5/26,680000000,85.9,DOC,깨끗세안고,25.07.07,"['15년이내', '역세권', '방세개', '화장실두개']",동향,26169194.412107103
경기도,용인시 기흥구,신갈동,기흥더샵프라임뷰,매매,107동,2/26,650000000,85.9,NONE,월세안고 매매,25.07.14,"['15년이내', '역세권', '방세개', '화장실한개']",동향,25014671.129220024
경기도,용인시 기흥구,신갈동,기흥역롯데캐슬스카이(주상복합),매매,103동,5/30,580000000,115.56,OWNER,"입주협의가능,수납좋아서 인기타입,지하에 롯데마트,교통상권좋은아파트",25.07.21,"['15년이내', '방세개', '화장실두개', '세대당 1.5대이상']",북서향,16591859.640013846
경기도,용인시 기흥구,신갈동,기흥역롯데캐슬스카이(주상복합),매매,102동,7/31,620000000,115.56,OWNER,"최근주방전체리모델링,보일러교체,LED,탄성,줄눈,아주깨끗",25.07.21,"['15년이내', '보일러교체', '방세개', '화장실두개']",북동향,17736125.822083768
경기도,용인시 기흥구,신갈동,기흥역롯데캐슬스카이(주상복합),매매,101동,29/30,690000000,115.56,OWNER,"정상입주,중문,보일러교체됨,전망좋은집",25.07.19,"['15년이내', '보일러교체', '방세개', '화장실두개']",북동향,19738591.64070613
경기도,용인시 기흥구,신갈동,기흥역롯데캐슬스카이(주상복합),매매,101동,15/30,630000000,115.56,OWNER,"화이트톤 바닥시공, 2인1에어컨,식기세척기,음식물분세기,보조싱크대,세안고",25.07.08,"['15년이내', '방세개', '화장실두개', '중층']",북서향,18022192.367601246
경기도,용인시 기흥구,신갈동,기흥역롯데캐슬스카이(주상복합),매매,101동,6/30,600000000,115.56,OWNER,"최근올수리 시에4대,화이트마루,중문조명,필름,화장실 변기와 세면대교체",25.07.08,"['15년이내', '올수리', '방세개', '화장실두개']",북서향,17163992.731048808
경기도,용인시 기흥구,신갈동,기흥역롯데캐슬스카이(주상복합),매매,103동,고/30,650000000,115.56,DOC,,25.07.19,"['15년이내', '방세개', '화장실두개', '고층']",북서향,18594325.458636206
경기도,용인시 기흥구,신갈동,기흥역롯데캐슬스카이(주상복합),매매,103동,6/30,600000000,114.96,OWNER,"갭투, 시에 2대  2in1, 수납, 편리한 생활권, 교통편리",25.07.19,"['15년이내', '방세개', '화장실두개', '세대당 1.5대이상']",남서향,17253575.156576205
경기도,용인시 기흥구,신갈동,기흥역롯데캐슬스카이(주상복합),매매,101동,18/30,620000000,114.96,OWNER,"입주협의,탁트인뷰,투인원에어컨,마트연결,기흥역도보권,IC근접",25.07.19,"['15년이내', '방세개', '화장실두개', '중층']",남동향,17828694.328462075
경기도,용인시 기흥구,신갈동,기흥역롯데캐슬스카이(주상복합),매매,102동,11/31,620000000,114.96,OWNER,"긴전세안고매매,남서향,채광좋은집,교통상권좋은아파트",25.07.18,"['15년이내', '방세개', '화장실두개', '중층']",남서향,17828694.328462075
경기도,용인시 기흥구,신갈동,기흥역롯데캐슬스카이(주상복합),매매,103동,26/30,660000000,114.96,OWNER,"시스템에어컨4,중문,전망라인,남동향,주인거주로 관리잘된집,정상입주",25.07.18,"['15년이내', '방세개', '화장실두개', '고층']",남동향,18978932.672233824
경기도,용인시 기흥구,신갈동,기흥역롯데캐슬스카이(주상복합),매매,103동,5/30,580000000,114.96,OWNER,"기본형, 집주인거주로 상태굿, 롯데마트등 인프라좋아요",25.07.16,"['15년이내', '방세개', '화장실두개', '세대당 1.5대이상']",남서향,16678455.98469033
경기도,용인시 기흥구,신갈동,기흥역롯데캐슬스카이(주상복합),매매,101동,4/30,590000000,114.96,OWNER,"시스템 에어컨 3대, 정원뷰, 막힘없는 라인,  마트등 인프라굿",25.07.15,"['15년이내', '방세개', '화장실두개', '세대당 1.5대이상']",남서향,16966015.570633266
경기도,용인시 기흥구,신갈동,기흥역롯데캐슬스카이(주상복합),매매,103동,18/30,620000000,114.96,OWNER,"채광이 좋아 따뜻한집,빠른입주가능,신혼추천,깨끗,",25.07.15,"['15년이내', '방세개', '화장실두개', '중층']",남서향,17828694.328462075
경기도,용인시 기흥구,신갈동,기흥역롯데캐슬스카이(주상복합),매매,101동,22/30,630000000,114.96,OWNER,"에3, 인테리어, 깨끗하고 전망이 좋은 곳에서 새로운 삶을 꿈꾸어 보세요",25.07.11,"['15년이내', '방세개', '화장실두개', '고층']",남서향,18116253.914405014
경기도,용인시 기흥구,신갈동,기흥역롯데캐슬스카이(주상복합),매매,102동,고/31,640000000,114.96,OWNER,"최고의 뷰, 동남향으로 기흥역과 개천이 보이며 시원한 녹지 전망, D타입",25.07.16,"['15년이내', '화장실두개', '방세개', '고층']",남동향,18403813.50034795
경기도,용인시 기흥구,신갈동,기흥역롯데캐슬스카이(주상복합),매매,102동,20/31,650000000,114.96,OWNER,"시스템에어컨3대,입주협의가능,주인거주로 관리잘된집",25.07.10,"['15년이내', '방세개', '화장실두개', '중층']",남서향,18691373.086290885
경기도,용인시 기흥구,신갈동,기흥역롯데캐슬스카이(주상복합),매매,102동,7/31,610000000,114.96,OWNER,"2in1,해 잘들고 정원뷰가 이쁜집,남동향,광역버스이용편리",25.07.04,"['15년이내', '방세개', '화장실두개', '세대당 1.5대이상']",남동향,17541134.74251914
경기도,용인시 기흥구,신갈동,기흥역롯데캐슬스카이(주상복합),매매,101동,23/30,620000000,114.96,OWNER,"입주협의가능,4베이,남동향,전망채광좋은집",25.07.03,"['15년이내', '방세개', '화장실두개', '고층']",남동향,17828694.328462075
경기도,용인시 기흥구,신갈동,기흥역롯데캐슬스카이(주상복합),매매,103동,22/30,650000000,114.96,OWNER,4베이선호타입 주인거주깨끗함 롯데마트연결,25.06.28,"['15년이내', '방세개', '화장실두개', '고층']",남서향,18691373.086290885
경기도,용인시 기흥구,신갈동,기흥역롯데캐슬스카이(주상복합),매매,102동,26/31,630000000,114.77,OWNER,"롯데마트, 스벅상권,교통편리, 기흥역도보가능,가격조율가능",25.07.17,"['15년이내', '방세개', '화장실두개', '고층']",남동향,18146245.09889344
경기도,용인시 기흥구,신갈동,기흥역롯데캐슬스카이(주상복합),매매,103동,9/30,700000000,114.77,OWNER,"시스템에어컨4,부분인테리어됨,화이트톤 깨끗한집,정상입주",25.07.16,"['15년이내', '방세개', '화장실두개', '세대당 1.5대이상']",남서향,20162494.554326046
경기도,용인시 기흥구,신갈동,기흥역롯데캐슬스카이(주상복합),매매,101동,8/30,650000000,114.77,OWNER,"화이트톤인테리어,에어컨,식세기,인덕션등 옵션 좋아요",25.07.16,"['15년이내', '방세개', '화장실두개', '세대당 1.5대이상']",남동향,18722316.371874183
경기도,용인시 기흥구,신갈동,기흥역롯데캐슬스카이(주상복합),매매,102동,11/31,600000000,114.77,OWNER,"풓시스템에어컨,  욕실등부분인텔, 주인거주관리잘된집, 인프라굿, 교통편리",25.07.16,"['15년이내', '방세개', '화장실두개', '중층']",남동향,17282138.189422324
경기도,용인시 기흥구,신갈동,기흥역롯데캐슬스카이(주상복합),매매,102동,고/31,600000000,114.77,OWNER,"입주협의가능,아침햇살따뜻한남동향집,주인거주로 관리잘됨",25.07.21,"['15년이내', '방세개', '화장실두개', '고층']",남동향,17282138.189422324
경기도,용인시 기흥구,신갈동,기흥역롯데캐슬스카이(주상복합),매매,102동,중/31,620000000,114.77,OWNER,"통풍좋은타입, 기흥역도보, 대형롯데마트, 편리한 생활권, 서울광역버스",25.07.16,"['15년이내', '대형평수', '방세개', '화장실두개']",남동향,17858209.46240307
경기도,용인시 기흥구,신갈동,기흥역롯데캐슬스카이(주상복합),매매,103동,29/30,620000000,114.77,OWNER,"입주협의가능,시스템에어컨6대,중문,부분인테리어",25.07.09,"['15년이내', '방세개', '화장실두개', '고층']",남서향,17858209.46240307
경기도,용인시 기흥구,신갈동,기흥역롯데캐슬스카이(주상복합),매매,103동,10/30,620000000,114.77,OWNER,"월세안고매매,시에3,교통상권아주 좋음,",25.07.07,"['15년이내', '방세개', '화장실두개', '세대당 1.5대이상']",남서향,17858209.46240307
경기도,용인시 기흥구,신갈동,기흥역롯데캐슬스카이(주상복합),매매,102동,중/31,620000000,114.77,OWNER,"시에4,중문,보일러교체,수원IC인근,상가내롯데대형마트",25.07.08,"['15년이내', '보일러교체', '화장실두개', '대형평수']",남서향,17858209.46240307
경기도,용인시 기흥구,신갈동,기흥역롯데캐슬스카이(주상복합),매매,101동,중/30,620000000,114.77,OWNER,,25.07.08,"['15년이내', '방세개', '화장실두개', '중층']",남동향,17858209.46240307
경기도,용인시 기흥구,신갈동,기흥역롯데캐슬스카이(주상복합),매매,102동,15/31,610000000,114.77,OWNER,"금액조정가능, 중문, IC인근 교통편리함, 주변상권이 잘 갖추어졌음.",25.06.28,"['15년이내', '방세개', '화장실두개', '중층']",남서향,17570173.825912695
경기도,용인시 기흥구,신갈동,기흥역롯데캐슬스카이(주상복합),매매,102동,3/31,563000000,114.77,OWNER,"조용하고 1층같은3층필로티스타일 정원뷰,날짜조정가능하며 편안한 집입니다.",25.06.27,"['15년이내', '필로티', '방세개', '화장실두개']",남서향,16216406.334407946
경기도,용인시 기흥구,신갈동,기흥역롯데캐슬스카이(주상복합),매매,102동,22/31,650000000,114.77,OWNER,"시에4대, 주방욕실리모델링, 교통좋고 생활권편리한 곳.",25.06.24,"['15년이내', '방세개', '화장실두개', '고층']",남서향,18722316.371874183
경기도,용인시 기흥구,신갈동,기흥역롯데캐슬스카이(주상복합),매매,102동,고/31,650000000,114.77,DOC,"전망좋은 환기 잘 되는 타입으로 세안고 투자, 기흥역 도보가능, 롯데마트",25.07.08,"['15년이내', '방세개', '화장실두개', '고층']",남서향,18722316.371874183
경기도,용인시 기흥구,신갈동,기흥역롯데캐슬스카이(주상복합),매매,103동,9/30,700000000,114.77,NONE,주방가벽철거하고  화이트인테리어깨끗하게 관리된집,25.07.07,"['15년이내', '방세개', '화장실두개', '세대당 1.5대이상']",남동향,20162494.554326046
경기도,용인시 기흥구,신갈동,기흥역롯데캐슬스카이(주상복합),매매,102동,31/31,650000000,114.52,OWNER,"최고의 뷰를 자랑하는 탑층, 거실 넓은타입, 세안고 갭투자하세요",25.07.08,"['15년이내', '탑층', '방세개', '화장실두개']",남서향,18763187.652811736
경기도,용인시 기흥구,신갈동,기흥역롯데캐슬스카이(주상복합),매매,103동,20/30,620000000,114.52,OWNER,"입주협의가능,지하에 롯데마트,광역버스이용편리,",25.07.07,"['15년이내', '방세개', '화장실두개', '중층']",남서향,17897194.37652812
경기도,용인시 기흥구,신갈동,기흥역롯데캐슬스카이(주상복합),매매,101동,27/30,650000000,114.52,OWNER,"세안고매매,층좋은 남동향집,전망채광아주좋음.",25.07.03,"['15년이내', '방세개', '화장실두개', '고층']",남동향,18763187.652811736
경기도,용인시 기흥구,신갈동,기흥역롯데캐슬스카이(주상복합),매매,102동,8/31,620000000,114.52,DOC,교통 및 편의시설. C타입. 기흥역 5분. 남동향,25.07.11,"['15년이내', '방세개', '화장실두개', '세대당 1.5대이상']",남동향,17897194.37652812
경기도,용인시 기흥구,신갈동,기흥역롯데캐슬스카이(주상복합),매매,103동,고/30,650000000,114.52,OWNER,"시에6,부분인테리어,전망라인,정상입주",25.07.07,"['15년이내', '방세개', '화장실두개', '고층']",남동향,18763187.652811736
경기도,용인시 기흥구,신갈동,기흥역롯데캐슬스카이(주상복합),매매,102동,9/31,630000000,114.52,OWNER,세안고매매 시스템에어컨6 깨끗,25.06.26,"['15년이내', '방세개', '화장실두개', '세대당 1.5대이상']",남서향,18185858.80195599
경기도,용인시 기흥구,신갈동,기흥파크뷰,매매,517동,3/4,850000000,125.93,NDOC1,"넓은테라스,샷시포함특올수리,시스템에어컨,입주협의",25.07.07,"['25년이내', '올수리', '테라스', '방세개']",남향,22313326.848249026
경기도,용인시 기흥구,신갈동,기흥파크뷰,매매,518동,중/4,850000000,125.93,OWNER,"도심속 전원생활,새시포함 특올인테리어,시스템에어컨완비",25.06.30,"['25년이내', '방세개', '화장실두개', '중층']",남향,22313326.848249026
경기도,용인시 기흥구,신갈동,기흥파크뷰,매매,514동,8/9,630000000,122.29,NDOC1,샷시포함 올수리 입주협의 전망  집아주깨끗,25.07.21,"['25년이내', '올수리', '방세개', '화장실두개']",남향,17030374.92844877
경기도,용인시 기흥구,신갈동,기흥파크뷰,매매,516동,6/9,680000000,122.29,NDOC1,샷시교체올수리 별장같은골프장뷰 엘베연결동,25.07.18,"['25년이내', '올수리', '방세개', '화장실두개']",남향,18381991.986262165
경기도,용인시 기흥구,신갈동,기흥파크뷰,매매,514동,저/9,620000000,122.29,OWNER,"최근 전체 올수리,편안한 숲조망,주차 연결동,채광 굿",25.07.21,"['25년이내', '올수리', '방세개', '화장실두개']",남향,16760051.51688609
경기도,용인시 기흥구,신갈동,기흥파크뷰,매매,515동,4/9,650000000,122.29,OWNER,"최근수리로 아주깨끗,거실폴딩도어 설치,주차연결동, 편안한 숲조망",25.07.11,"['25년이내', '방세개', '화장실두개', '중층']",남향,17571021.75157413
경기도,용인시 기흥구,신갈동,기흥파크뷰,매매,516동,저/9,620000000,122.29,NDOC1,"새시포함 부분수리,확장형,숲조망 최상,엘베연결동,입주협의",25.07.07,"['25년이내', '방세개', '화장실두개', '세대당1대']",남향,16760051.51688609
경기도,용인시 기흥구,신갈동,기흥파크뷰,매매,512동,12/20,680000000,112.54,NDOC1,수리된다락방있는 최상층  내부올수리  골프장전망  ,25.07.21,"['25년이내', '올수리', '탑층', '방세개']",남향,19974531.72205438
경기도,용인시 기흥구,신갈동,기흥파크뷰,매매,513동,6/20,580000000,112.54,OWNER,"조망있는 조용한 동,집 깨끗,입주 협의 가능",25.07.21,"['25년이내', '방세개', '화장실두개', '세대당1대']",남서향,17037100.586458147
경기도,용인시 기흥구,신갈동,기흥파크뷰,매매,513동,20/20,700000000,112.54,OWNER,"샷시포함 전체수리,다락방 수리,골프장 뷰 최고",25.07.21,"['25년이내', '탑층', '방세개', '화장실두개']",남향,20562017.949173626
경기도,용인시 기흥구,신갈동,기흥파크뷰,매매,513동,15/20,630000000,112.54,OWNER,"골프장뷰최상,샷시포함특올수리,남향,입주협의",25.07.21,"['25년이내', '올수리', '방세개', '화장실두개']",남향,18505816.154256266
경기도,용인시 기흥구,신갈동,기흥파크뷰,매매,513동,8/20,650000000,112.54,NDOC1,"골프장조망굿,샷시포함올수리,입주협의",25.07.18,"['25년이내', '올수리', '방세개', '화장실두개']",남서향,19093302.38137551
경기도,용인시 기흥구,신갈동,기흥파크뷰,매매,512동,16/20,600000000,112.54,OWNER,"올수리,골프장조망굿,입주협의",25.07.17,"['25년이내', '올수리', '방세개', '화장실두개']",남향,17624586.813577395
경기도,용인시 기흥구,신갈동,기흥파크뷰,매매,512동,1/20,550000000,112.54,OWNER,필로티1층 동간거리 멀어 해도 잘 들고 환함,25.07.16,"['25년이내', '1층', '필로티', '방세개']",남향,16155871.245779278
경기도,용인시 기흥구,신갈동,기흥파크뷰,매매,512동,8/20,680000000,112.54,OWNER,"특올수리,아주깨끗,입주협의",25.07.16,"['25년이내', '올수리', '방세개', '화장실두개']",남향,19974531.72205438
경기도,용인시 기흥구,신갈동,기흥파크뷰,매매,512동,17/20,600000000,112.54,NDOC1,"세안고 매매,샷시포함 전체 올수리,층고 높고 넓은 다락방,골프장 뷰",25.07.16,"['25년이내', '올수리', '방세개', '화장실두개']",남향,17624586.813577395
경기도,용인시 기흥구,신갈동,기흥파크뷰,전세,513동,11/20,400000000,112.54,NDOC1,"골프장조망굿, 집깨끗, 융자무, 입주협의",25.07.11,"['25년이내', '방세개', '화장실두개', '중층']",남향,11749724.54238493
경기도,용인시 기흥구,신갈동,기흥파크뷰,매매,512동,5/20,600000000,112.54,OWNER,"부분수리,주인거주로집상태좋음,남향,입주협의",25.07.03,"['25년이내', '방세개', '화장실두개', '세대당1대']",남향,17624586.813577395
경기도,용인시 기흥구,신갈동,기흥파크뷰,매매,512동,7/20,650000000,112.54,OWNER,"숲조망 굿, 채광좋은 예쁜집, 입주협의",25.07.02,"['25년이내', '방세개', '화장실두개', '중층']",남향,19093302.38137551
경기도,용인시 기흥구,신갈동,기흥파크뷰,매매,512동,저/20,680000000,112.54,OWNER,"새시포함 특올수리,예쁜조경 조망,채광굿,라인굿,입주협의",25.07.01,"['25년이내', '올수리', '방세개', '화장실두개']",남향,19974531.72205438
경기도,용인시 기흥구,신갈동,기흥파크뷰,매매,508동,3/25,570000000,107.62,OWNER,"입구동,숲조망굿,입주협의",25.07.21,"['25년이내', '방세개', '화장실두개', '세대당1대']",남향,17508803.66102955
경기도,용인시 기흥구,신갈동,기흥파크뷰,매매,511동,17/25,560000000,107.62,OWNER,"골프장뷰굿,관리잘된집,입주협의",25.07.21,"['25년이내', '방세개', '화장실두개', '고층']",남서향,17201631.666976396
경기도,용인시 기흥구,신갈동,기흥파크뷰,매매,504동,7/19,580000000,107.62,OWNER,"입구동,집상태좋음,신갈역도보7분,입주협의",25.07.21,"['25년이내', '방세개', '화장실두개', '중층']",남서향,17815975.6550827
경기도,용인시 기흥구,신갈동,기흥파크뷰,매매,508동,6/25,600000000,107.62,OWNER,"숲전망,샷시포함올수리,거실확장,선호동,입주협의",25.07.19,"['25년이내', '올수리', '방세개', '화장실두개']",남향,18430319.643188998
경기도,용인시 기흥구,신갈동,기흥파크뷰,매매,501동,11/12,630000000,107.62,OWNER,"조망굿,로얄동로얄층,샷시교체,씽크대교체,아주깨끗,주차장엘베연결동,입주협의",25.07.19,"['25년이내', '방세개', '화장실두개', '고층']",남향,19351835.62534845
경기도,용인시 기흥구,신갈동,기흥파크뷰,매매,502동,3/18,620000000,107.62,OWNER,"로얄동,숲조망,확장형,집깨끗,입주협의",25.07.19,"['25년이내', '방세개', '화장실두개', '세대당1대']",남향,19044663.631295297
경기도,용인시 기흥구,신갈동,기흥파크뷰,매매,501동,7/12,610000000,107.62,NDOC1,"초이스,시원한수원CC전망 샷시교체 화이트 지하주차장연결",25.07.15,"['25년이내', '방세개', '화장실두개', '중층']",남향,18737491.63724215
경기도,용인시 기흥구,신갈동,기흥파크뷰,매매,508동,4/25,580000000,107.62,OWNER,급매 하시입주 날짜협의가 집상태굿 숲조망,25.07.15,"['25년이내', '급매', '방세개', '화장실두개']",남서향,17815975.6550827
경기도,용인시 기흥구,신갈동,기흥파크뷰,매매,502동,저/18,650000000,107.62,OWNER,"인테리어된 예쁜집,숲조망 최고,채광굿,확장형,거실폴딩도어",25.07.19,"['25년이내', '방세개', '화장실두개', '세대당1대']",남향,19966179.613454748
경기도,용인시 기흥구,신갈동,기흥파크뷰,매매,502동,저/18,580000000,107.62,NDOC1,"남향,로얄동,숲조망,집깨끗,짧은세안고",25.07.19,"['25년이내', '방세개', '화장실두개', '세대당1대']",남향,17815975.6550827
경기도,용인시 기흥구,신갈동,기흥파크뷰,매매,504동,13/19,670000000,107.62,NDOC1,입주일협의 최근올수리 입구동 주인거주 집상태최상 전망굿,25.07.10,"['25년이내', '올수리', '방세개', '화장실두개']",남향,20580523.601561047
경기도,용인시 기흥구,신갈동,기흥파크뷰,전세,510동,7/25,370000000,107.62,NDOC1,"숲전망,집관리상태좋음,융무,입주협의",25.07.10,"['25년이내', '융자금없는', '방세개', '화장실두개']",남동향,11365363.77996655
경기도,용인시 기흥구,신갈동,기흥파크뷰,매매,508동,중/25,600000000,107.62,OWNER,"입구동,집깨끗,입주협의",25.07.16,"['25년이내', '방세개', '화장실두개', '중층']",남향,18430319.643188998
경기도,용인시 기흥구,신갈동,기흥파크뷰,매매,510동,고/25,580000000,107.62,OWNER,"조망굿,집깨끗,입주협의",25.07.16,"['25년이내', '방세개', '화장실두개', '고층']",남향,17815975.6550827
경기도,용인시 기흥구,신갈동,기흥파크뷰,매매,501동,8/12,650000000,107.62,OWNER,"골프장뷰굿,올수리,선호동,엘베연결동,입주협의",25.07.08,"['25년이내', '올수리', '방세개', '화장실두개']",남향,19966179.613454748
경기도,용인시 기흥구,신갈동,기흥파크뷰,매매,504동,고/19,620000000,107.62,NDOC1,"입주정상,남향,일조권 굿,입구동,최근 올수리,집상태 굿,초역세권",25.07.12,"['25년이내', '올수리', '방세개', '화장실두개']",남향,19044663.631295297
경기도,용인시 기흥구,신갈동,기흥파크뷰,매매,502동,14/18,625000000,107.62,OWNER,"부분수리되어 아주 깨끗, 로얄동 골프장 뷰,채광 굿,신갈역 도보 7분",25.07.05,"['25년이내', '방세개', '화장실두개', '고층']",남향,19198249.628321875
경기도,용인시 기흥구,신갈동,기흥파크뷰,매매,503동,8/19,600000000,107.62,OWNER,"로얄동 트인 조망,수리되어 깨끗,세안고",25.07.03,"['25년이내', '방세개', '화장실두개', '중층']",남향,18430319.643188998
경기도,용인시 기흥구,신갈동,기흥파크뷰,매매,511동,14/25,680000000,107.62,NDOC1,샤시포함올수리 골프장조망굿 입주협의,25.07.01,"['25년이내', '올수리', '방세개', '화장실두개']",남동향,20887695.5956142
경기도,용인시 기흥구,신갈동,기흥파크뷰,매매,509동,중/25,600000000,107.62,OWNER,"조망굿,부분수리,아주깨끗, 입주협의",25.07.07,"['25년이내', '방세개', '화장실두개', '중층']",남향,18430319.643188998
경기도,용인시 기흥구,신갈동,기흥파크뷰,매매,506동,저/20,540000000,107.62,OWNER,"탁트인뷰,조경조망굿,부분수리로 집깨끗,지하엘베연결동",25.06.26,"['25년이내', '방세개', '화장실두개', '세대당1대']",남서향,16587287.678870099
경기도,용인시 기흥구,신갈동,기흥파크뷰,매매,508동,저/25,600000000,107.62,OWNER,"내부 올수리,입구동으로 생활편리,신갈역 도보 8분",25.06.25,"['25년이내', '올수리', '방세개', '화장실두개']",남향,18430319.643188998
경기도,용인시 기흥구,신갈동,기흥파크뷰,매매,504동,9/19,620000000,107.62,NONE,정상입주가,25.07.01,"['25년이내', '방세개', '화장실두개', '중층']",남향,19044663.631295297
경기도,용인시 기흥구,신갈동,기흥파크뷰,전세,505동,15/19,370000000,101.23,NDOC1,중간동 로얄층 융자무 집상태양호  9월입주가능 초중교인접,25.07.21,"['25년이내', '융자금없는', '방세개', '화장실두개']",남동향,12082786.229378643
경기도,용인시 기흥구,신갈동,기흥파크뷰,매매,505동,16/19,650000000,101.23,NDOC1,"최근샷시포함올수리,초교바로앞,입주협의",25.07.14,"['25년이내', '올수리', '방세개', '화장실두개']",남서향,21226516.348908424
경기도,용인시 기흥구,신갈동,기흥파크뷰,매매,505동,저/19,560000000,101.23,NDOC1,"초교인접동,집상태좋아요,조경조망굿,채광굿,입주협의",25.07.18,"['25년이내', '방세개', '화장실두개', '세대당1대']",남서향,18287460.239059567
경기도,용인시 기흥구,신갈동,기흥파크뷰,매매,508동,16/25,560000000,95.59,NDOC1,골프장전망최고 거실확장  입주협의  집상태굿  ,25.07.21,"['25년이내', '방세개', '화장실두개', '중층']",남향,19366456.742337067
경기도,용인시 기흥구,신갈동,기흥파크뷰,매매,509동,1/25,500000000,95.59,OWNER,"잔잔한 숲조망, 채광굿, 집깨끗, 입주협의",25.07.19,"['25년이내', '1층', '방세개', '화장실두개']",남향,17291479.23422952
경기도,용인시 기흥구,신갈동,기흥파크뷰,매매,508동,4/25,560000000,95.59,OWNER,"입구동,숲조망,신갈역6분,입주협의",25.07.18,"['25년이내', '방세개', '화장실두개', '세대당1대']",남향,19366456.742337067
경기도,용인시 기흥구,신갈동,녹원마을새천년그린빌2단지,전세,201동,2/16,400000000,79.56,OWNER,신혼추천 완벽올수리인테리어 올확장 강화마루9월17일입주가능 신갈역5분거리,25.07.21,"['25년이내', '융자금없는', '올수리', '역세권']",남향,16620336.852689793
경기도,용인시 기흥구,신갈동,녹원마을새천년그린빌2단지,매매,204동,4/18,520000000,79.56,OWNER,"입주,지하주차장엘베연결,신갈역세권",25.07.18,"['25년이내', '방세개', '화장실두개', '세대당1대']",남향,21606437.90849673
경기도,용인시 기흥구,신갈동,녹원마을새천년그린빌2단지,전세,201동,10/16,420000000,79.56,NDOC1,샷시포함화이트톤올수리 수리후첫입주 집상태최상 신혼부부추천,25.07.14,"['25년이내', '올수리', '역세권', '방세개']",남향,17451353.695324283
경기도,용인시 기흥구,신갈동,녹원마을새천년그린빌2단지,매매,204동,3/18,550000000,79.56,NDOC1,세안고 집상태깨끗 남향 주차장연결동 생활환경좋은동네,25.07.10,"['25년이내', '방세개', '화장실두개', '세대당1대']",남향,22852963.172448467
경기도,용인시 기흥구,신갈동,녹원마을새천년그린빌2단지,매매,201동,6/16,530000000,79.56,OWNER,입구동 남향 라인굿 채광짱 하시입주 날짜협의 신갈역5분거리,25.07.09,"['25년이내', '역세권', '방세개', '화장실두개']",남향,22021946.32981398
경기도,용인시 기흥구,신갈동,녹원마을새천년그린빌2단지,매매,202동,2/18,550000000,79.56,NDOC1,월세끼고매매 올수리 인테리어 남향의깨끗한집 신갈역초단거리,25.07.08,"['25년이내', '올수리', '필로티', '방세개']",남향,22852963.172448467
경기도,용인시 기흥구,신갈동,녹원마을새천년그린빌2단지,매매,204동,6/18,550000000,79.56,DOC,"세안고26년7월,남향,로얄동,신갈역세권",25.07.19,"['25년이내', '방세개', '화장실두개', '세대당1대']",남향,22852963.172448467
경기도,용인시 기흥구,신갈동,녹원마을새천년그린빌2단지,매매,204동,15/18,550000000,79.56,NDOC1,남향 주인거주 신갈역세권 ,25.07.08,"['25년이내', '방세개', '화장실두개', '고층']",남향,22852963.172448467
경기도,용인시 기흥구,신갈동,녹원마을새천년그린빌2단지,매매,203동,6/18,530000000,79.56,NDOC1,추천급매 전세끼고 라인굿 관리상태좋은집 공원조망 지하층엘베연결동,25.07.03,"['25년이내', '급매', '방세개', '화장실두개']",남향,22021946.32981398
경기도,용인시 기흥구,신갈동,녹원마을새천년그린빌2단지,매매,204동,저/18,530000000,79.56,OWNER,"세안고매매, 싱크대,전등,마루바닥 등 교체, 추천매물",25.07.07,"['25년이내', '방세개', '화장실두개', '세대당1대']",남향,22021946.32981398
경기도,용인시 기흥구,신갈동,녹원마을새천년그린빌2단지,매매,201동,2/16,530000000,79.56,NDOC1,"입주정상,내부올수리,집상태 굿,아이키우기 좋은 집,편리한 생활환경",25.06.30,"['25년이내', '올수리', '역세권', '필로티']",남향,22021946.32981398
경기도,용인시 기흥구,신갈동,녹원마을새천년그린빌2단지,매매,203동,중/18,550000000,79.56,NDOC1,남향 조망굿 부분수리 밝고환한집  세안고,25.07.01,"['25년이내', '방세개', '화장실두개', '중층']",남향,22852963.172448467
경기도,용인시 기흥구,신갈동,녹원마을새천년그린빌2단지,매매,201동,저/16,550000000,79.56,OWNER,"올수리 호텔급, 신혼부부 추천,입주일 협의,전세도 가능",25.06.30,"['25년이내', '올수리', '역세권', '방세개']",남향,22852963.172448467
경기도,용인시 기흥구,신갈동,도현마을현대(아이파크),매매,205동,중/15,940000000,211.14,OWNER,"급매,전망굿,초역세권",25.07.04,"['25년이내', '역세권', '급매', '대형평수']",남향,14717428.720280385
경기도,용인시 기흥구,신갈동,도현마을현대(아이파크),전세,205동,중/15,590000000,211.14,OWNER,"전망굿,초역세권,도배장판제공",25.07.04,"['25년이내', '역세권', '대형평수', '방네개이상']",남향,9237535.04783556
경기도,용인시 기흥구,신갈동,도현마을현대(아이파크),월세,205동,7/15,2억/170,211.14,NONE,"기본형,깨긋,초역세권",25.07.05,"['25년이내', '역세권', '대형평수', '방네개이상']",남향,
경기도,용인시 기흥구,신갈동,도현마을현대(아이파크),매매,205동,7/15,920000000,211.14,NONE,"전망굿,깨끗.초역세권",25.07.04,"['25년이내', '역세권', '대형평수', '방네개이상']",남향,14404291.938997824
경기도,용인시 기흥구,신갈동,도현마을현대(아이파크),매매,205동,1/15,920000000,211.14,NONE,정상입주가,25.07.01,"['25년이내', '역세권', '1층', '대형평수']",남향,14404291.938997824
경기도,용인시 기흥구,신갈동,도현마을현대(아이파크),매매,205동,저/15,950000000,206.51,OWNER,"올수리한집,정상입주",25.07.04,"['25년이내', '올수리', '역세권', '대형평수']",남향,15207475.424918892
경기도,용인시 기흥구,신갈동,도현마을현대(아이파크),매매,202동,11/15,870000000,167.16,OWNER,주인거주로 깨끗함 주방과 화장실 수리함  남향 채광좋음,25.07.17,"['25년이내', '역세권', '욕실수리', '대형평수']",남향,17205270.100502513
경기도,용인시 기흥구,신갈동,도현마을현대(아이파크),매매,206동,2/15,840000000,167.16,OWNER,깨끗한 상태 부분수리  조용,25.07.15,"['25년이내', '역세권', '대형평수', '방네개이상']",남향,16611984.924623117
경기도,용인시 기흥구,신갈동,도현마을현대(아이파크),매매,206동,저/15,786500000,167.16,NDOC1,"중앙단독.소유자확인급매물. 신갈역역세권. 단지앞 초,중,고등학교",25.07.18,"['25년이내', '역세권', '급매', '대형평수']",남향,15553959.694304857
경기도,용인시 기흥구,신갈동,도현마을현대(아이파크),매매,206동,중/15,850000000,167.16,OWNER,"집상태깨끗함,세낀매매가,초역세권,저렴한관리비",25.07.15,"['25년이내', '역세권', '대형평수', '방네개이상']",남향,16809746.649916247
경기도,용인시 기흥구,신갈동,도현마을현대(아이파크),전세,202동,고/15,550000000,167.16,OWNER,"융자무,귀한물건.초역세권",25.07.02,"['25년이내', '융자금없는', '역세권', '대형평수']",남향,10876894.891122278
경기도,용인시 기흥구,신갈동,도현마을현대(아이파크),매매,202동,고/15,900000000,167.16,OWNER,"넘깨끗,정상입주,초역세권",25.07.01,"['25년이내', '역세권', '대형평수', '방네개이상']",남향,17798555.276381914
경기도,용인시 기흥구,신갈동,도현마을현대(아이파크),매매,206동,중/15,870000000,167.16,OWNER,"주인거주,채광굿,정남향,초중고인접,용인플랫폼인접,주거환경굿",25.06.30,"['25년이내', '역세권', '대형평수', '방네개이상']",남향,17205270.100502513
경기도,용인시 기흥구,신갈동,도현마을현대(아이파크),매매,202동,8/15,890000000,167.16,DOC,깨끗하고 주거환경 좋은 도현마을,25.06.30,"['25년이내', '역세권', '화장실두개', '대형평수']",남향,17600793.55108878
경기도,용인시 기흥구,신갈동,도현마을현대(아이파크),매매,206동,저/15,840000000,167.16,NONE,"깨끗,아늑한집,초역세권",25.07.14,"['25년이내', '역세권', '대형평수', '방네개이상']",남향,16611984.924623117
경기도,용인시 기흥구,신갈동,도현마을현대(아이파크),매매,202동,고/15,870000000,167.16,NONE,"융자무,깨끗,",25.07.09,"['25년이내', '역세권', '대형평수', '방네개이상']",남향,17205270.100502513
경기도,용인시 기흥구,신갈동,도현마을현대(아이파크),매매,206동,4/15,880000000,167.16,NONE,정상입주가,25.07.01,"['25년이내', '역세권', '대형평수', '방네개이상']",남향,17403031.825795647
경기도,용인시 기흥구,신갈동,도현마을현대(아이파크),매매,207동,10/15,830000000,130.36,OWNER,"올수리,넘깨끗,세끼고.초역세권",25.07.21,"['25년이내', '올수리', '역세권', '방세개']",남향,21047879.334151577
경기도,용인시 기흥구,신갈동,도현마을현대(아이파크),전세,207동,3/15,500000000,130.36,OWNER,,25.07.21,"['25년이내', '역세권', '방세개', '화장실두개']",남향,12679445.382019022
경기도,용인시 기흥구,신갈동,도현마을현대(아이파크),매매,203동,1/15,690000000,130.36,OWNER,"초급매,정상입주가,지하철입구동,비확장기본집",25.07.15,"['25년이내', '역세권', '1층', '급매']",남향,17497634.62718625
경기도,용인시 기흥구,신갈동,도현마을현대(아이파크),전세,203동,저/15,450000000,130.36,OWNER,"수리한집,빠른입주가,지하철입구동",25.07.18,"['25년이내', '역세권', '방세개', '화장실두개']",남향,11411500.84381712
경기도,용인시 기흥구,신갈동,도현마을현대(아이파크),매매,207동,저/15,800000000,130.36,OWNER,"올수리.정상입주.신갈역초역세권.GTX,플랫폼시티수혜단지.",25.07.18,"['25년이내', '올수리', '역세권', '방세개']",남향,20287112.611230437
경기도,용인시 기흥구,신갈동,도현마을현대(아이파크),매매,207동,저/15,720000000,130.36,OWNER,"상태깨끗함,정상입주가,초역세권,입주일자협의가",25.07.16,"['25년이내', '역세권', '방세개', '화장실두개']",남향,18258401.350107394
경기도,용인시 기흥구,신갈동,도현마을현대(아이파크),매매,207동,3/15,800000000,130.36,NDOC1,"신갈역 초역세권, 특올수리, 채광좋은 예쁜집",25.07.02,"['25년이내', '올수리', '역세권', '방세개']",남향,20287112.611230437
경기도,용인시 기흥구,신갈동,도현마을현대(아이파크),매매,203동,저/15,690000000,130.36,OWNER,"넘깨끗,정상입주,초역세권",25.07.02,"['25년이내', '역세권', '방세개', '화장실두개']",남향,17497634.62718625
경기도,용인시 기흥구,신갈동,도현마을현대(아이파크),전세,207동,3/15,500000000,130.36,NONE,"올수리,넘깨긋,",25.07.14,"['25년이내', '올수리', '역세권', '방세개']",남향,12679445.382019022
경기도,용인시 기흥구,신갈동,도현마을현대(아이파크),매매,207동,2/15,720000000,130.36,NONE,정상입주가,25.07.01,"['25년이내', '역세권', '방세개', '화장실두개']",남향,18258401.350107394
경기도,용인시 기흥구,신갈동,도현마을현대(아이파크),매매,203동,1/15,690000000,130.36,NONE,"비확장기본집,정상입주가",25.07.01,"['25년이내', '역세권', '1층', '방세개']",남향,17497634.62718625
경기도,용인시 기흥구,신갈동,도현마을현대(아이파크),매매,203동,1/15,700000000,130.36,NONE,"올확장,정상입주,1분초역세권",25.06.30,"['25년이내', '역세권', '1층', '방세개']",남향,17751223.534826633
경기도,용인시 기흥구,신갈동,도현마을현대(아이파크),매매,201동,10/15,720000000,112.39,MOBL,"전체수리된집,상태깨끗함,초역세권,세낀매매가",25.07.18,"['25년이내', '역세권', '방세개', '화장실두개']",남향,21177731.114867873
경기도,용인시 기흥구,신갈동,도현마을현대(아이파크),매매,201동,13/15,720000000,112.39,NDOC1,"투자추천,전세4.5억안고, 전체수리, 초역세권",25.07.14,"['25년이내', '역세권', '방세개', '화장실두개']",남향,21177731.114867873
경기도,용인시 기흥구,신갈동,도현마을현대(아이파크),매매,201동,고/15,720000000,112.39,OWNER,"씽크대교체외상태깨끗함,초역세권, 협의입주가,잔금전수리가능함",25.07.19,"['25년이내', '역세권', '방세개', '화장실두개']",남향,21177731.114867873
경기도,용인시 기흥구,신갈동,도현마을현대(아이파크),매매,204동,저/15,730000000,112.39,OWNER,"오래된 수리, 방1확장.아주깨끗.",25.07.08,"['25년이내', '역세권', '화장실두개', '방세개']",남향,21471866.26924104
경기도,용인시 기흥구,신갈동,도현마을현대(아이파크),매매,201동,11/15,710000000,112.39,NDOC1,"입주일협의,주인거주,라인굿,신갈역초역세권",25.06.23,"['25년이내', '역세권', '방세개', '화장실두개']",남향,20883595.96049471
경기도,용인시 기흥구,신갈동,도현마을현대(아이파크),매매,201동,15/15,720000000,112.39,NONE,"빠른입주가,집상태아주양호함",25.07.01,"['25년이내', '역세권', '탑층', '방세개']",남향,21177731.114867873
경기도,용인시 기흥구,신갈동,도현마을현대(아이파크),매매,201동,1/15,730000000,112.39,NONE,"특올수리,입주협의",25.06.25,"['25년이내', '올수리', '역세권', '1층']",남향,21471866.26924104
경기도,용인시 기흥구,신갈동,도현마을현대(아이파크),매매,201동,11/15,750000000,112.39,NONE,정상입주.기본형,25.06.24,"['25년이내', '역세권', '방세개', '화장실두개']",남향,22060136.577987365
경기도,용인시 기흥구,신갈동,동오,매매,가동,2/5,210000000,63.46,OWNER,샤시 싱크대 화장실 거실확장등 올수리된 깨끗한 아파트 입주일협의,25.07.18,"['25년이상', '올수리', '방세개', '화장실한개']",서향,10939408.288685786
경기도,용인시 기흥구,신갈동,동오,매매,가동,3/5,230000000,63.46,OWNER,샷시 화장실 씽크대 교체됨,25.07.17,"['25년이상', '방세개', '화장실한개', '중층']",동향,11981256.697132053
경기도,용인시 기흥구,신갈동,동오,매매,가동,3/5,230000000,63.46,OWNER,"주인거주, 입주일 협의가,내외부샷시포함 올수리,투자추천",25.07.17,"['25년이상', '올수리', '방세개', '화장실한개']",서향,11981256.697132053
경기도,용인시 기흥구,신갈동,동오,전세,가동,2/5,150000000,63.46,OWNER,"주인거주중으로 협의입주가능, 부분수리로 깔끔, 도배 및 장판새로해줌",25.07.14,"['25년이상', '방세개', '화장실한개', '중층']",서향,7813863.06334699
경기도,용인시 기흥구,신갈동,동오,월세,가동,3/5,"2,000/70",63.46,DOC,새로 확장 수리한 투룸,25.07.17,"['25년이상', '방두개', '화장실한개', '중층']",동향,
경기도,용인시 기흥구,신갈동,동오,전세,가동,고/5,160000000,63.46,OWNER,,25.07.08,"['25년이상', '방세개', '화장실한개', '고층']",동향,8334787.267570123
경기도,용인시 기흥구,신갈동,동오,매매,가동,고/5,215000000,63.46,OWNER,,25.07.08,"['25년이상', '방세개', '화장실한개', '고층']",동향,11199870.390797352
경기도,용인시 기흥구,신갈동,동오,매매,가동,저/5,190000000,63.46,DOC,"급매, 신갈중 앞, 학군 우수 기흥구청 상권  전세입  투자",25.07.15,"['25년이상', '급매', '방세개', '화장실한개']",동향,9897559.880239522
경기도,용인시 기흥구,신갈동,동오,월세,나동,4/5,"2,000/63",60.97,OWNER,하시답사가능  빠른입주도 가능 샷시포함 올 수리됨,25.07.17,"['25년이상', '올수리', '소형평수', '방두개']",동향,
경기도,용인시 기흥구,신갈동,동오,매매,나동,5/5,215000000,60.97,OWNER,"세안고매매, 주방 화장실 LED등 교체완료, 컨디션좋음, 사진참고",25.07.10,"['25년이상', '소형평수', '탑층', '방두개']",동향,11657270.378874857
경기도,용인시 기흥구,신갈동,동오,매매,나동,4/5,193000000,60.96,OWNER,"샷시포함올수리,짧은세안고 소액투자,동향",25.07.15,"['25년이상', '올수리', '소형평수', '방두개']",동향,10466150.0164042
경기도,용인시 기흥구,신갈동,동오,매매,나동,4/5,215000000,60.96,OWNER,빠릉입주 가능 조용하고 살기좋은 가성비 좋은 아파트,25.07.08,"['25년이상', '소형평수', '방세개', '화장실한개']",동향,11659182.660761155
경기도,용인시 기흥구,신갈동,동오,매매,가동,4/5,190000000,60.96,OWNER,급 조정가 공실 계약 후 수리가능 합니다,25.07.03,"['25년이상', '소형평수', '방두개', '화장실한개']",동향,10303463.746719161
경기도,용인시 기흥구,신갈동,둥지,월세,1동,고/4,"1,000/50",75.5,OWNER,융자無.올리모델링.깨끗하게관리잘된집입니다.입주협의가능해요.,25.07.18,"['25년이상', '방두개', '화장실한개', '고층']",남향,
경기도,용인시 기흥구,신갈동,둥지,전세,1동,고/4,100000000,75.5,OWNER,융자無.올리모델링.깨끗하게관리잘된집입니다.입주협의가능해요.,25.07.18,"['25년이상', '방두개', '화장실한개', '고층']",남향,4378523.178807947
경기도,용인시 기흥구,신갈동,둥지,매매,1동,고/4,170000000,70.79,OWNER,,25.07.14,"['25년이상', '방두개', '화장실한개', '고층']",남향,7938740.641333521
경기도,용인시 기흥구,신갈동,둥지,매매,1동,고/4,250000000,70.79,OWNER,주차공간 넓고 등산로까지 조용히 거주하기 좋은집.상미 재개발 지역,25.07.03,"['25년이상', '방두개', '화장실한개', '고층']",남동향,11674618.590196356
경기도,용인시 기흥구,신갈동,둥지,전세,1동,1/4,110000000,70.79,DOC,"주차넉넉,텃밭,정자 공기좋아요,청년대출가능",25.06.27,"['25년이상', '융자금없는', '1층', '방두개']",남향,5136832.179686396
경기도,용인시 기흥구,신갈동,드림랜드,매매,101동,12/15,580000000,107.7,OWNER,"정상입주,주인거주로 샷시포함올수리된집,정남향",25.07.17,"['25년이상', '올수리', '방세개', '화장실두개']",남향,17802741.875580315
경기도,용인시 기흥구,신갈동,드림랜드,매매,101동,5/15,580000000,107.7,OWNER,"정상입주, 외부샷시포함 올수리된깨끗한집, 정남향,초중고 인접",25.07.17,"['25년이상', '올수리', '방세개', '화장실두개']",남향,17802741.875580315
경기도,용인시 기흥구,신갈동,드림랜드,매매,101동,6/15,480000000,107.7,OWNER,"입주협의가,실내수리로 내부 깔끔한 집",25.07.14,"['25년이상', '방세개', '화장실두개', '중층']",남향,14733303.621169915
경기도,용인시 기흥구,신갈동,드림랜드,매매,101동,고/15,530000000,107.7,OWNER,올수리 싱크대 화장실 수리 거실확장 남향 정상입주,25.07.18,"['25년이상', '올수리', '욕실수리', '방세개']",남향,16268022.748375116
경기도,용인시 기흥구,신갈동,드림랜드,전세,101동,13/15,320000000,107.7,OWNER,"내부는수리됨,상권우수,남향, 12월입주가",25.07.07,"['25년이상', '방세개', '화장실두개', '고층']",남향,9822202.414113278
경기도,용인시 기흥구,신갈동,드림랜드,매매,102동,9/15,470000000,107.7,OWNER,정상입주 탁트인뷰 상업지 근접 지하철 도보권 학세권,25.07.03,"['25년이상', '방세개', '화장실두개', '중층']",남향,14426359.795728875
경기도,용인시 기흥구,신갈동,드림랜드,매매,101동,13/15,600000000,107.7,OWNER,정상입주. 부분수리되어 아주 깨끗한집,25.06.30,"['25년이상', '방세개', '화장실두개', '고층']",남향,18416629.526462395
경기도,용인시 기흥구,신갈동,드림랜드,매매,101동,4/15,530000000,107.7,OWNER,"빠른입주가,내외부샷시포함올수리된 깔끔한집",25.06.30,"['25년이상', '올수리', '방세개', '화장실두개']",남향,16268022.748375116
경기도,용인시 기흥구,신갈동,드림랜드,매매,101동,3/15,500000000,107.7,OWNER,"세안고,실내올수리,재건축공시,슬리퍼상권,신갈역인접",25.06.30,"['25년이상', '올수리', '방세개', '화장실두개']",남향,15347191.272051997
경기도,용인시 기흥구,신갈동,드림랜드,매매,101동,중/15,580000000,107.7,DOC,"기흥구청 상권, 주인거주, 컨디션 굿 재건축 개발 호재",25.07.15,"['25년이상', '방세개', '화장실두개', '중층']",남향,17802741.875580315
경기도,용인시 기흥구,신갈동,드림랜드,매매,101동,11/15,500000000,107.7,OWNER,"입주협의가능,실내수리,재건축공시,슬리퍼상권,신갈역인접",25.06.26,"['25년이상', '방세개', '화장실두개', '고층']",남향,15347191.272051997
경기도,용인시 기흥구,신갈동,드림랜드,매매,101동,9/15,520000000,107.7,OWNER,정남향 확트인뷰 깨끗 부분 수리,25.06.24,"['25년이상', '방세개', '화장실두개', '중층']",남향,15961078.922934076
경기도,용인시 기흥구,신갈동,드림랜드,매매,101동,고/15,530000000,107.7,NONE,"올수리,신갈역 도보8분,초.중.고등학교 인접,상권좋음,남향,빠른입주가능",25.07.09,"['25년이상', '올수리', '방세개', '화장실두개']",남향,16268022.748375116
경기도,용인시 기흥구,신갈동,드림랜드,매매,101동,7/15,410000000,94,OWNER,샷시교체  화이트톤 올수리 입주일 협의 확트인 영구조망,25.07.15,"['25년이상', '올수리', '방세개', '화장실한개']",서향,14418849.468085106
경기도,용인시 기흥구,신갈동,드림랜드,매매,101동,2/15,380000000,94,OWNER,"입주협의가,실내수리깨끗,막힘없는뷰,학교100M내위치,슬리퍼상권",25.07.10,"['25년이상', '방세개', '화장실한개', '저층']",서향,13363811.70212766
경기도,용인시 기흥구,신갈동,드림랜드,매매,101동,3/15,435000000,94,OWNER,"주인거주입주협의가,실내수리,막힘없는뷰,학교100M내위치,슬리퍼상권",25.07.10,"['25년이상', '방세개', '화장실한개', '저층']",서향,15298047.606382981
경기도,용인시 기흥구,신갈동,드림랜드,매매,101동,8/15,510000000,94,DOC,"정상입주, 막힘없는뷰,학교100M내위치,슬리퍼상권",25.07.17,"['25년이상', '방세개', '화장실한개', '중층']",서향,17935642.021276597
경기도,용인시 기흥구,신갈동,드림랜드,매매,101동,13/15,410000000,94,OWNER,"짧은세안고,내외부샷시수리된집,막힘없는뷰",25.07.01,"['25년이상', '방세개', '화장실한개', '고층']",서향,14418849.468085106
경기도,용인시 기흥구,신갈동,드림랜드,매매,101동,5/15,430000000,94,DOC,세안고2026.3.15 입주 올 수리 외부샷시교체까지했어요,25.07.12,"['25년이상', '올수리', '화장실한개', '방세개']",남서향,15122207.978723405
경기도,용인시 기흥구,신갈동,드림랜드,매매,101동,14/15,430000000,94,DOC,확트인 전망 관리잘된 집 늦은 입주,25.07.08,"['25년이상', '방세개', '화장실한개', '고층']",서향,15122207.978723405
경기도,용인시 기흥구,신갈동,드림랜드,매매,101동,5/15,430000000,94,NONE,28P 내부올수리 샷시교체 26년 3월입주 협의 ,25.07.16,"['25년이상', '올수리', '방세개', '화장실한개']",남서향,15122207.978723405
경기도,용인시 기흥구,신갈동,드림랜드,매매,102동,9/15,365000000,71.3,DOC,"정상입주,주인거주실내깨끗,일정협의가능,슬리퍼상권,초중고인접",25.07.17,"['25년이상', '방두개', '화장실한개', '중층']",서향,16923022.791023847
경기도,용인시 기흥구,신갈동,드림랜드,매매,102동,11/15,350000000,71.3,DOC,"즉시입주가,실내외부샷시포함올수리,신혼부부에추천,비번있어요",25.07.17,"['25년이상', '올수리', '방두개', '화장실한개']",서향,16227556.100981768
경기도,용인시 기흥구,신갈동,드림랜드,매매,102동,저/15,300000000,71.3,OWNER,입주가능 아이키우기 좋은 집,25.07.08,"['25년이상', '방두개', '화장실한개', '저층']",서향,13909333.800841514
경기도,용인시 기흥구,신갈동,드림랜드,매매,102동,고/15,310000000,71.3,DOC,세안고 투자 강추,25.07.10,"['25년이상', '방두개', '화장실한개', '고층']",서향,14372978.260869564
경기도,용인시 기흥구,신갈동,드림랜드,매매,102동,15/15,320000000,71.3,DOC,세안고 투자 위치좋은 귀한 소형평수,25.07.01,"['25년이상', '소형평수', '탑층', '방두개']",서향,14836622.720897615
경기도,용인시 기흥구,신갈동,산양마을푸르지오,매매,603동,4/15,730000000,162.8,NDOC1,전세끼고매매  로얄동  전망굿  집깨끗,25.07.21,"['25년이내', '대형평수', '방네개이상', '화장실두개']",남향,14823237.407862408
경기도,용인시 기흥구,신갈동,산양마을푸르지오,전세,604동,1/15,430000000,162.8,OWNER,"텃밭,층간소음걱정무,융자무,입주협의",25.07.21,"['25년이내', '융자금없는', '1층', '대형평수']",남향,8731496.007371007
경기도,용인시 기흥구,신갈동,산양마을푸르지오,매매,604동,1/15,700000000,162.8,NDOC1,"정원있는 1층,집 깨끗,정남향 ,주차공간 여유",25.07.19,"['25년이내', '마당', '1층', '대형평수']",남향,14214063.267813267
경기도,용인시 기흥구,신갈동,산양마을푸르지오,매매,602동,11/13,750000000,162.8,NDOC1,"입주정상,남향,일조권 굿,로얄층,로얄동,지하주차장 연결,집상태 굿",25.07.18,"['25년이내', '대형평수', '방네개이상', '화장실두개']",남향,15229353.501228502
경기도,용인시 기흥구,신갈동,산양마을푸르지오,매매,607동,1/15,640000000,162.8,DOCV2,"세안고, 깨끗,남향",25.07.21,"['25년이내', '1층', '대형평수', '방네개이상']",남향,12995714.987714987
경기도,용인시 기흥구,신갈동,산양마을푸르지오,매매,604동,3/15,710000000,162.8,DOCV2,"세안고만기 25,11.29, 남향,깨끗",25.07.21,"['25년이내', '대형평수', '방네개이상', '화장실두개']",남향,14417121.314496316
경기도,용인시 기흥구,신갈동,산양마을푸르지오,매매,602동,3/13,750000000,162.8,MOBL,"최근특올수리,확장,화이트톤밝은집,세낀매매가,트인집여서 더환해요",25.07.11,"['25년이내', '올수리', '대형평수', '방네개이상']",남향,15229353.501228502
경기도,용인시 기흥구,신갈동,산양마을푸르지오,매매,602동,9/13,750000000,162.8,OWNER,협의입주 내부전체올수리 동층굿,25.07.11,"['25년이내', '올수리', '대형평수', '방네개이상']",남향,15229353.501228502
경기도,용인시 기흥구,신갈동,산양마을푸르지오,매매,602동,1/13,650000000,162.8,DOC,초급매 정원있는일층  부분수리된집  하시입주 ,25.07.21,"['25년이내', '마당', '1층', '급매']",남향,13198773.034398034
경기도,용인시 기흥구,신갈동,산양마을푸르지오,매매,607동,13/15,680000000,126.74,NDOC1,최근특올수리된집  협의입주  거실작은방 1개확장 주인거주하는집,25.07.21,"['25년이내', '올수리', '방한개', '화장실두개']",남향,17736577.24475304
경기도,용인시 기흥구,신갈동,산양마을푸르지오,매매,606동,3/15,640000000,126.74,OWNER,"남향,로얄동,부분수리,아주깨끗,실거주추천,입주협의",25.07.19,"['25년이내', '방세개', '화장실두개', '세대당 1.5대이상']",남향,16693249.171532273
경기도,용인시 기흥구,신갈동,산양마을푸르지오,매매,601동,15/15,660000000,126.74,OWNER,"전체 확장,트인 조망으로 채광 굿,아주 깨끗,주차 공간 여유",25.07.18,"['25년이내', '탑층', '방세개', '화장실두개']",남향,17214913.208142657
경기도,용인시 기흥구,신갈동,산양마을푸르지오,매매,605동,13/15,640000000,126.74,NDOC1,부분수리  화장실씽크대 수리된 주인거주하는 아주관리잘된집  입주협의 ,25.07.17,"['25년이내', '방세개', '화장실두개', '고층']",남향,16693249.171532273
경기도,용인시 기흥구,신갈동,산양마을푸르지오,매매,606동,12/15,650000000,126.74,NDOC1,로얄동  확장부분수리  협의입주  채광굿 ,25.07.14,"['25년이내', '방세개', '화장실두개', '고층']",남향,16954081.189837463
경기도,용인시 기흥구,신갈동,산양마을푸르지오,매매,601동,15/15,640000000,126.74,DOC,"로얄동,남향,빠른입주도 가능합니다.",25.07.21,"['25년이내', '탑층', '방세개', '화장실두개']",남향,16693249.171532273
경기도,용인시 기흥구,신갈동,산양마을푸르지오,전세,607동,7/15,430000000,126.74,DOC,올수리  입주청소 완료,25.07.21,"['25년이내', '올수리', '방세개', '화장실두개']",남향,11215776.787123246
경기도,용인시 기흥구,신갈동,산양마을푸르지오,매매,605동,13/15,650000000,126.74,OWNER,방1 확장  중 문 앞 트임,25.06.26,"['25년이내', '방세개', '화장실두개', '고층']",남향,16954081.189837463
경기도,용인시 기흥구,신갈동,삼익,매매,101동,12/18,450000000,126.74,OWNER,급 조정가 화장실 2개 씽크대 신발장 도배 장판 타일 전등 페인트 교체됨,25.07.19,"['25년이상', '방네개이상', '화장실두개', '중층']",남향,11737440.82373363
경기도,용인시 기흥구,신갈동,삼익,매매,101동,8/18,530000000,126.74,OWNER,최근  올수리후 첫 입주 방4 정남향,25.07.18,"['25년이상', '올수리', '방네개이상', '화장실두개']",남향,13824096.970175164
경기도,용인시 기흥구,신갈동,삼익,매매,101동,2/18,400000000,126.74,OWNER,급매 빠른입주 방4 실거주 추천 거실 방 확장형  햇살 좋음,25.07.15,"['25년이상', '급매', '방네개이상', '화장실두개']",남향,10433280.73220767
경기도,용인시 기흥구,신갈동,삼익,매매,101동,6/18,450000000,126.74,OWNER,정상입주 최근 씽크대 교체함 도배 장판 수리  주인거주 방4 정남향,25.07.15,"['25년이상', '방네개이상', '화장실두개', '저층']",남향,11737440.82373363
경기도,용인시 기흥구,신갈동,삼익,월세,101동,10/18,"5,000/150",126.74,NONE,"올수리,전망굿.깨끗합니다.",25.07.15,"['25년이상', '융자금없는', '올수리', '방네개이상']",남향,
경기도,용인시 기흥구,신갈동,삼익,매매,102동,18/18,380000000,108.43,OWNER,추천. 중문및방확장. 씽크대타일교체. 환기및채광탁월. 층간소음없음,25.07.21,"['25년이상', '탑층', '방세개', '화장실두개']",남향,11585338.928340865
경기도,용인시 기흥구,신갈동,삼익,매매,102동,14/18,380000000,108.43,OWNER,빠른입주 조정가 중문 붙박이장 씽크대 수리 원목마루,25.07.18,"['25년이상', '방세개', '화장실두개', '고층']",남향,11585338.928340865
경기도,용인시 기흥구,신갈동,삼익,매매,102동,13/18,380000000,108.43,OWNER,정상 화장실 씽크대 신발장 중문 방1확장 전체강화마루,25.07.04,"['25년이상', '방세개', '화장실두개', '고층']",남향,11585338.928340865
경기도,용인시 기흥구,신갈동,삼익,매매,102동,저/18,460000000,108.43,OWNER,샷시제외 올수리. 정남향. 주인거주. 입주협의,25.07.09,"['25년이상', '올수리', '방세개', '화장실두개']",남향,14024357.650096837
경기도,용인시 기흥구,신갈동,삼익,전세,101동,고/18,300000000,108.43,DOC,특올수리 9월 15일 이후 입주 정남향  조용하고 위치 좋은 집,25.06.28,"['25년이상', '올수리', '방세개', '화장실두개']",남향,9146320.206584893
경기도,용인시 기흥구,신갈동,삼익,매매,101동,5/18,330000000,82.76,OWNER,"빠른입주, 씽크대 욕실 도배 장판 신발장 수리 남향",25.07.08,"['25년이상', '방세개', '화장실한개', '신발장']",남향,13181597.994200097
경기도,용인시 기흥구,신갈동,삼익,매매,101동,고/18,330000000,82.76,DOC,반전세안고 조정가  씽크대 신발장 등 도배 장판 수리 확트인 뷰,25.06.24,"['25년이상', '방세개', '화장실한개', '고층']",남향,13181597.994200097
경기도,용인시 기흥구,신갈동,삼익,매매,101동,15/18,350000000,82.67,OWNER,정상입주 최근 외샷시포함 특올수리 단열시공 주인거주,25.07.18,"['25년이상', '올수리', '방세개', '화장실한개']",동향,13995702.794242168
경기도,용인시 기흥구,신갈동,삼익,매매,101동,12/18,350000000,82.67,OWNER,1011월사이 입주 선호라인입니다 씽크대 신발장교체됨,25.07.17,"['25년이상', '방세개', '화장실한개', '중층']",동향,13995702.794242168
경기도,용인시 기흥구,신갈동,삼익,매매,101동,3/18,360000000,82.67,OWNER,화장실 씽크대 신발장 전등 페인트  새로함,25.07.17,"['25년이상', '방세개', '화장실한개', '신발장']",동향,14395580.0169348
경기도,용인시 기흥구,신갈동,삼익,월세,101동,7/18,"1억 5,000/50",82.67,OWNER,씽크대 화장실 신발장 전등교체,25.07.07,"['25년이상', '방세개', '화장실한개', '중층']",동향,
경기도,용인시 기흥구,신갈동,삼익,매매,101동,저/18,300000000,82.67,DOC,하시  오래전에 수리  비번 보유 잔금전 인테리어 가능,25.06.24,"['25년이상', '방세개', '화장실한개', '저층']",동향,11996316.680779
경기도,용인시 기흥구,신갈동,삼익리베리움(도시형),월세,1동,5/14,500/60,28.96,NDOC1,신갈 I.C 부근 분리형 오피스텔  ,25.07.18,"['10년이내', '세대분리', '소형평수', '화장실한개']",남향,
경기도,용인시 기흥구,신갈동,삼익리베리움(도시형),매매,1동,중/14,900000000000,28.96,DOC,세안고투자 풀옵션 신축급 신갈ic인근,25.07.12,"['10년이내', '소형평수', '방한개', '화장실한개']",북향,102735031077.34807
경기도,용인시 기흥구,신갈동,삼익리베리움(도시형),월세,1동,중/14,500/60,28.96,NONE,,25.07.09,"['10년이내', '소형평수', '방한개', '화장실한개']",남향,
경기도,용인시 기흥구,신갈동,삼익리베리움(도시형),월세,1동,중/14,500/60,28.96,NONE,,25.07.08,"['10년이내', '소형평수', '방한개', '화장실한개']",서향,
경기도,용인시 기흥구,신갈동,새릉골풍림,매매,102동,15/17,750000000,109.27,NDOC1,올확장 샷시교체한집  주인거주하는 수리된집  역전세가능  입주협의가능 ,25.07.21,"['25년이내', '역세권', '방세개', '화장실두개']",남향,22690022.421524666
경기도,용인시 기흥구,신갈동,새릉골풍림,매매,103동,4/16,680000000,109.27,OWNER,"올확장, 샷시교체, 전체수리, 예쁜집, 신갈역1분, 트인조망,협의입주",25.07.19,"['25년이내', '역세권', '방세개', '화장실두개']",남향,20572286.995515697
경기도,용인시 기흥구,신갈동,새릉골풍림,매매,101동,3/16,685000000,109.27,NDOC1,"맨앞동 예쁜 전망, 수리, 입주가, 햇살가득",25.07.18,"['25년이내', '역세권', '방세개', '화장실두개']",남향,20723553.811659195
경기도,용인시 기흥구,신갈동,새릉골풍림,매매,104동,3/17,650000000,109.27,NDOC1,"추천, 공실, 신갈역 입구 바로앞, 채광굿",25.07.18,"['25년이내', '역세권', '방세개', '화장실두개']",남향,19664686.09865471
경기도,용인시 기흥구,신갈동,새릉골풍림,매매,105동,19/19,680000000,109.27,NDOC1,"월세안고26년만기, 전망굿, 부분수리 깨끗",25.07.18,"['25년이내', '역세권', '탑층', '방세개']",남향,20572286.995515697
경기도,용인시 기흥구,신갈동,새릉골풍림,매매,104동,17/17,650000000,109.27,OWNER,"입주가능,기본 ,저렴한가격",25.07.16,"['25년이내', '역세권', '화장실두개', '탑층']",남향,19664686.09865471
경기도,용인시 기흥구,신갈동,새릉골풍림,매매,104동,5/17,730000000,109.27,NDOC1,초역세권 신갈역도보1분 집상태깨끗 입주협의,25.07.11,"['25년이내', '역세권', '방세개', '화장실두개']",남향,22084955.156950675
경기도,용인시 기흥구,신갈동,새릉골풍림,매매,102동,1/17,615000000,109.27,OWNER,"일부수리한집,상태좋음,입주협의가",25.07.10,"['25년이내', '역세권', '1층', '방세개']",남향,18605818.385650225
경기도,용인시 기흥구,신갈동,새릉골풍림,매매,105동,고/19,720000000,109.27,NDOC1,"입주정상,남향,전망굿,최근 내부 올수리,집상태 굿,신갈역 초역세권",25.07.15,"['25년이내', '올수리', '역세권', '방세개']",남향,21782421.52466368
경기도,용인시 기흥구,신갈동,새릉골풍림,매매,105동,18/19,750000000,109.27,DOC,"샤시포함 전체특수리, 전망최고, 빠른입주가능",25.07.18,"['25년이내', '역세권', '방세개', '화장실두개']",남향,22690022.421524666
경기도,용인시 기흥구,신갈동,새릉골풍림,매매,104동,2/17,640000000,109.27,NDOC2,"신갈초역세권,집깨끗,빠른입주가능",25.07.14,"['25년이내', '역세권', '방세개', '화장실두개']",남향,19362152.466367714
경기도,용인시 기흥구,신갈동,새릉골풍림,매매,104동,9/17,700000000,109.27,NDOC1,"전세안고, 부분수리, 깨끗, 라인굿",25.07.03,"['25년이내', '역세권', '방세개', '화장실두개']",남향,21177354.260089688
경기도,용인시 기흥구,신갈동,새릉골풍림,매매,105동,1/19,630000000,109.27,NDOC1,"2층높이,채광굿,거실및방확장, 아주깨끗",25.07.03,"['25년이내', '역세권', '1층', '방세개']",남향,19059618.834080722
경기도,용인시 기흥구,신갈동,새릉골풍림,매매,105동,14/19,700000000,109.27,DOC,"부분수리, 전망굿, 입주협의가, 초역세권",25.07.11,"['25년이내', '역세권', '방세개', '화장실두개']",남향,21177354.260089688
경기도,용인시 기흥구,신갈동,새릉골풍림,전세,101동,5/16,400000000,109.27,DOC,"O공동불가O11월초,방1 거실확장,도배장판, 채광전망 좋음,월세가능",25.07.05,"['25년이내', '역세권', '방세개', '화장실두개']",남향,12101345.291479822
경기도,용인시 기흥구,신갈동,새릉골풍림,매매,105동,18/19,700000000,109.27,DOC,"도서관전망굿, 부분수리, 깨끗, 입주가능",25.07.04,"['25년이내', '역세권', '방세개', '화장실두개']",남향,21177354.260089688
경기도,용인시 기흥구,신갈동,새릉골풍림,매매,103동,9/16,680000000,109.27,DOC,"날짜협의가능, 신갈역초역세, 전체확장형",25.07.04,"['25년이내', '역세권', '방세개', '화장실두개']",남향,20572286.995515697
경기도,용인시 기흥구,신갈동,새릉골풍림,매매,102동,고/17,720000000,109.27,NDOC1,집상태아주깨끗 만골공원전망 로얄동 신갈역초역세권,25.06.30,"['25년이내', '역세권', '방세개', '화장실두개']",남향,21782421.52466368
경기도,용인시 기흥구,신갈동,새릉골풍림,매매,104동,10/17,700000000,109.27,DOC,"반전세 세안고, 부분수리 , 깨끗",25.07.03,"['25년이내', '역세권', '방세개', '화장실두개']",남향,21177354.260089688
경기도,용인시 기흥구,신갈동,새릉골풍림,매매,104동,고/17,700000000,109.27,DOC,"내부수리된집, 전세안고, 전망굿, 투자굿",25.07.07,"['25년이내', '역세권', '방세개', '화장실두개']",남향,21177354.260089688
경기도,용인시 기흥구,신갈동,새릉골풍림,매매,104동,1/17,670000000,109.27,DOC,"입주가,방2개확장,채광굿,아이키우기 좋아요",25.06.25,"['25년이내', '역세권', '1층', '방두개']",남향,20269753.3632287
경기도,용인시 기흥구,신갈동,새릉골풍림,매매,104동,고/17,750000000,109.27,DOC,"샤시 및 올수리, 전세안고, 라인굿, 초역세권",25.06.27,"['25년이내', '올수리', '역세권', '방세개']",남향,22690022.421524666
경기도,용인시 기흥구,신갈동,새릉골풍림,월세,101동,5/16,1억/120,109.27,NONE,"11월초,채광전망 좋은 앞동, 확장,도배장판",25.07.05,"['25년이내', '역세권', '방세개', '화장실두개']",남향,
경기도,용인시 기흥구,신갈동,새릉골풍림,매매,102동,1/17,615000000,109.27,NONE,"수리한집,정상입주가",25.07.01,"['25년이내', '역세권', '1층', '방세개']",남향,18605818.385650225
경기도,용인시 기흥구,신갈동,신갈정문,매매,1동,13/18,270000000,92.17,OWNER,씽크대 신발장 전등 교체됨,25.07.12,"['25년이상', '방세개', '화장실한개', '고층']",남향,9683866.225452969
경기도,용인시 기흥구,신갈동,신갈정문,매매,1동,8/18,290000000,92.17,DOCV2,햇살가득남향  씽크대  화장실 샷시교체   별도창고있음,25.07.05,"['25년이상', '방세개', '화장실한개', '중층']",남향,10401189.649560595
경기도,용인시 기흥구,신갈동,신갈정문,매매,1동,저/18,250000000,92.17,DOC,,25.07.16,"['25년이상', '방세개', '화장실한개', '저층']",동향,8966542.80134534
경기도,용인시 기흥구,신갈동,신갈정문,매매,1동,6/18,260000000,92.17,OWNER,월세안고 매매 거실내부샷시 중문 씽크대 전등교체됨 남향이라 일조량 풍부,25.06.27,"['25년이상', '방세개', '화장실한개', '세안고']",남향,9325204.513399154
경기도,용인시 기흥구,신갈동,신갈정문,매매,1동,8/18,290000000,92.17,NONE,해잘드는 남향  화장실 씽크대수리  창고있음,25.07.11,"['25년이상', '방세개', '화장실한개', '중층']",남향,10401189.649560595
경기도,용인시 기흥구,신갈동,신갈정문,매매,1동,13/18,270000000,92.17,NONE,"로얄층,전망나옴,주변상권최고,초중고인접",25.07.10,"['25년이상', '방세개', '화장실한개', '고층']",남향,9683866.225452969
경기도,용인시 기흥구,신갈동,신갈정문,매매,1동,13/18,270000000,78.4,OWNER,입주일 협의가능 샷시포함 전체 올 수리됨 남향 일조량 풍부 트인뷰 중간,25.07.19,"['25년이상', '올수리', '방세개', '화장실한개']",남향,11384718.75
경기도,용인시 기흥구,신갈동,신갈정문,매매,1동,11/18,260000000,78.4,OWNER,정남향 확트인뷰 싱크대교체 관리잘된 집,25.07.18,"['25년이상', '주방교체', '방세개', '화장실한개']",남향,10963062.5
경기도,용인시 기흥구,신갈동,신갈정문,매매,1동,9/18,285000000,78.4,OWNER,전체 샷시교체 및 올 인테리어화장실 씽크대 신발장 중문설치 붙박이장 등,25.07.11,"['25년이상', '방세개', '화장실한개', '중층']",남향,12017203.125
경기도,용인시 기흥구,신갈동,신갈정문,매매,1동,5/18,250000000,78.4,NONE,월세안고  씽크대교체 12월입주,25.07.18,"['25년이상', '방세개', '화장실한개', '관리비20만원이하']",남향,10541406.25
경기도,용인시 기흥구,신갈동,신갈현대(인성마을),전세,102동,4/17,380000000,104.86,MOBL,"샷시포함올수리한집,상태깨끗함,11월초입주가",25.07.18,"['25년이상', '올수리', '역세권', '방세개']",남동향,11979766.355140187
경기도,용인시 기흥구,신갈동,신갈현대(인성마을),매매,101동,3/13,470000000,104.86,OWNER,급매 씽크대 욕실 수리 신갈역 도보 5분,25.07.11,"['25년이상', '역세권', '욕실수리', '급매']",남동향,14817079.439252337
경기도,용인시 기흥구,신갈동,신갈현대(인성마을),매매,102동,3/17,530000000,104.86,OWNER,"최근인테리어,전세3.3억 세안고 매매입니다",25.07.04,"['25년이상', '역세권', '방세개', '화장실두개']",남향,16708621.495327106
경기도,용인시 기흥구,신갈동,신갈현대(인성마을),매매,101동,6/13,520000000,104.86,DOC,세안고 깨끗함,25.07.11,"['25년이상', '역세권', '방세개', '화장실두개']",남동향,16393364.485981312
경기도,용인시 기흥구,신갈동,신갈현대(인성마을),매매,102동,1/17,490000000,104.86,NONE,"특올수리,정상입주,역세권",25.06.24,"['25년이상', '올수리', '역세권', '1층']",남향,15447593.457943927
경기도,용인시 기흥구,신갈동,신갈현대(인성마을),전세,102동,3/17,300000000,82.98,OWNER,"신갈역 도보 5분, 올수리, 신혼부부 환영  9월25 일 입주 가능",25.07.21,"['25년이상', '올수리', '역세권', '방세개']",남서향,11951500.3615329
경기도,용인시 기흥구,신갈동,신갈현대(인성마을),매매,101동,13/13,410000000,82.98,OWNER,전망 좋고 화장실 씽크대 작은방 붙박이장 타일  조명 복도샷시,25.07.17,"['25년이상', '역세권', '탑층', '방세개']",남서향,16333717.160761628
경기도,용인시 기흥구,신갈동,신갈현대(인성마을),월세,101동,중/13,"5,000/95",82.98,OWNER,"수리된집,상태깨끗한집 정상입주가",25.07.02,"['25년이상', '역세권', '방세개', '화장실한개']",남서향,
경기도,용인시 기흥구,신갈동,신갈현대(인성마을),매매,102동,17/17,450000000,82.98,OWNER,"고층 공원전망굿, 투자실거주 추천, 입주협의",25.06.23,"['25년이상', '역세권', '탑층', '방세개']",남서향,17927250.54229935
경기도,용인시 기흥구,신갈동,신미주,매매,102동,10/20,325000000,112.06,OWNER,추천 주인거주  방1확장 씽크대  욕실2최근 수리 정남향,25.07.21,"['25년이상', '방세개', '화장실두개', '중층']",남향,9587543.503480278
경기도,용인시 기흥구,신갈동,신미주,전세,102동,6/20,300000000,112.06,OWNER,외부샷시 화장실 씽크대 도배 강화마루  수리 로얄 동호수 확트인 뷰,25.07.21,"['25년이상', '방세개', '화장실두개', '저층']",남향,8850040.15705872
경기도,용인시 기흥구,신갈동,신미주,매매,101동,18/20,355000000,112.06,OWNER,화장실 씽크대 신발장 전등교체됨 앞 뒤 시원하게  트인 뷰,25.07.19,"['25년이상', '방세개', '화장실두개', '고층']",남향,10472547.51918615
경기도,용인시 기흥구,신갈동,신미주,매매,102동,9/20,400000000,112.06,OWNER,전체 샷시포함 올 수리  전망 잘 나오고 일조량 풍부합니다,25.07.12,"['25년이상', '올수리', '방세개', '화장실두개']",동향,11800053.542744959
경기도,용인시 기흥구,신갈동,신미주,매매,102동,4/20,350000000,112.06,OWNER,샷시제외수리 작은방확장 깔끔하게관리,25.07.12,"['25년이상', '방세개', '화장실두개', '주차가능']",동향,10325046.849901838
경기도,용인시 기흥구,신갈동,신미주,매매,102동,7/20,335000000,112.06,DOC,시세대비 저렴  기본 잔금전  인테리어 가능,25.07.18,"['25년이상', '방세개', '화장실두개', '중층']",남향,9882544.842048902
경기도,용인시 기흥구,신갈동,신미주,매매,102동,6/20,370000000,112.06,OWNER,"정상입주,샷시포함 올수리된집,정남향",25.07.03,"['25년이상', '올수리', '방세개', '화장실두개']",남향,10915049.527039086
경기도,용인시 기흥구,신갈동,신미주,매매,102동,19/20,360000000,112.06,NDOC1,올수리된 깔끔한 집,25.07.02,"['25년이상', '올수리', '방세개', '화장실두개']",남향,10620048.188470464
경기도,용인시 기흥구,신갈동,신미주,매매,102동,6/20,360000000,112.06,OWNER,화장실 수리 안방붙박이장,25.07.01,"['25년이상', '욕실수리', '방세개', '화장실두개']",동향,10620048.188470464
경기도,용인시 기흥구,신갈동,신미주,매매,102동,중/20,335000000,112.06,NONE,급매 하시 기본 트인 남향 잔금전 인테리어 가능,25.06.25,"['25년이상', '급매', '방세개', '화장실두개']",남향,9882544.842048902
경기도,용인시 기흥구,신갈동,신미주,매매,101동,1/20,260000000,78.11,OWNER,입주  2년전 외샷시포함 올수리,25.07.21,"['25년이상', '올수리', '1층', '방두개']",서향,11003765.202918962
경기도,용인시 기흥구,신갈동,신미주,전세,101동,3/20,230000000,78.11,OWNER,거실확장 화장실 씽크대 신발장 전등교체됨,25.07.19,"['25년이상', '방두개', '화장실한개', '신발장']",서향,9734099.987197543
경기도,용인시 기흥구,신갈동,신미주,월세,101동,12/20,"2,000/100",78.11,OWNER,즉시입주 올수리됨  신갈역 기흥역도보 로얄라인,25.07.17,"['25년이상', '올수리', '방두개', '화장실한개']",서향,
경기도,용인시 기흥구,신갈동,신미주,매매,101동,14/20,300000000,78.11,OWNER,화장실 씽크대 신발장 교체됨,25.07.12,"['25년이상', '방두개', '화장실한개', '고층']",서향,12696652.157214185
경기도,용인시 기흥구,신갈동,신미주,매매,101동,19/20,275000000,78.11,OWNER,사진많으니둘러보세요 로열층 수리잘된집 세안고 갭4천,25.07.11,"['25년이상', '방두개', '화장실한개', '고층']",서향,11638597.81077967
경기도,용인시 기흥구,신갈동,신미주,전세,101동,12/20,230000000,78.11,OWNER,하시 조정가 씽크대 화장실 수리 도배  베란다 탄성완료,25.07.10,"['25년이상', '융자금없는', '욕실수리', '방두개']",서향,9734099.987197543
경기도,용인시 기흥구,신갈동,신미주,전세,101동,12/20,230000000,78.11,NONE,융무 허그대출o  화장실 씽크대 내부샷시교체 ,25.06.24,"['25년이상', '방두개', '화장실한개', '중층']",서향,9734099.987197543
경기도,용인시 기흥구,신갈동,신흥덕롯데캐슬레이시티,매매,101동,16/34,750000000,113.09,OWNER,추천.시스템에어컨6대.김치냉장고.중문.룸4개.주인거주로관리잘된좋은집입니다,25.07.21,"['10년이내', '대단지', '방세개', '화장실두개']",남동향,21923589.618887614
경기도,용인시 기흥구,신갈동,신흥덕롯데캐슬레이시티,매매,104동,13/34,730000000,113.09,OWNER,강추.조용한로얄동.중문.에어컨.화이트톤의밝고넘예쁜집.관리최상.입주협의해요,25.07.21,"['10년이내', '대단지', '방세개', '화장실두개']",남동향,21338960.562383942
경기도,용인시 기흥구,신갈동,신흥덕롯데캐슬레이시티,매매,104동,26/34,700000000,113.09,OWNER,시스템에어컨 2대 식기세척기 중문 확트인 전망,25.07.21,"['10년이내', '대단지', '방세개', '화장실두개']",남동향,20462016.97762844
경기도,용인시 기흥구,신갈동,신흥덕롯데캐슬레이시티,매매,110동,25/33,720000000,113.09,OWNER,추천.지하3층연결된선호동.1도막힘없는뷰.주인거주로관리잘된집입니다.입주협의,25.07.19,"['10년이내', '대단지', '방세개', '화장실두개']",남서향,21046646.034132108
경기도,용인시 기흥구,신갈동,신흥덕롯데캐슬레이시티,매매,101동,1/34,700000000,113.09,OWNER,"시스템에어컨6대,친환경벽지,인덕션,조용하고 트인뷰,새집같이관리가잘된집",25.07.18,"['10년이내', '대단지', '1층', '방세개']",남동향,20462016.97762844
경기도,용인시 기흥구,신갈동,신흥덕롯데캐슬레이시티,매매,110동,12/33,690000000,113.09,OWNER,"관리잘된집,탁트인뷰,입주협의해요",25.07.17,"['10년이내', '대단지', '방세개', '화장실두개']",남서향,20169702.449376605
경기도,용인시 기흥구,신갈동,신흥덕롯데캐슬레이시티,매매,101동,25/34,710000000,113.09,OWNER,"조용하고 트인뷰,주인거주 과리잘된집,입주협의해요",25.07.17,"['10년이내', '대단지', '방세개', '화장실두개']",북향,20754331.505880274
경기도,용인시 기흥구,신갈동,신흥덕롯데캐슬레이시티,매매,101동,10/34,690000000,113.09,OWNER,"조용한 단지조망, 주인거주로 관리잘된집, 붙박이장,거실장",25.07.17,"['10년이내', '대단지', '방세개', '화장실두개']",남동향,20169702.449376605
경기도,용인시 기흥구,신갈동,신흥덕롯데캐슬레이시티,매매,101동,12/34,750000000,113.09,OWNER,조용하고예쁜단지뷰.중문.에어컨.김치냉장고.음식물처리기외옵션굿.입주협의가능,25.07.15,"['10년이내', '대단지', '방세개', '화장실두개']",남동향,21923589.618887614
경기도,용인시 기흥구,신갈동,신흥덕롯데캐슬레이시티,매매,109동,고/34,750000000,113.09,OWNER,"갭투추천,시스템에어컨5대,중문,인덕션,김냉,로얄동의고층의최고의뷰,조정가능",25.07.21,"['10년이내', '대단지', '방세개', '화장실두개']",남동향,21923589.618887614
경기도,용인시 기흥구,신갈동,신흥덕롯데캐슬레이시티,매매,110동,고/33,830000000,113.09,OWNER,환상적인뷰.중문.알파룸.투인원에어컨.빌트인김치냉장고.주인거주로관리잘된집.,25.07.21,"['10년이내', '대단지', '방세개', '화장실두개']",남서향,24262105.84490229
경기도,용인시 기흥구,신갈동,신흥덕롯데캐슬레이시티,매매,110동,20/33,770000000,113.09,OWNER,탁트인시원한뷰.시스템에어컨.중문.인덕션.관리잘된깨끗한집.입주협의해요.,25.07.14,"['10년이내', '대단지', '방세개', '화장실두개']",남서향,22508218.675391283
경기도,용인시 기흥구,신갈동,신흥덕롯데캐슬레이시티,매매,109동,중/34,725000000,113.09,OWNER,탁트인시원한뷰.시스템에어컨5대.중문.인덕션외옵션굿.햇살좋은집추천해요.,25.07.19,"['10년이내', '대단지', '방세개', '화장실두개']",남동향,21192803.298258025
경기도,용인시 기흥구,신갈동,신흥덕롯데캐슬레이시티,매매,101동,중/34,710000000,113.09,OWNER,알파룸 중문 식기세척기 입주협의가능,25.07.18,"['10년이내', '대단지', '방세개', '화장실두개']",남동향,20754331.505880274
경기도,용인시 기흥구,신갈동,신흥덕롯데캐슬레이시티,매매,110동,29/33,735000000,113.09,NDOC1,"투인원 에어컨, 중문, 펜트리, 채광좋은 집",25.07.11,"['10년이내', '대단지', '방세개', '화장실두개']",남서향,21485117.82650986
경기도,용인시 기흥구,신갈동,신흥덕롯데캐슬레이시티,매매,104동,저/34,710000000,113.09,OWNER,중문 식세기  인덕션   채광좋은집,25.07.16,"['10년이내', '대단지', '방세개', '화장실두개']",남서향,20754331.505880274
경기도,용인시 기흥구,신갈동,신흥덕롯데캐슬레이시티,매매,110동,중/33,730000000,113.09,OWNER,지하3층연결동.화이트톤의벽지.LED등교체.깨끗하고밝은집.입주협의가능,25.07.16,"['10년이내', '대단지', '방세개', '화장실두개']",남서향,21338960.562383942
경기도,용인시 기흥구,신갈동,신흥덕롯데캐슬레이시티,매매,101동,11/34,720000000,113.09,OWNER,"추천, 시스템에어컨4대, 조용하고 깨끗이 정돈된 집이에요",25.07.08,"['10년이내', '대단지', '방세개', '화장실두개']",남동향,21046646.034132108
경기도,용인시 기흥구,신갈동,신흥덕롯데캐슬레이시티,매매,104동,중/34,710000000,113.09,OWNER,"인덕션,식기세척기,중문,관리질된집,조용한 단지뷰,입주협의해요",25.07.14,"['10년이내', '대단지', '방세개', '화장실두개']",남동향,20754331.505880274
경기도,용인시 기흥구,신갈동,신흥덕롯데캐슬레이시티,매매,109동,중/34,760000000,113.09,OWNER,"로얄동,시스템에어컨,중문,입주협의해요",25.07.14,"['10년이내', '대단지', '방세개', '화장실두개']",남동향,22215904.14713945
경기도,용인시 기흥구,신갈동,신흥덕롯데캐슬레이시티,매매,109동,저/34,730000000,113.09,OWNER,지하3층연결동.막힘없는뷰.중문.에어컨.식세기.깨끗하게관리잘된집.입주협의,25.07.12,"['10년이내', '대단지', '방세개', '화장실두개']",남동향,21338960.562383942
경기도,용인시 기흥구,신갈동,신흥덕롯데캐슬레이시티,매매,110동,6/33,710000000,113.09,OWNER,중문  세안고 매매,25.07.05,"['10년이내', '대단지', '방세개', '화장실두개']",남서향,20754331.505880274
경기도,용인시 기흥구,신갈동,신흥덕롯데캐슬레이시티,매매,110동,고/33,750000000,113.09,OWNER,"막힌없는 뻥뷰,중문,인덕션,새집같이 관리가잘된집,입주협의해요",25.07.11,"['10년이내', '대단지', '방세개', '화장실두개']",남서향,21923589.618887614
경기도,용인시 기흥구,신갈동,신흥덕롯데캐슬레이시티,매매,110동,중/33,750000000,113.09,OWNER,"중문,인덕션,식세기,안방붙박이장,지하3층연결되고 확트인 전망",25.07.09,"['10년이내', '대단지', '방세개', '화장실두개']",남서향,21923589.618887614
경기도,용인시 기흥구,신갈동,신흥덕롯데캐슬레이시티,매매,104동,중/34,700000000,113.09,OWNER,"시스템에어컨2대,조용하고탁트인전망,언제나 새집같이예쁜집",25.07.09,"['10년이내', '대단지', '방세개', '화장실두개']",남동향,20462016.97762844
경기도,용인시 기흥구,신갈동,신흥덕롯데캐슬레이시티,매매,110동,중/33,770000000,113.09,OWNER,시스템에어컨5대 중문 인덕션 올인테리어로 깨끗하고 뷰 아주좋음,25.07.08,"['10년이내', '대단지', '방세개', '화장실두개']",남서향,22508218.675391283
경기도,용인시 기흥구,신갈동,신흥덕롯데캐슬레이시티,매매,110동,29/33,735000000,113.09,OWNER,"시스템에어컨2대,중문,탄성",25.06.26,"['10년이내', '대단지', '방세개', '화장실두개']",남서향,21485117.82650986
경기도,용인시 기흥구,신갈동,신흥덕롯데캐슬레이시티,전세,104동,고/34,500000000,113.09,OWNER,"시스템에어컨6,냉장고장,입주협의해요",25.07.02,"['10년이내', '대단지', '방세개', '화장실두개']",남동향,14615726.412591742
경기도,용인시 기흥구,신갈동,신흥덕롯데캐슬레이시티,매매,109동,저/34,750000000,113.09,OWNER,투인원에어컨 중문 음식물처리기 로얄동  확트인 뷰,25.07.02,"['10년이내', '대단지', '방세개', '화장실두개']",남동향,21923589.618887614
경기도,용인시 기흥구,신갈동,신흥덕롯데캐슬레이시티,매매,109동,고/34,750000000,113.09,OWNER,막힘없는뷰  세안고 매매,25.06.30,"['10년이내', '대단지', '방세개', '화장실두개']",남동향,21923589.618887614
경기도,용인시 기흥구,신갈동,신흥덕롯데캐슬레이시티,매매,109동,저/34,730000000,113.09,OWNER,예쁜집추천.시스템에어컨3대.식세기.인덕션.팬트리.깨끗하게관리잘된집입니다.,25.06.30,"['10년이내', '대단지', '방세개', '화장실두개']",남동향,21338960.562383942
경기도,용인시 기흥구,신갈동,신흥덕롯데캐슬레이시티,매매,104동,고/34,800000000,113.09,OWNER,모델하우스처럼예쁜집.관리최상.시스템에어컨6대.중문.인덕션등풀옵션.입주협의,25.06.30,"['10년이내', '대단지', '방세개', '화장실두개']",남동향,23385162.260146786
경기도,용인시 기흥구,신갈동,신흥덕롯데캐슬레이시티,매매,105동,16/34,635000000,97.85,OWNER,시스템에어컨3대.중문.식세기.인덕션외옵션다수.조용한동.트인뷰.입주협의가능,25.07.21,"['10년이내', '대단지', '방세개', '화장실두개']",남서향,21452973.68421053
경기도,용인시 기흥구,신갈동,신흥덕롯데캐슬레이시티,매매,109동,4/34,600000000,97.85,NDOC1,"확트인뷰, 지하3층 연결된 편리한 동, 컨디션 좋은집이에요.",25.07.21,"['10년이내', '대단지', '화장실두개', '방세개']",남동향,20270526.315789476
경기도,용인시 기흥구,신갈동,신흥덕롯데캐슬레이시티,매매,111동,2/32,600000000,97.85,OWNER,편리한동 의 깨끗한집,25.07.21,"['10년이내', '대단지', '방세개', '화장실두개']",남서향,20270526.315789476
경기도,용인시 기흥구,신갈동,신흥덕롯데캐슬레이시티,매매,111동,6/32,620000000,97.85,OWNER,지하3층연결동으로대중교통이용편리.인덕션.주인거주로관리잘된집.입주협의,25.07.19,"['10년이내', '대단지', '방세개', '화장실두개']",남서향,20946210.526315793
경기도,용인시 기흥구,신갈동,신흥덕롯데캐슬레이시티,매매,107동,30/34,635000000,97.85,OWNER,지하3층연결동.에어컨.중문.식세기.빌트인냉장고외옵션다수.입주협의가능해요.,25.07.19,"['10년이내', '대단지', '방세개', '화장실두개']",남서향,21452973.68421053
경기도,용인시 기흥구,신갈동,신흥덕롯데캐슬레이시티,매매,105동,13/34,620000000,97.85,NDOC1,시스템에어컨4대  인덕션  중문 깨끗한집,25.07.18,"['10년이내', '대단지', '방세개', '화장실두개']",남서향,20946210.526315793
경기도,용인시 기흥구,신갈동,신흥덕롯데캐슬레이시티,매매,105동,24/34,610000000,97.85,OWNER,시스템에어컨2대,25.07.18,"['10년이내', '대단지', '방세개', '화장실두개']",남서향,20608368.421052635
경기도,용인시 기흥구,신갈동,신흥덕롯데캐슬레이시티,매매,109동,1/34,620000000,97.85,OWNER,"화이트인테리어,중문,입주협의해요",25.07.16,"['10년이내', '대단지', '1층', '방세개']",남동향,20946210.526315793
경기도,용인시 기흥구,신갈동,신흥덕롯데캐슬레이시티,매매,109동,33/34,630000000,97.85,OWNER,"환상적인 확트인 뷰, 시스템에어컨2, 새집처럼관리된 집이에요",25.07.15,"['10년이내', '대단지', '방세개', '화장실두개']",남동향,21284052.63157895
경기도,용인시 기흥구,신갈동,신흥덕롯데캐슬레이시티,매매,111동,중/32,610000000,97.85,NDOC1,"정류장 가까운 생활하기 편리한 동, 확트인뷰",25.07.19,"['10년이내', '대단지', '화장실두개', '방세개']",남동향,20608368.421052635
경기도,용인시 기흥구,신갈동,신흥덕롯데캐슬레이시티,매매,105동,저/34,590000000,97.85,OWNER,"로얄동,관리잘된집,입주협의해요",25.07.17,"['10년이내', '대단지', '방세개', '화장실두개']",남서향,19932684.210526317
경기도,용인시 기흥구,신갈동,신흥덕롯데캐슬레이시티,매매,111동,29/32,700000000,97.85,OWNER,전체화이톤으로인테리어한예쁜집입니다.시스템에어컨4.중문.펜트리.아치형유리문,25.07.10,"['10년이내', '대단지', '방세개', '화장실두개']",남서향,23648947.368421055
경기도,용인시 기흥구,신갈동,신흥덕롯데캐슬레이시티,매매,105동,저/34,570000000,97.85,OWNER,"아름다운 단지조망. 중문,인덕션,빌트인김치냉장고등 옵션좋아요.",25.07.16,"['10년이내', '대단지', '방세개', '화장실두개']",남서향,19257000.0
경기도,용인시 기흥구,신갈동,신흥덕롯데캐슬레이시티,매매,111동,저/32,630000000,97.85,OWNER,확트인전망. 시스템에어컨2대.중문. 인덕션. 관리상태 좋아요,25.07.16,"['10년이내', '대단지', '방세개', '화장실두개']",남서향,21284052.63157895
경기도,용인시 기흥구,신갈동,신흥덕롯데캐슬레이시티,매매,105동,저/34,630000000,97.85,OWNER,"조정가능,에어컨,조용한 단지조망,입주협의해요",25.07.12,"['10년이내', '대단지', '방세개', '화장실두개']",남동향,21284052.63157895
경기도,용인시 기흥구,신갈동,신흥덕롯데캐슬레이시티,월세,107동,고/34,"3,000/180",97.85,NDOC1,"탁 트인 전망, 지하3층연결된 편리한동, 깨끗한집이에요",25.07.09,"['10년이내', '대단지', '화장실두개', '방세개']",남서향,
경기도,용인시 기흥구,신갈동,신흥덕롯데캐슬레이시티,매매,105동,중/34,650000000,97.85,OWNER,"즉시입주가능,조용하고,확트인뷰,깔끔해요",25.07.08,"['10년이내', '대단지', '화장실두개', '방세개']",남서향,21959736.842105266
경기도,용인시 기흥구,신갈동,신흥덕롯데캐슬레이시티,매매,105동,중/34,630000000,97.85,OWNER,주방확장 채광좋음,25.07.05,"['10년이내', '대단지', '방세개', '화장실두개']",남서향,21284052.63157895
경기도,용인시 기흥구,신갈동,신흥덕롯데캐슬레이시티,매매,109동,고/34,650000000,97.85,OWNER,시스템에어컨2대  뷰가 아주 좋아요,25.07.05,"['10년이내', '대단지', '방세개', '화장실두개']",남동향,21959736.842105266
경기도,용인시 기흥구,신갈동,신흥덕롯데캐슬레이시티,매매,107동,중/34,670000000,97.85,OWNER,올 인테리어  아주깨끗해요,25.07.03,"['10년이내', '대단지', '방세개', '화장실두개']",남서향,22635421.052631583
경기도,용인시 기흥구,신갈동,신흥덕롯데캐슬레이시티,매매,105동,중/34,630000000,97.85,OWNER,	에어컨 중문 주방확장 안방붙박이장 깨끗한집,25.07.03,"['10년이내', '대단지', '방세개', '화장실두개']",남서향,21284052.63157895
경기도,용인시 기흥구,신갈동,신흥덕롯데캐슬레이시티,매매,109동,1/34,610000000,97.85,NDOC1,"중문, 빌트인 김치냉장고, 인덕션, 조경조망",25.06.24,"['10년이내', '대단지', '1층', '방세개']",남동향,20608368.421052635
경기도,용인시 기흥구,신갈동,신흥덕롯데캐슬레이시티,매매,105동,고/34,620000000,97.85,OWNER,"시스템에어컨4대,식세기,조용하고 트인단지뷰,새집처럼관리가잘된집",25.06.24,"['10년이내', '대단지', '방세개', '화장실두개']",남서향,20946210.526315793
경기도,용인시 기흥구,신갈동,신흥덕롯데캐슬레이시티,매매,105동,저/34,570000000,97.85,NONE,중문 인덕션 김치냉장고  깨끗하게관리된집 ,25.07.21,"['10년이내', '대단지', '방세개', '화장실두개']",남서향,19257000.0
경기도,용인시 기흥구,신갈동,신흥덕롯데캐슬레이시티,매매,109동,고/34,630000000,97.85,NONE,탁트인뷰.지하3층연결동으로상가이용편리.깨끗하게관리잘된집,25.06.28,"['10년이내', '대단지', '방세개', '화장실두개']",남동향,21284052.63157895
경기도,용인시 기흥구,신갈동,신흥덕롯데캐슬레이시티,매매,101동,1/34,490000000,85.95,NDOC1,시스템에어컨2대 중문 부분인테리어되어 깨끗함,25.07.21,"['10년이내', '대단지', '1층', '방세개']",남서향,18846243.746364165
경기도,용인시 기흥구,신갈동,신흥덕롯데캐슬레이시티,매매,104동,11/34,550000000,85.95,OWNER,"반전세안고매매,탁트인뷰,내년9월만기,수원신갈IC인접",25.07.21,"['10년이내', '대단지', '방세개', '화장실두개']",남서향,21153947.062245492
경기도,용인시 기흥구,신갈동,신흥덕롯데캐슬레이시티,매매,108동,5/34,550000000,85.95,OWNER,앞트인 높은저층  출입편한로얄동. 주방창예쁜산뷰. 중문 긴잔금실입주가능,25.07.21,"['10년이내', '대단지', '방세개', '화장실두개']",남동향,21153947.062245492
경기도,용인시 기흥구,신갈동,신흥덕롯데캐슬레이시티,매매,106동,14/34,550000000,85.95,OWNER,"확트인뷰, 화이트톤으로 이쁜집, 집 컨디션 좋아요",25.07.19,"['10년이내', '대단지', '방세개', '화장실두개']",남동향,21153947.062245492
경기도,용인시 기흥구,신갈동,신흥덕롯데캐슬레이시티,전세,106동,11/34,400000000,85.95,OWNER,"시스템에어컨2, 트인뷰, 관리 잘된 깨끗한집이에요",25.07.18,"['10년이내', '대단지', '방세개', '화장실두개']",남동향,15384688.772542175
경기도,용인시 기흥구,신갈동,신흥덕롯데캐슬레이시티,매매,106동,5/34,550000000,85.95,OWNER,"중문,미세방충망",25.07.18,"['10년이내', '대단지', '방세개', '화장실두개']",남동향,21153947.062245492
경기도,용인시 기흥구,신갈동,신흥덕롯데캐슬레이시티,전세,108동,고/34,400000000,85.95,NDOC1,"새집컨디션, 확트인 고층 뷰, 에어컨2",25.07.21,"['10년이내', '융자금없는', '대단지', '화장실두개']",남동향,15384688.772542175
경기도,용인시 기흥구,신갈동,신흥덕롯데캐슬레이시티,매매,104동,고/34,560000000,85.95,NDOC1,"확트인뷰, 컨디션 좋은집, 깨끗해요",25.07.21,"['10년이내', '대단지', '화장실두개', '방세개']",남동향,21538564.281559046
경기도,용인시 기흥구,신갈동,신흥덕롯데캐슬레이시티,매매,108동,중/34,560000000,85.95,OWNER,로얄동의 전망좋고 채광좋은집,25.07.21,"['10년이내', '대단지', '방세개', '화장실두개']",남서향,21538564.281559046
경기도,용인시 기흥구,신갈동,신흥덕롯데캐슬레이시티,매매,106동,저/34,520000000,85.95,OWNER,"로얄동,투인원에어컨,중문,입주협의해요",25.07.19,"['10년이내', '대단지', '방세개', '화장실두개']",남서향,20000095.40430483
경기도,용인시 기흥구,신갈동,신흥덕롯데캐슬레이시티,매매,101동,중/34,560000000,85.95,OWNER,"확트인뷰, 층좋아요, 조용한단지, 깨끗이 관리된 집이에요",25.07.19,"['10년이내', '대단지', '방세개', '화장실두개']",남서향,21538564.281559046
경기도,용인시 기흥구,신갈동,신흥덕롯데캐슬레이시티,매매,101동,중/34,560000000,85.95,OWNER,"확트인뷰, 시스템에어컨,중문,붙박이장",25.07.17,"['10년이내', '대단지', '방세개', '화장실두개']",남서향,21538564.281559046
경기도,용인시 기흥구,신갈동,신흥덕롯데캐슬레이시티,매매,106동,중/34,560000000,85.95,OWNER,"로얄동,조용하고 막힘없는단지뷰,투자추천,천천히입주하실분",25.07.17,"['10년이내', '대단지', '방세개', '화장실두개']",남동향,21538564.281559046
경기도,용인시 기흥구,신갈동,신흥덕롯데캐슬레이시티,매매,101동,중/34,540000000,85.95,NDOC1,전망좋은 깨끗한집으로  전세안고 매매,25.07.17,"['10년이내', '대단지', '방세개', '화장실두개']",남서향,20769329.842931937
경기도,용인시 기흥구,신갈동,신흥덕롯데캐슬레이시티,매매,108동,고/34,560000000,85.95,NDOC1,"인덕션, 환상적인 확트인 뷰, 집 컨디션 좋아요.",25.07.14,"['10년이내', '대단지', '화장실두개', '방세개']",남서향,21538564.281559046
경기도,용인시 기흥구,신갈동,신흥덕롯데캐슬레이시티,매매,101동,고/34,560000000,85.95,OWNER,"중문,조용하고 막힘없는 탁트인산뷰,하시입주가능,언제나새집같이관리가 잘된집",25.07.10,"['10년이내', '대단지', '방세개', '화장실두개']",남서향,21538564.281559046
경기도,용인시 기흥구,신갈동,신흥덕롯데캐슬레이시티,매매,107동,중/34,550000000,85.95,OWNER,"시스템에어컨2대,중문,인덕션,막힘없고 지하3층연결되고 버스타기가까운",25.07.09,"['10년이내', '대단지', '방세개', '화장실두개']",남동향,21153947.062245492
경기도,용인시 기흥구,신갈동,신흥덕롯데캐슬레이시티,매매,106동,중/34,540000000,85.95,OWNER,"로얄동,세안고매매,천천히입주하실분",25.07.09,"['10년이내', '대단지', '방세개', '화장실두개']",남동향,20769329.842931937
경기도,용인시 기흥구,신갈동,신흥덕롯데캐슬레이시티,매매,103동,고/34,560000000,85.95,OWNER,"즉시입주,환상적인 트인뷰, 시스템에어컨2,식세기,인덕션등 옵션 좋아요",25.07.08,"['10년이내', '대단지', '방세개', '화장실두개']",남동향,21538564.281559046
경기도,용인시 기흥구,신갈동,신흥덕롯데캐슬레이시티,매매,108동,15/34,580000000,85.95,OWNER,로얄동,25.07.01,"['10년이내', '대단지', '방세개', '화장실두개']",남동향,22307798.720186155
경기도,용인시 기흥구,신갈동,신흥덕롯데캐슬레이시티,전세,106동,저/34,400000000,85.95,OWNER,"시스템에어컨2대,로얄동,관리잘된집,트인뷰,10월11월중 입주협의해요",25.07.03,"['10년이내', '대단지', '방세개', '화장실두개']",남서향,15384688.772542175
경기도,용인시 기흥구,신갈동,신흥덕롯데캐슬레이시티,매매,106동,중/34,570000000,85.95,OWNER,로얄동.시스템에어컨3대.중문등옵션다수.깨끗하게관리잘된예쁜집.입주협의가능,25.06.30,"['10년이내', '대단지', '방세개', '화장실두개']",남서향,21923181.5008726
경기도,용인시 기흥구,신갈동,신흥덕롯데캐슬레이시티,매매,107동,저/34,560000000,85.95,OWNER,"탁트인뷰,지하3층연결되고 상가가깝고 지하3층연결된동,새집같은집",25.06.28,"['10년이내', '대단지', '방세개', '화장실두개']",남동향,21538564.281559046
경기도,용인시 기흥구,신갈동,신흥덕롯데캐슬레이시티,전세,101동,저/34,410000000,85.95,OWNER,"조용하고 관리잘된집,중문,입주협의해요",25.06.27,"['10년이내', '대단지', '방세개', '화장실두개']",남서향,15769305.991855731
경기도,용인시 기흥구,신갈동,신흥덕롯데캐슬레이시티,월세,103동,고/34,"3억 4,000/20",85.95,DOC,,25.06.25,"['10년이내', '대단지', '방세개', '화장실두개']",남향,
경기도,용인시 기흥구,신갈동,신흥덕롯데캐슬레이시티,매매,103동,12/34,545000000,85.88,OWNER,"조용한 단지조망,시스템에어컨2,입주협의해요",25.07.21,"['10년이내', '대단지', '방세개', '화장실두개']",남서향,20978724.09175594
경기도,용인시 기흥구,신갈동,신흥덕롯데캐슬레이시티,매매,101동,19/34,545000000,85.88,OWNER,"확트인뷰, 층 좋아요, 조용한 단지에요",25.07.21,"['10년이내', '대단지', '방세개', '화장실두개']",남서향,20978724.09175594
경기도,용인시 기흥구,신갈동,신흥덕롯데캐슬레이시티,매매,108동,32/34,560000000,85.88,NDOC1,시스템에어컨2대 식세기 빌트인냉장고 음식물처리기 정수기 한샘 단독세대,25.07.21,"['10년이내', '대단지', '화장실두개', '방세개']",남서향,21556120.16767583
경기도,용인시 기흥구,신갈동,신흥덕롯데캐슬레이시티,매매,108동,4/34,540000000,85.88,OWNER,"에어컨,중문,붙박이장, 예쁜 단지뷰, 입주협의가능해요",25.07.21,"['10년이내', '대단지', '방세개', '화장실두개']",남동향,20786258.73311598
경기도,용인시 기흥구,신갈동,신흥덕롯데캐슬레이시티,매매,106동,10/34,550000000,85.88,NDOC1,"로얄동, 시스템에어컨4대, 중문, 채광좋은집",25.07.21,"['10년이내', '대단지', '방세개', '화장실두개']",남동향,21171189.450395904
경기도,용인시 기흥구,신갈동,신흥덕롯데캐슬레이시티,매매,102동,15/20,550000000,85.88,OWNER,신혼부부강추.에어컨.중문.인덕션.단지뷰.밝고예쁜집입니다.입주협의해요.,25.07.21,"['10년이내', '대단지', '방세개', '화장실두개']",남서향,21171189.450395904
경기도,용인시 기흥구,신갈동,신흥덕롯데캐슬레이시티,매매,102동,13/20,550000000,85.88,OWNER,예쁜단지뷰.중문.에어컨.LED등교체.깨끗하게관리잘된집입니다.입주협의가능,25.07.18,"['10년이내', '대단지', '방세개', '화장실두개']",남서향,21171189.450395904
경기도,용인시 기흥구,신갈동,신흥덕롯데캐슬레이시티,매매,102동,5/20,540000000,85.88,OWNER,밝고예쁜집.중문.작은방시스템장.주방수납장.관리잘된집.,25.07.18,"['10년이내', '대단지', '방세개', '화장실두개']",남서향,20786258.73311598
경기도,용인시 기흥구,신갈동,신흥덕롯데캐슬레이시티,전세,102동,고/20,400000000,85.88,OWNER,"주인거주관리잘된집,입주협의해요",25.07.21,"['10년이내', '대단지', '방세개', '화장실두개']",남서향,15397228.69119702
경기도,용인시 기흥구,신갈동,신흥덕롯데캐슬레이시티,매매,107동,저/34,550000000,85.88,NDOC1,"중간층 ,확트인뷰,중문, 깨끗한집이에요.",25.07.21,"['10년이내', '대단지', '화장실두개', '방세개']",남향,21171189.450395904
경기도,용인시 기흥구,신갈동,신흥덕롯데캐슬레이시티,매매,105동,저/34,550000000,85.88,OWNER,"투인원에어컨,인덕션,중문,새집처럼관리가 잘된집,입주협의해요",25.07.21,"['10년이내', '대단지', '방세개', '화장실두개']",남동향,21171189.450395904
경기도,용인시 기흥구,신갈동,신흥덕롯데캐슬레이시티,매매,106동,고/34,550000000,85.88,OWNER,"로얄동,로얄층,막힘없는뻥뷰,시스템에어컨,입주협의해요",25.07.21,"['10년이내', '대단지', '방세개', '화장실두개']",남동향,21171189.450395904
경기도,용인시 기흥구,신갈동,신흥덕롯데캐슬레이시티,전세,103동,고/34,410000000,85.88,OWNER,"조용한단지뷰,입주협의해요",25.07.19,"['10년이내', '대단지', '방세개', '화장실두개']",남서향,15782159.408476945
경기도,용인시 기흥구,신갈동,신흥덕롯데캐슬레이시티,매매,108동,중/34,550000000,85.88,NDOC1,막힘 없는 뷰로 확트인 전망을 느낄 수 있으세요.,25.07.19,"['10년이내', '대단지', '화장실두개', '방세개']",남서향,21171189.450395904
경기도,용인시 기흥구,신갈동,신흥덕롯데캐슬레이시티,매매,103동,저/34,550000000,85.88,OWNER,기본깨끗한집,25.07.19,"['10년이내', '대단지', '방세개', '화장실두개']",남동향,21171189.450395904
경기도,용인시 기흥구,신갈동,신흥덕롯데캐슬레이시티,매매,103동,11/34,570000000,85.88,OWNER,세안고,25.07.12,"['10년이내', '대단지', '방세개', '화장실두개']",남동향,21941050.884955756
경기도,용인시 기흥구,신갈동,신흥덕롯데캐슬레이시티,매매,103동,고/34,550000000,85.88,NDOC1,"시원스레 막힘없는 뷰, 에어컨, 컨디션 좋은집이에요",25.07.18,"['10년이내', '대단지', '화장실두개', '방세개']",남동향,21171189.450395904
경기도,용인시 기흥구,신갈동,신흥덕롯데캐슬레이시티,매매,106동,저/34,540000000,85.88,OWNER,"조정가능,로얄동의탁트인뷰,햇살좋고 따뜻한집,새집처럼관리잘된집",25.07.18,"['10년이내', '대단지', '방세개', '화장실두개']",남서향,20786258.73311598
경기도,용인시 기흥구,신갈동,신흥덕롯데캐슬레이시티,매매,103동,저/34,540000000,85.88,NDOC1,"깨끗하게 관리잘된집, 주인거주",25.07.18,"['10년이내', '대단지', '방세개', '화장실두개']",남서향,20786258.73311598
경기도,용인시 기흥구,신갈동,신흥덕롯데캐슬레이시티,매매,105동,중/34,560000000,85.88,OWNER,"관리잘되 깨끗하고 예쁜집,트인뷰",25.07.17,"['10년이내', '대단지', '방세개', '화장실두개']",남동향,21556120.16767583
경기도,용인시 기흥구,신갈동,신흥덕롯데캐슬레이시티,매매,101동,저/34,530000000,85.88,OWNER,채광좋고 깨끗하게 관리된집  세안고 매매,25.07.17,"['10년이내', '대단지', '방세개', '화장실두개']",남서향,20401328.015836053
경기도,용인시 기흥구,신갈동,신흥덕롯데캐슬레이시티,전세,101동,중/34,410000000,85.88,OWNER,"조용하고 트인뷰,입주협의해요",25.07.16,"['10년이내', '대단지', '방세개', '화장실두개']",남서향,15782159.408476945
경기도,용인시 기흥구,신갈동,신흥덕롯데캐슬레이시티,매매,101동,21/34,560000000,85.88,DOCV2,"긴세안고,시스템에어컨2,환상적인 뻥뷰,집상태AAA,조용한 로얄동",25.07.16,"['10년이내', '대단지', '방세개', '화장실두개']",남서향,21556120.16767583
경기도,용인시 기흥구,신갈동,신흥덕롯데캐슬레이시티,매매,108동,고/34,560000000,85.88,OWNER,로얄동.시스템에어컨2대.중문.지하3층연결동으로상가이용편리해요.,25.07.15,"['10년이내', '대단지', '방세개', '화장실두개']",남동향,21556120.16767583
경기도,용인시 기흥구,신갈동,신흥덕롯데캐슬레이시티,매매,103동,고/34,550000000,85.88,OWNER,시원한 전망,25.07.15,"['10년이내', '대단지', '방세개', '화장실두개']",남서향,21171189.450395904
경기도,용인시 기흥구,신갈동,신흥덕롯데캐슬레이시티,매매,102동,고/20,550000000,85.88,OWNER,"조용해요, 중문, 집 컨디션 좋아요.",25.07.14,"['10년이내', '대단지', '방세개', '화장실두개']",남서향,21171189.450395904
경기도,용인시 기흥구,신갈동,신흥덕롯데캐슬레이시티,전세,108동,중/34,400000000,85.88,NDOC1,확트인뷰 ,25.07.14,"['10년이내', '대단지', '화장실두개', '방세개']",남서향,15397228.69119702
경기도,용인시 기흥구,신갈동,신흥덕롯데캐슬레이시티,매매,103동,저/34,500000000,85.88,OWNER,"에어컨,중문,조용하고 트인뷰,하시입주가능하며 새집처럼 관리잘된집",25.07.14,"['10년이내', '대단지', '방세개', '화장실두개']",남서향,19246535.86399628
경기도,용인시 기흥구,신갈동,신흥덕롯데캐슬레이시티,매매,106동,중/34,550000000,85.88,OWNER,월세안고  로얄동 로얄층,25.07.12,"['10년이내', '대단지', '방세개', '화장실두개']",남향,21171189.450395904
경기도,용인시 기흥구,신갈동,신흥덕롯데캐슬레이시티,매매,103동,고/34,550000000,85.88,OWNER,"시스템에어컨4, 집 컨디션 좋아요.",25.07.12,"['10년이내', '대단지', '방세개', '화장실두개']",남서향,21171189.450395904
경기도,용인시 기흥구,신갈동,신흥덕롯데캐슬레이시티,매매,104동,중/34,560000000,85.88,OWNER,"시스템에어컨2대, 확트인조망 ,깨끗하고 좋아요",25.07.12,"['10년이내', '대단지', '방세개', '화장실두개']",남서향,21556120.16767583
경기도,용인시 기흥구,신갈동,신흥덕롯데캐슬레이시티,매매,106동,9/34,580000000,85.88,OWNER,세안고,25.07.05,"['10년이내', '대단지', '방세개', '화장실두개']",남동향,22325981.60223568
경기도,용인시 기흥구,신갈동,신흥덕롯데캐슬레이시티,매매,103동,중/34,550000000,85.88,OWNER,"조정가능,중문,채광좋고 관리잘되고 새집같아요,입주협의해요",25.07.11,"['10년이내', '대단지', '방세개', '화장실두개']",남동향,21171189.450395904
경기도,용인시 기흥구,신갈동,신흥덕롯데캐슬레이시티,매매,108동,저/34,535000000,85.88,OWNER,"로얄동의트인뷰,채광좋고 관리가잘된집,입주일협의해요",25.07.11,"['10년이내', '대단지', '방세개', '화장실두개']",남동향,20593793.374476016
경기도,용인시 기흥구,신갈동,신흥덕롯데캐슬레이시티,매매,107동,저/34,540000000,85.88,OWNER,"중문,시에4대,인덕션,아일랜드리폼,화이트인테리어,탁트인전망,관리잘된집",25.07.11,"['10년이내', '대단지', '방세개', '화장실두개']",남동향,20786258.73311598
경기도,용인시 기흥구,신갈동,신흥덕롯데캐슬레이시티,매매,104동,고/34,600000000,85.88,OWNER,"시스템에어컨, 햇살가득, 확트인 뷰, 깨끗한 집",25.07.11,"['10년이내', '대단지', '방세개', '화장실두개']",남서향,23095843.03679553
경기도,용인시 기흥구,신갈동,신흥덕롯데캐슬레이시티,매매,102동,고/20,550000000,85.88,NDOC1,"중문, 탄성, 세안고 매매, 관리잘된 집",25.07.10,"['10년이내', '대단지', '방세개', '화장실두개']",남서향,21171189.450395904
경기도,용인시 기흥구,신갈동,신흥덕롯데캐슬레이시티,전세,108동,저/34,410000000,85.88,OWNER,"낮지않아요.전망도 잔잔해요,2in1에어컨,중문,수납",25.07.08,"['10년이내', '융자금없는', '대단지', '방세개']",남동향,15782159.408476945
경기도,용인시 기흥구,신갈동,신흥덕롯데캐슬레이시티,매매,108동,저/34,560000000,85.88,OWNER,시스템에어컨2대   중문,25.07.08,"['10년이내', '대단지', '방세개', '화장실두개']",남동향,21556120.16767583
경기도,용인시 기흥구,신갈동,신흥덕롯데캐슬레이시티,매매,106동,중/34,560000000,85.88,OWNER,조용한로얄동.중문.인덕션.깨끗하게관리잘된집입니다.,25.07.08,"['10년이내', '대단지', '방세개', '화장실두개']",남동향,21556120.16767583
경기도,용인시 기흥구,신갈동,신흥덕롯데캐슬레이시티,매매,107동,저/34,550000000,85.88,OWNER,탁트인씨티뷰.버스정류장초근접동.채광좋고관리잘된집.에어컨있어요.입주협의,25.07.08,"['10년이내', '대단지', '방세개', '화장실두개']",남동향,21171189.450395904
경기도,용인시 기흥구,신갈동,신흥덕롯데캐슬레이시티,매매,105동,중/34,560000000,85.88,OWNER,투인원에어컨  확트인뷰깨끗하게 관리된집,25.07.07,"['10년이내', '대단지', '방세개', '화장실두개']",남동향,21556120.16767583
경기도,용인시 기흥구,신갈동,신흥덕롯데캐슬레이시티,매매,106동,중/34,560000000,85.88,OWNER,"확트인뷰, 깨끗하게 관리된 컨디션 좋은집이에요",25.07.05,"['10년이내', '대단지', '방세개', '화장실두개']",남동향,21556120.16767583
경기도,용인시 기흥구,신갈동,신흥덕롯데캐슬레이시티,매매,108동,중/34,560000000,85.88,OWNER,"탁트인전망,로얄동,시스템에어컨2,깨끗하고 환하고 예쁜집",25.07.03,"['10년이내', '대단지', '방세개', '화장실두개']",남서향,21556120.16767583
경기도,용인시 기흥구,신갈동,신흥덕롯데캐슬레이시티,매매,101동,고/34,560000000,85.88,OWNER,"중문,냉장고장,탁트인고층뷰,입주협의해요",25.07.03,"['10년이내', '대단지', '방세개', '화장실두개']",남서향,21556120.16767583
경기도,용인시 기흥구,신갈동,신흥덕롯데캐슬레이시티,매매,106동,3/34,550000000,85.88,OWNER,중문 세안고 매매,25.06.26,"['10년이내', '대단지', '방세개', '화장실두개']",남서향,21171189.450395904
경기도,용인시 기흥구,신갈동,신흥덕롯데캐슬레이시티,매매,103동,고/34,550000000,85.88,OWNER,"트인뷰,언제나 새집같이 관리가잘되고  채광좋은집,천천히입주하실분",25.07.02,"['10년이내', '대단지', '방세개', '화장실두개']",남동향,21171189.450395904
경기도,용인시 기흥구,신갈동,신흥덕롯데캐슬레이시티,매매,103동,중/34,560000000,85.88,OWNER,"정남향의 새집처럼관리잘된집,막힘없이트인뷰,채광좋음,입주일협의해요",25.07.02,"['10년이내', '대단지', '방세개', '화장실두개']",남향,21556120.16767583
경기도,용인시 기흥구,신갈동,신흥덕롯데캐슬레이시티,매매,105동,고/34,550000000,85.88,OWNER,"시스템에어컨,중문,탁트인전망,새집같이관리잘된집",25.07.01,"['10년이내', '대단지', '방세개', '화장실두개']",남동향,21171189.450395904
경기도,용인시 기흥구,신갈동,신흥덕롯데캐슬레이시티,매매,108동,중/34,550000000,85.88,OWNER,시스템에어컨2대 확트인 전망,25.07.01,"['10년이내', '대단지', '방세개', '화장실두개']",남동향,21171189.450395904
경기도,용인시 기흥구,신갈동,신흥덕롯데캐슬레이시티,매매,102동,고/20,550000000,85.88,OWNER,조용한 단지뷰,25.06.30,"['10년이내', '대단지', '방세개', '화장실두개']",남서향,21171189.450395904
경기도,용인시 기흥구,신갈동,신흥덕롯데캐슬레이시티,매매,103동,저/34,550000000,85.88,OWNER,"시스템에어컨2대,음식물처리기,언제나새집같이 관리잘된집,가격조정가능",25.06.26,"['10년이내', '대단지', '방세개', '화장실두개']",남동향,21171189.450395904
경기도,용인시 기흥구,신갈동,신흥덕롯데캐슬레이시티,매매,101동,고/34,560000000,85.88,OWNER,조용한라인.4계절예쁜숲뷰.시스템에어컨4대.중문.천천히입주하실분추천.,25.06.24,"['10년이내', '대단지', '방세개', '화장실두개']",남서향,21556120.16767583
경기도,용인시 기흥구,신갈동,신흥덕롯데캐슬레이시티,매매,101동,저/34,535000000,85.88,DOC,조용한 동.세안고 투자용.,25.06.26,"['10년이내', '대단지', '방세개', '화장실두개']",남서향,20593793.374476016
경기도,용인시 기흥구,신갈동,신흥덕롯데캐슬레이시티,매매,103동,중/34,530000000,85.88,NONE,"급매,에어컨2,꼭하실분 조정해드려요",25.07.21,"['10년이내', '대단지', '급매', '방세개']",남서향,20401328.015836053
경기도,용인시 기흥구,신갈동,신흥덕롯데캐슬레이시티,매매,106동,저/34,580000000,85.88,NONE,세안고,25.07.17,"['10년이내', '대단지', '방세개', '화장실두개']",남향,22325981.60223568
경기도,용인시 기흥구,신갈동,신흥덕롯데캐슬레이시티,전세,101동,중/34,410000000,85.88,NONE, 전망좋은 깨끗하게 관리된 집,25.07.15,"['10년이내', '대단지', '방세개', '화장실두개']",남서향,15782159.408476945
경기도,용인시 기흥구,신갈동,신흥덕롯데캐슬레이시티,전세,104동,중/34,400000000,85.88,NONE,"투인원에어컨,탁트인뷰,새집같이 관리가잘된집",25.06.26,"['10년이내', '융자금없는', '대단지', '방세개']",남서향,15397228.69119702
경기도,용인시 기흥구,신갈동,"양현마을풍림,신안",매매,308동,6/12,525000000,84.27,NDOC1,"초이스, 중문포함최근리모델링 사생활침해없는동 넓은주방구조 신갈역가까운  ",25.07.21,"['25년이내', '방세개', '화장실두개', '중층']",동향,20594958.17016732
경기도,용인시 기흥구,신갈동,"양현마을풍림,신안",매매,310동,1/13,460000000,84.27,NDOC1,"초이스, 부분수리 올확장 신갈역세권 초중고학세권 아이키우기좋은1층 ",25.07.21,"['25년이내', '1층', '방세개', '화장실두개']",남향,18045106.206241846
경기도,용인시 기흥구,신갈동,"양현마을풍림,신안",매매,314동,6/13,500000000,84.27,OWNER,"우리,   정남향,  올확장,  주인거주, 초중고인접,  신갈역도보10분",25.07.21,"['25년이내', '방세개', '화장실두개', '중층']",남향,19614245.87634983
경기도,용인시 기흥구,신갈동,"양현마을풍림,신안",월세,313동,2/12,"1억 5,000/65",84.27,OWNER,"우리,  신갈역도보7분,  8월 협의가능,  관리상태 깨끗, 보증금조정가",25.07.21,"['25년이내', '융자금없는', '방세개', '화장실두개']",남향,
경기도,용인시 기흥구,신갈동,"양현마을풍림,신안",매매,308동,3/12,485000000,84.27,MOBL,"초이스, 정상입주 넓은주방 일부수리 신갈역근접 초중고학세권",25.07.19,"['25년이내', '방세개', '화장실두개', '세대당1대']",남향,19025818.500059336
경기도,용인시 기흥구,신갈동,"양현마을풍림,신안",매매,313동,2/12,500000000,84.27,OWNER,"우리,  올확장 관리잘된 집,  신갈역역세권,  정남향, 편의시설도보가능",25.07.19,"['25년이내', '방세개', '화장실두개', '세대당1대']",남향,19614245.87634983
경기도,용인시 기흥구,신갈동,"양현마을풍림,신안",매매,308동,10/12,500000000,84.27,OWNER,"집상태깨끗함,확장으로 넓게사용가능,뻥뷰,정상입주,신갈역도보5분거리",25.07.18,"['25년이내', '방세개', '화장실두개', '고층']",동향,19614245.87634983
경기도,용인시 기흥구,신갈동,"양현마을풍림,신안",매매,314동,6/13,600000000,84.27,NDOC1,"초이스, 올확장 올수리 신갈역도보권 초중고학세권 정남향",25.07.17,"['25년이내', '올수리', '방세개', '화장실두개']",남향,23537095.051619794
경기도,용인시 기흥구,신갈동,"양현마을풍림,신안",매매,311동,1/13,460000000,84.27,OWNER,"정남향,   선호동,   신갈역7분도보,    일부수리,   초중고도보",25.07.17,"['25년이내', '1층', '방세개', '화장실두개']",남향,18045106.206241846
경기도,용인시 기흥구,신갈동,"양현마을풍림,신안",매매,308동,7/12,470000000,84.27,OWNER,"초이스, 투자추천 앞뒤막힘없어채광,통풍굿 역세권 학세권 ",25.07.17,"['25년이내', '방세개', '화장실두개', '중층']",동향,18437391.12376884
경기도,용인시 기흥구,신갈동,"양현마을풍림,신안",매매,314동,9/13,500000000,84.27,MOBL,"초이스, 전망좋은집 gtx수혜지역 역세권 학세권 정남향",25.07.15,"['25년이내', '방세개', '화장실두개', '고층']",남향,19614245.87634983
경기도,용인시 기흥구,신갈동,"양현마을풍림,신안",매매,308동,4/12,530000000,84.27,OWNER,PS올확장올수리되어 주인거주로 관리잘된 집 교통생활권 학군최상,25.07.14,"['25년이내', '올수리', '방세개', '화장실두개']",동향,20791100.628930822
경기도,용인시 기흥구,신갈동,"양현마을풍림,신안",매매,308동,10/12,490000000,84.27,NDOC1,"초이스, 전망굿 입주시기,조건맞춰드림 사생활침해없는동 넓은주방구조  ",25.07.11,"['25년이내', '방세개', '화장실두개', '고층']",동향,19221960.95882283
경기도,용인시 기흥구,신갈동,"양현마을풍림,신안",매매,310동,11/13,510000000,84.27,NDOC1,"초이스, 정남향 방3화2 주인거주 관리상태굿",25.07.08,"['25년이내', '방세개', '화장실두개', '고층']",남향,20006530.793876827
경기도,용인시 기흥구,신갈동,"양현마을풍림,신안",매매,314동,8/13,500000000,84.27,OWNER,최근올확장 수리 신혼부부거주 아주 예쁜집 세안고투자,25.07.08,"['25년이내', '방세개', '화장실두개', '중층']",남향,19614245.87634983
경기도,용인시 기흥구,신갈동,"양현마을풍림,신안",매매,313동,7/12,500000000,84.27,OWNER,"초이스, 부분수리 베란다있는예쁜집 채광굿 신갈역도보권 단지앞초중고",25.07.04,"['25년이내', '방세개', '화장실두개', '중층']",남향,19614245.87634983
경기도,용인시 기흥구,신갈동,"양현마을풍림,신안",월세,310동,11/13,"3,000/120",84.27,DOC,25  올수리  하시입주  추천매물입니다,25.07.14,"['25년이내', '올수리', '방세개', '화장실두개']",남향,
경기도,용인시 기흥구,신갈동,"양현마을풍림,신안",매매,313동,4/12,480000000,84.27,OWNER,"우리,   세안고매매,  신갈역역세권,  정남향, 일부수리, 깨끗하게관리",25.06.30,"['25년이내', '방세개', '화장실두개', '세대당1대']",남향,18829676.041295834
경기도,용인시 기흥구,신갈동,"양현마을풍림,신안",매매,313동,12/12,520000000,84.27,NDOC1,"초이스, 올수리 거실,방1확장 신갈역세권 초중고학세권",25.06.25,"['25년이내', '올수리', '탑층', '방세개']",남향,20398815.711403824
경기도,용인시 기흥구,신갈동,"양현마을풍림,신안",매매,313동,2/12,480000000,84.27,OWNER,올확장 2년전 씽크대 도배 장판 탄성 문짝 교체  욕실 일부 수리,25.06.24,"['25년이내', '방세개', '화장실두개', '세대당1대']",남향,18829676.041295834
경기도,용인시 기흥구,신갈동,"양현마을풍림,신안",전세,310동,7/13,330000000,84.27,OWNER,"초이스, 융자남김 도배해드림 방3화2 3bay 올확장 역세권 학세권",25.06.23,"['25년이내', '융자금적은', '방세개', '화장실두개']",남향,12945402.278390888
경기도,용인시 기흥구,신갈동,"양현마을풍림,신안",매매,314동,5/13,500000000,84.27,DOC,PS.세안고 올수리된 집 탁트인 씨티뷰 교통생활권 굿,25.06.23,"['25년이내', '올수리', '방세개', '화장실두개']",남향,19614245.87634983
경기도,용인시 기흥구,신갈동,"양현마을풍림,신안",매매,314동,9/13,500000000,84.27,NONE,정상입주가,25.07.01,"['25년이내', '방세개', '화장실두개', '고층']",남향,19614245.87634983
경기도,용인시 기흥구,신갈동,"양현마을풍림,신안",매매,308동,3/12,485000000,84.27,NONE,신갈역7분 초중고5분 개방감있는주방 주인거주 관리잘된집,25.06.23,"['25년이내', '방세개', '화장실두개', '세대당1대']",동향,19025818.500059336
경기도,용인시 기흥구,신갈동,"양현마을풍림,신안",월세,302동,9/12,"3,000/120",83.27,OWNER,"우리, 전망좋은 집, 단지앞 초중고,  방1확장,  씽크수리,  입주협의",25.07.21,"['25년이내', '방세개', '화장실두개', '고층']",동향,
경기도,용인시 기흥구,신갈동,"양현마을풍림,신안",매매,307동,8/12,550000000,83.27,NDOC1,"초이스, 시원한전망 올확장 올인테리어 붙박이장 슬라이딩도어 ",25.07.21,"['25년이내', '방세개', '화장실두개', '중층']",남향,21834775.429326292
경기도,용인시 기흥구,신갈동,"양현마을풍림,신안",매매,303동,7/12,540000000,83.27,OWNER,"우리,   신갈역가까운동,  정남향 ,   올확장  및    올인테리어",25.07.21,"['25년이내', '방세개', '화장실두개', '중층']",남향,21437779.51242945
경기도,용인시 기흥구,신갈동,"양현마을풍림,신안",매매,302동,2/12,580000000,83.27,OWNER,"우리,   신갈역도보,  올인테리어, 폴딩도어, 주인거주, 깨끗하게관리",25.07.21,"['25년이내', '방세개', '화장실두개', '세대당1대']",동향,23025763.180016816
경기도,용인시 기흥구,신갈동,"양현마을풍림,신안",매매,305동,7/11,510000000,83.27,NDOC1,"수리되어 깨끗, 전세안고, 역세권 투자굿",25.07.19,"['25년이내', '방세개', '화장실두개', '중층']",남향,20246791.761738926
경기도,용인시 기흥구,신갈동,"양현마을풍림,신안",매매,302동,2/12,480000000,83.27,OWNER,PS.예쁜 조경뷰 올확장 올수리된집 단지앞초중고 방3화장실2,25.07.18,"['25년이내', '올수리', '방세개', '화장실두개']",동향,19055804.0110484
경기도,용인시 기흥구,신갈동,"양현마을풍림,신안",매매,306동,1/11,460000000,83.27,OWNER,"우리,  올인테리어,  아이 있는집 , 주인거주깨끗, 신갈역도보7분",25.07.18,"['25년이내', '1층', '방세개', '화장실두개']",남향,18261812.177254718
경기도,용인시 기흥구,신갈동,"양현마을풍림,신안",매매,303동,11/12,515000000,83.27,OWNER,"조정가,즉시입주,올수리,햇살짱, 너무예쁜집,로얄로얄",25.07.18,"['25년이내', '올수리', '방세개', '화장실두개']",남향,20445289.720187344
경기도,용인시 기흥구,신갈동,"양현마을풍림,신안",매매,305동,10/11,500000000,83.27,OWNER,"초이스, 조용한동 부분수리되어깨끗 신갈역도보7분 단지앞초중고",25.07.18,"['25년이내', '방세개', '화장실두개', '고층']",남향,19849795.844842084
경기도,용인시 기흥구,신갈동,"양현마을풍림,신안",매매,305동,1/11,430000000,83.27,OWNER,"우리,   세안고매매,   조용한동,  깨끗하게 관리,  신갈역도보7분",25.07.17,"['25년이내', '1층', '방세개', '화장실두개']",남향,17070824.42656419
경기도,용인시 기흥구,신갈동,"양현마을풍림,신안",매매,304동,고/13,530000000,83.27,NDOC1,올수리 올확장 주인거주로깨끗 주전세투자 로얄동로얄층,25.07.21,"['25년이내', '올수리', '방세개', '화장실두개']",남향,21040783.595532607
경기도,용인시 기흥구,신갈동,"양현마을풍림,신안",매매,304동,13/13,550000000,83.27,NDOC1,"초이스, 주인거주 컨디션굿 올확장 올수리 정남향 채광굿",25.07.14,"['25년이내', '올수리', '탑층', '방세개']",남향,21834775.429326292
경기도,용인시 기흥구,신갈동,"양현마을풍림,신안",월세,307동,10/12,"3,000/120",83.27,OWNER,PS.방2확장 일부수리 빠른입주가능 남향 방3화장실2,25.07.11,"['25년이내', '방세개', '화장실두개', '고층']",남향,
경기도,용인시 기흥구,신갈동,"양현마을풍림,신안",매매,306동,11/11,530000000,83.27,OWNER,"우리 ,   올확장,  올인테리어,  세안고매매,  신갈역도보7분",25.07.11,"['25년이내', '탑층', '방세개', '화장실두개']",남향,21040783.595532607
경기도,용인시 기흥구,신갈동,"양현마을풍림,신안",매매,306동,3/11,490000000,83.27,NDOC1,"초이스, 최근씽크대,거실화장실수리 정남향 학세권 역세권",25.07.10,"['25년이내', '욕실수리', '방세개', '화장실두개']",남향,19452799.92794524
경기도,용인시 기흥구,신갈동,"양현마을풍림,신안",매매,305동,8/11,510000000,83.27,NDOC1,"초이스, 신갈역세권 단지앞초중고 정남향 주인거주 올확장",25.07.10,"['25년이내', '방세개', '화장실두개', '고층']",남향,20246791.761738926
경기도,용인시 기흥구,신갈동,"양현마을풍림,신안",매매,302동,11/12,585000000,83.27,NDOC1,"초이스, 사생활침해없는 막힘없는전망 거실확장형 신갈역근접동 단지앞초중고",25.07.05,"['25년이내', '방세개', '화장실두개', '고층']",동향,23224261.138465237
경기도,용인시 기흥구,신갈동,"양현마을풍림,신안",매매,306동,2/11,480000000,83.27,OWNER,"우리,   단지앞초중고,  정남향,  방2확장, 일부수리, 신갈역도보7분",25.07.03,"['25년이내', '방세개', '화장실두개', '세대당1대']",남향,19055804.0110484
경기도,용인시 기흥구,신갈동,"양현마을풍림,신안",매매,306동,1/11,470000000,83.27,OWNER,세안고 샷시포함특올수리 매우깨끗 단지앞초중고,25.07.01,"['25년이내', '올수리', '1층', '방세개']",남향,18658808.09415156
경기도,용인시 기흥구,신갈동,"양현마을풍림,신안",매매,304동,13/13,630000000,83.27,NDOC1,"초이스, 샷시교체 올수리 올확장 신갈역도보5분 단지앞초중고",25.06.30,"['25년이내', '올수리', '탑층', '방세개']",남향,25010742.764501024
경기도,용인시 기흥구,신갈동,"양현마을풍림,신안",매매,306동,11/11,490000000,83.27,OWNER,PS. 세안고 탑층 탁트인 씨티뷰 풍림구조 단지앞초중고 방3화장실2,25.06.27,"['25년이내', '탑층', '방세개', '화장실두개']",남향,19452799.92794524
경기도,용인시 기흥구,신갈동,"양현마을풍림,신안",매매,304동,9/13,600000000,83.27,NDOC1,"초이스, 신갈역가까운동 정남향 올확장 단지앞초중고",25.06.26,"['25년이내', '방세개', '화장실두개', '고층']",남향,23819755.013810497
경기도,용인시 기흥구,신갈동,"양현마을풍림,신안",매매,302동,10/12,650000000,83.27,OWNER,"초이스, 샷시교체 최근리모델링 올확장 전망최고 신갈역최단거리",25.06.23,"['25년이내', '방세개', '화장실두개', '고층']",동향,25804734.598294705
경기도,용인시 기흥구,신갈동,"양현마을풍림,신안",매매,302동,2/12,480000000,83.27,NONE,화이트인테리어 신혼부부추천 올확장,25.06.23,"['25년이내', '방세개', '화장실두개', '세대당1대']",동향,19055804.0110484
경기도,용인시 기흥구,신갈동,용인기흥우방아이유쉘,매매,107동,17/19,490000000,98.48,OWNER,즉시입주가능 산조망권 시스템에어컨2 중문 드레스룸 펜트리아 관리가 잘된집,25.07.19,"['10년이내', '방세개', '화장실두개', '고층']",남서향,16448361.596263202
경기도,용인시 기흥구,신갈동,용인기흥우방아이유쉘,매매,107동,고/19,500000000,98.48,OWNER,구조좋은4베이 드레스룸 펜트리 막힘없는 조망권,25.07.21,"['10년이내', '방세개', '화장실두개', '고층']",남서향,16784042.445166532
경기도,용인시 기흥구,신갈동,용인기흥우방아이유쉘,매매,107동,고/19,500000000,98.48,NONE,탁 트인 조망권 4베이구조 드레스룸 펜트리,25.06.24,"['10년이내', '방세개', '화장실두개', '고층']",남서향,16784042.445166532
경기도,용인시 기흥구,신갈동,용인기흥우방아이유쉘,매매,104동,저/15,480000000,98.26,OWNER,구조좋은4베이 드레스룸 펜트리,25.07.11,"['10년이내', '방세개', '화장실두개', '세대당1대']",남서향,16148756.360675758
경기도,용인시 기흥구,신갈동,용인기흥우방아이유쉘,매매,104동,고/15,480000000,98.26,OWNER,세안고,25.07.01,"['10년이내', '방세개', '화장실두개', '고층']",남서향,16148756.360675758
경기도,용인시 기흥구,신갈동,용인기흥우방아이유쉘,매매,102동,14/20,440000000,83.31,OWNER,여유있는 입주협의가능 햇빛 좋은집,25.07.19,"['10년이내', '방세개', '화장실두개', '고층']",남향,17459433.441363584
경기도,용인시 기흥구,신갈동,용인기흥우방아이유쉘,매매,102동,20/20,450000000,83.31,OWNER,정남향 햇빛좋은집 막힘없는 조망권,25.07.18,"['10년이내', '탑층', '방세개', '화장실두개']",남향,17856238.746849116
경기도,용인시 기흥구,신갈동,용인기흥우방아이유쉘,매매,103동,6/20,450000000,83.31,OWNER,월세안고 햇빛좋은집,25.07.16,"['10년이내', '방세개', '화장실두개', '세대당1대']",남향,17856238.746849116
경기도,용인시 기흥구,신갈동,용인기흥우방아이유쉘,매매,103동,중/20,425000000,83.31,OWNER,정남향 햇빛 좋아요,25.07.21,"['10년이내', '방세개', '화장실두개', '중층']",남향,16864225.483135276
경기도,용인시 기흥구,신갈동,용인기흥우방아이유쉘,매매,103동,18/20,440000000,83.31,OWNER,세안고 막힘없고 햇빛 좋은집 시스템2 안방드레스룸,25.07.11,"['10년이내', '방세개', '화장실두개', '고층']",남향,17459433.441363584
경기도,용인시 기흥구,신갈동,용인기흥우방아이유쉘,매매,102동,저/20,390000000,83.31,OWNER,세안고,25.07.08,"['10년이내', '방세개', '화장실두개', '세대당1대']",남향,15475406.913935903
경기도,용인시 기흥구,신갈동,용인기흥우방아이유쉘,매매,102동,저/20,400000000,83.31,OWNER,월세안고,25.07.01,"['10년이내', '방세개', '화장실두개', '세대당1대']",남향,15872212.21942144
경기도,용인시 기흥구,신갈동,용인기흥우방아이유쉘,매매,103동,5/20,450000000,83.23,OWNER,구조좋은4베이 펜트리 안방에 넓은 드레스룸 중문 막힘없는 거실뷰 로얄라인,25.07.19,"['10년이내', '방세개', '화장실두개', '세대당1대']",남동향,17873402.018502943
경기도,용인시 기흥구,신갈동,용인기흥우방아이유쉘,매매,101동,6/20,450000000,83.23,OWNER,구조좋은4베이 드레스룸 펜트리,25.07.18,"['10년이내', '방세개', '화장실두개', '세대당1대']",남동향,17873402.018502943
경기도,용인시 기흥구,신갈동,용인기흥우방아이유쉘,매매,101동,중/20,450000000,83.23,OWNER,해 잘들어오는 인기좋은 포베이구조.세안고 투자,25.07.21,"['10년이내', '방세개', '화장실두개', '중층']",남서향,17873402.018502943
경기도,용인시 기흥구,신갈동,용인기흥우방아이유쉘,매매,106동,고/15,450000000,83.23,OWNER,관리가 잘 된 이쁜집 중문 도배깨끗 드레스룸 펜트리,25.07.19,"['10년이내', '방세개', '화장실두개', '고층']",남서향,17873402.018502943
경기도,용인시 기흥구,신갈동,용인기흥우방아이유쉘,전세,103동,고/20,320000000,83.23,OWNER,10월말 입주,25.07.14,"['10년이내', '방세개', '화장실두개', '고층']",남동향,12709974.768713204
경기도,용인시 기흥구,신갈동,용인기흥우방아이유쉘,매매,101동,저/20,460000000,83.23,OWNER,집주인 실거주로 컨디션 최상.구조좋음.필로티구조.수리되어있는집.,25.07.10,"['10년이내', '방세개', '화장실두개', '세대당1대']",남서향,18270588.73002523
경기도,용인시 기흥구,신갈동,용인기흥우방아이유쉘,매매,106동,저/15,395000000,83.23,OWNER,세안고,25.07.05,"['10년이내', '방세개', '화장실두개', '세대당1대']",남서향,15688875.105130361
경기도,용인시 기흥구,신갈동,용인기흥우방아이유쉘,매매,103동,20/20,440000000,83.23,DOC,탑층 세안고가능 입주날짜 협의가능 구조좋은4베이,25.07.08,"['10년이내', '탑층', '방세개', '화장실두개']",남동향,17476215.306980655
경기도,용인시 기흥구,신갈동,용인기흥우방아이유쉘,매매,101동,중/20,450000000,83.23,DOC,구조좋은4베이 드레스룸 펜트리,25.07.08,"['10년이내', '방세개', '화장실두개', '중층']",남서향,17873402.018502943
경기도,용인시 기흥구,신갈동,용인기흥우방아이유쉘,매매,101동,중/20,450000000,83.23,NONE,구조좋은4베이 펜트리 드레스룸,25.07.17,"['10년이내', '방세개', '화장실두개', '중층']",남서향,17873402.018502943
경기도,용인시 기흥구,신갈동,용인기흥우방아이유쉘,매매,103동,저/20,450000000,83.23,NONE,구조좋은4베이 드레스룸 펜트리 에어컨,25.07.17,"['10년이내', '방세개', '화장실두개', '세대당1대']",남동향,17873402.018502943
경기도,용인시 기흥구,신갈동,용인기흥우방아이유쉘,매매,106동,저/15,395000000,83.23,NONE,세안고 어린이공원뷰 이뻐요 막힘없는 조망권,25.07.17,"['10년이내', '방세개', '화장실두개', '세대당1대']",남서향,15688875.105130361
경기도,용인시 기흥구,신갈동,용인기흥우방아이유쉘,전세,103동,고/20,320000000,83.23,NONE,4베이 펜트리 드레스룸 막힘없는 조망권,25.07.12,"['10년이내', '방세개', '화장실두개', '고층']",남동향,12709974.768713204
경기도,용인시 기흥구,신갈동,용인기흥우방아이유쉘,매매,102동,고/20,440000000,83.15,OWNER,중문 4베이구조 전실 드레스룸 펜트리 수납공간 많아요,25.07.16,"['10년이내', '방세개', '화장실두개', '고층']",남서향,17493029.46482261
경기도,용인시 기흥구,신갈동,용인기흥우방아이유쉘,매매,101동,중/20,430000000,83.15,OWNER,"확 트인 뷰, 입구와 가까운 위치",25.06.25,"['10년이내', '방세개', '화장실두개', '중층']",남동향,17095460.613349367
경기도,용인시 기흥구,신갈동,원대마을신갈한신,전세,103동,1/20,380000000,161.46,OWNER,"입주일협의가능, 실내수리된 내부 깔끔한 집,전체도배장판해드립니다.",25.07.21,"['25년이내', '1층', '대형평수', '방네개이상']",남향,7780244.642635946
경기도,용인시 기흥구,신갈동,원대마을신갈한신,매매,103동,20/20,520000000,161.46,OWNER,"정상입주, 작은방확장,정남향,실내깨끗",25.07.17,"['25년이내', '대형평수', '탑층', '방네개이상']",남향,10646650.563607085
경기도,용인시 기흥구,신갈동,원대마을신갈한신,매매,103동,1/20,500000000,161.46,OWNER,"입주일협의가능, 실내수리된 내부 깔끔한 집",25.07.17,"['25년이내', '1층', '대형평수', '방네개이상']",남향,10237164.003468351
경기도,용인시 기흥구,신갈동,원대마을신갈한신,매매,103동,1/20,500000000,161.46,OWNER,추천매물 남향으로 밝고 환함 입주일 협의 가능 즉시입주가능 방4화2,25.07.01,"['25년이내', '1층', '대형평수', '방네개이상']",남향,10237164.003468351
경기도,용인시 기흥구,신갈동,원대마을신갈한신,매매,103동,중/20,520000000,161.46,DOCV2,"리모델링함,깨끗함",25.06.27,"['25년이내', '대형평수', '방네개이상', '화장실두개']",남향,10646650.563607085
경기도,용인시 기흥구,신갈동,원대마을신갈한신,매매,103동,17/20,520000000,161.46,NONE,"부분수리해서 집상태 아주좋고,채광이나 전망도 아주 좋습니다",25.07.10,"['25년이내', '대형평수', '방네개이상', '화장실두개']",남동향,10646650.563607085
경기도,용인시 기흥구,신갈동,원대마을신갈한신,매매,104동,11/19,470000000,133.91,OWNER,정상입주 방2확장 주인거주로 관리 잘됨 신갈오거리 주차굿,25.07.16,"['25년이내', '대형평수', '방세개', '화장실두개']",동향,11602710.40250915
경기도,용인시 기흥구,신갈동,원대마을신갈한신,매매,106동,1/20,440000000,133.91,OWNER,조용한 동 햇빛 잘 들어요,25.07.08,"['25년이내', '1층', '대형평수', '방세개']",남향,10862111.866178777
경기도,용인시 기흥구,신갈동,원대마을신갈한신,매매,106동,9/20,500000000,133.91,OWNER,"주인거주로 깨끗, 입주협의, 지하주차장 굿 톨게이트접근성최고",25.07.07,"['25년이내', '대형평수', '방세개', '화장실두개']",동향,12343308.938839521
경기도,용인시 기흥구,신갈동,원대마을신갈한신,매매,106동,17/20,470000000,133.91,OWNER,전망 잘 나오고 관리 잘 됨 부분수리,25.07.05,"['25년이내', '대형평수', '방세개', '화장실두개']",동향,11602710.40250915
경기도,용인시 기흥구,신갈동,원대마을신갈한신,매매,106동,저/20,470000000,133.91,OWNER,신갈오거리 근접해있음.동사무소 도보3분.가격조정가능,25.07.10,"['25년이내', '대형평수', '방세개', '화장실두개']",동향,11602710.40250915
경기도,용인시 기흥구,신갈동,원대마을신갈한신,매매,104동,고/19,530000000,133.91,OWNER,정상입주 조정가 화이트톤 올수리  올확장형 확트인 남향 뷰,25.07.08,"['25년이내', '올수리', '대형평수', '방세개']",남향,13083907.475169891
경기도,용인시 기흥구,신갈동,원대마을신갈한신,매매,106동,중/20,490000000,133.91,OWNER,방확장 화장실 씽크대 샷시 수리  확트인 남향뷰,25.07.07,"['25년이내', '대형평수', '방세개', '화장실두개']",남향,12096442.76006273
경기도,용인시 기흥구,신갈동,원대마을신갈한신,매매,105동,1/18,460000000,115.77,OWNER,샷시포함 올수리 화이트컨셉 깨끗 반1확장 거실 폴딩샷시로 개방감 좋음,25.07.12,"['25년이내', '올수리', '1층', '방세개']",동향,13135191.327632377
경기도,용인시 기흥구,신갈동,원대마을신갈한신,매매,105동,14/18,450000000,115.77,OWNER,전망 잘 나오고  씽크대교체 화장실 줄눈시공 전등교체등 수리 잘 됨,25.07.08,"['25년이내', '방세개', '화장실두개', '고층']",동향,12849643.69007515
경기도,용인시 기흥구,신갈동,원대마을신갈한신,매매,102동,1/17,450000000,115.77,OWNER,아이 키우기 좋은 1층 입니다. 조절 가능 샤시포함 올수리하심,25.06.24,"['25년이내', '올수리', '1층', '방세개']",동향,12849643.69007515
경기도,용인시 기흥구,신갈동,원대마을신갈한신,매매,105동,16/18,450000000,115.77,DOC,정상입주 기본 깨끗합니다,25.07.03,"['25년이내', '방세개', '화장실두개', '고층']",동향,12849643.69007515
경기도,용인시 기흥구,신갈동,원대마을신갈한신,매매,105동,중/18,430000000,115.77,OWNER,"동향, 전망 탁트여 조용하고 햇살 좋은 집, 주인거주로  아주 깔끔",25.06.22,"['25년이내', '방세개', '화장실두개', '중층']",동향,12278548.4149607
경기도,용인시 기흥구,신갈동,이안두드림기흥역(도시형),매매,1동,5/15,160000000,39.89,OWNER,즉시입주매물 하시임장가능 기흥역도보가능 롯데마트 병원생활교통편리 채광굿,25.07.14,"['10년이내', '소형평수', '방한개', '화장실한개']",남향,13259603.910754576
경기도,용인시 기흥구,신갈동,이안두드림기흥역(도시형),매매,1동,5/15,160000000,39.89,OWNER,1.5룸 월세안고 매매 협의조정가능 채광풍부 전망좋음,25.07.02,"['10년이내', '소형평수', '방한개', '화장실한개']",남향,13259603.910754576
경기도,용인시 기흥구,신갈동,이안두드림기흥역(도시형),매매,1동,저/15,160000000,39.89,OWNER,입주가능한 도시형생활주택  풀옵션  1인가구추천  1.5룸,25.06.24,"['10년이내', '소형평수', '방한개', '화장실한개']",북동향,13259603.910754576
경기도,용인시 기흥구,신갈동,이안두드림기흥역(도시형),매매,1동,7/15,167000000,39.62,OWNER,풀옵션 입주가능 넓은 원룸 상가이용 상권편리 기흥역도보10분,25.07.17,"['10년이내', '소형평수', '방한개', '화장실한개']",북서향,13934025.618374558
경기도,용인시 기흥구,신갈동,이안두드림기흥역(도시형),매매,1동,중/15,160000000,39.62,OWNER,큰평형 원룸 10월중 협의입주 버스정류장 롯데마트 등 편의시설 굿,25.07.19,"['10년이내', '소형평수', '방한개', '화장실한개']",북향,13349964.664310955
경기도,용인시 기흥구,신갈동,이안두드림기흥역(도시형),매매,1동,10/15,160000000,39.62,OWNER,"주인거주 입주가.가장 큰원룸,풀옵션.기흥역도보10분",25.07.03,"['10년이내', '소형평수', '방한개', '화장실한개']",북향,13349964.664310955
경기도,용인시 기흥구,신갈동,이안두드림기흥역(도시형),매매,1동,고/15,165000000,39.62,OWNER,가장 넓은 원룸.풀옵션.교통편리,25.07.04,"['10년이내', '소형평수', '방한개', '화장실한개']",북향,13767151.060070673
경기도,용인시 기흥구,신갈동,이안두드림기흥역(도시형),매매,1동,저/15,167000000,39.62,DOCV2,,25.06.30,"['10년이내', '소형평수', '방한개', '화장실한개']",북향,13934025.618374558
경기도,용인시 기흥구,신갈동,이안두드림기흥역(도시형),매매,1동,4/15,135000000,31.73,OWNER,"풀옵션, 거실겸방 넓어요,버스정류장 이용및 신갈IC이용 편리함",25.06.24,"['10년이내', '소형평수', '방한개', '화장실한개']",남향,14064953.514024584
경기도,용인시 기흥구,신갈동,이안두드림기흥역(도시형),매매,1동,중/15,110000000,27.72,OWNER,세안고 매매 정남향  버스정류장 롯데마트 편의시설 굿,25.07.19,"['10년이내', '소형평수', '방한개', '화장실한개']",남향,13118194.444444446
경기도,용인시 기흥구,신갈동,이안두드림기흥역(도시형),월세,1동,중/15,"1,000/60",27.72,NDOC1,풀옵션 8월4일 입주,25.07.16,"['10년이내', '소형평수', '방한개', '화장실한개']",남향,
경기도,용인시 기흥구,신갈동,이안두드림기흥역(도시형),매매,1동,11/15,120000000,27.72,DOC,세안고 조정가능,25.07.18,"['10년이내', '소형평수', '방한개', '화장실한개']",북향,14310757.575757578
경기도,용인시 기흥구,신갈동,이안두드림기흥역(도시형),매매,1동,3/15,115000000,27.72,DOC,월세수익목적 도시형생활주택,25.07.17,"['10년이내', '소형평수', '방한개', '화장실한개']",남향,13714476.010101013
경기도,용인시 기흥구,신갈동,이안두드림기흥역(도시형),매매,1동,5/15,120000000,27.72,OWNER,세안고 매매   캡투자 추천,25.06.24,"['10년이내', '소형평수', '방한개', '화장실한개']",남서향,14310757.575757578
경기도,용인시 기흥구,신갈동,이안두드림기흥역(도시형),매매,1동,4/15,115000000,27.72,OWNER,"풀옵션, 긴월세안고 진행,버스정류장및 신갈IC이용 편리함",25.06.24,"['10년이내', '소형평수', '방한개', '화장실한개']",북향,13714476.010101013
경기도,용인시 기흥구,신갈동,이안두드림기흥역(도시형),매매,1동,중/15,120000000,27.72,OWNER,세안고 매매 해잘드는 남향 풀옵션원룸,25.06.30,"['10년이내', '소형평수', '방한개', '화장실한개']",남향,14310757.575757578
경기도,용인시 기흥구,신갈동,이안두드림기흥역(도시형),매매,1동,고/15,120000000,27.72,OWNER,세안고매매 버스정류장 롯데마트 이용편리,25.06.30,"['10년이내', '소형평수', '방한개', '화장실한개']",남향,14310757.575757578
경기도,용인시 기흥구,신갈동,이안두드림기흥역(도시형),매매,1동,5/15,110000000,27.72,DOC,급매. 풀옵션. 기흥역 10분. 수원 IC 5분. 세 안고 매매,25.06.30,"['10년이내', '급매', '소형평수', '방한개']",북서향,13118194.444444446
경기도,용인시 기흥구,신갈동,이안두드림기흥역(도시형),매매,1동,중/15,110000000,27.72,NDOC1,"급매,준신축 풀옵션,기흥역도보,입주 또는 세안고 ",25.06.26,"['10년이내', '급매', '소형평수', '방한개']",남향,13118194.444444446
경기도,용인시 기흥구,신갈동,이안두드림기흥역(도시형),매매,1동,중/15,120000000,27.72,DOC,세안고매매 편의시설굿  기흥역 도보10분,25.06.26,"['10년이내', '소형평수', '방한개', '화장실한개']",북향,14310757.575757578
경기도,용인시 기흥구,신갈동,이안두드림기흥역(도시형),월세,1동,저/15,500/60,27.7,NONE,풀옵션원룸 해잘드는 남향 기흥역 도보10분,25.07.18,"['10년이내', '소형평수', '방한개', '화장실한개']",남향,
경기도,용인시 기흥구,신갈동,파크시엘,매매,409동,3/10,1000000000,126.99,DOC,"로얄동, 귀한 테라스형, 대리석바닥, 주인전세 가능",25.07.21,"['25년이내', '테라스', '역세권', '방세개']",남향,26031852.901803296
경기도,용인시 기흥구,신갈동,파크시엘,매매,409동,3/10,1000000000,126.99,DOC,귀한테라스 확장수리함 테라스화강암공사,25.07.18,"['25년이내', '테라스', '역세권', '방세개']",남향,26031852.901803296
경기도,용인시 기흥구,신갈동,파크시엘,매매,409동,3/10,1000000000,126.99,DOC,넓은 테라스정원있는집  전망최고 입주협의가능 ,25.07.18,"['25년이내', '테라스', '마당', '역세권']",남향,26031852.901803296
경기도,용인시 기흥구,신갈동,파크시엘,매매,409동,5/10,730000000,122.62,OWNER,"예쁜공원전망,선호동,엘베연결동,집깨끗,전세안고",25.07.16,"['25년이내', '역세권', '방세개', '화장실두개']",남향,19680501.141738705
경기도,용인시 기흥구,신갈동,파크시엘,매매,409동,3/10,800000000,122.62,NDOC1,샷시포함전체올수리 만골공원전망굿 집상태최상 전세안고,25.07.10,"['25년이내', '올수리', '역세권', '방세개']",남향,21567672.48409721
경기도,용인시 기흥구,신갈동,파크시엘,매매,410동,5/18,770000000,122.62,NDOC1,만골공원조망 신갈역역세권 올수리 입주협의,25.07.07,"['25년이내', '올수리', '방세개', '화장실두개']",남향,20758884.76594357
경기도,용인시 기흥구,신갈동,파크시엘,매매,410동,5/18,730000000,122.62,NDOC1,"전망굿, 확장및화장실수리, 입주가능",25.07.03,"['25년이내', '욕실수리', '방세개', '화장실두개']",남향,19680501.141738705
경기도,용인시 기흥구,신갈동,파크시엘,매매,410동,2/18,720000000,122.62,OWNER,공원조망 남향 필로티2층 관리잘된깨끗한집,25.07.01,"['25년이내', '필로티', '방세개', '화장실두개']",남향,19410905.23568749
경기도,용인시 기흥구,신갈동,파크시엘,매매,401동,6/18,700000000,108.41,OWNER,"거실,방2확장 주인거주로깨끗 입구동 생활편리",25.07.21,"['25년이내', '방세개', '화장실두개', '세대당1대']",남향,21345350.982381698
경기도,용인시 기흥구,신갈동,파크시엘,매매,408동,17/18,700000000,108.41,OWNER,"로얄동,층,실거주투자추천물,신갈역세권,만골근린공원뷰,거실,입구방확장",25.07.14,"['25년이내', '역세권', '방세개', '화장실두개']",남향,21345350.982381698
경기도,용인시 기흥구,신갈동,파크시엘,매매,401동,16/18,720000000,108.41,DOC,탑층다락방수리 샷시포함올수리 신갈역 근린상가이용편리,25.07.19,"['25년이내', '올수리', '방세개', '화장실두개']",남향,21955218.153306894
경기도,용인시 기흥구,신갈동,파크시엘,매매,410동,중/18,710000000,108.41,NDOC1,"입주정상,남향,일조권 굿,전망좋은 집,만골근린공원 조망굿,올수리",25.07.15,"['25년이내', '올수리', '방세개', '화장실두개']",남향,21650284.567844298
경기도,용인시 기흥구,신갈동,파크시엘,매매,405동,저/18,630000000,108.41,NDOC1,"거실,작은방 확장,전원형 전망,숲세권,조용하고 쾌적한 동,초역세권",25.07.15,"['25년이내', '역세권', '방세개', '화장실두개']",남향,19210815.88414353
경기도,용인시 기흥구,신갈동,파크시엘,매매,403동,14/20,670000000,108.41,DOC,전망굿  주인거주하는 관리잘된기본집 2월중입주협의가능 ,25.07.17,"['25년이내', '방세개', '화장실두개', '고층']",남향,20430550.225993913
경기도,용인시 기흥구,신갈동,파크시엘,매매,411동,저/20,650000000,108.41,OWNER,"조망굿,아주깨끗,입주협의",25.07.10,"['25년이내', '방세개', '화장실두개', '세대당1대']",남향,19820683.05506872
경기도,용인시 기흥구,신갈동,파크시엘,매매,406동,고/18,680000000,108.41,NDOC1,신갈초역세권 부분수리로 아주깨끗함  세안고,25.07.09,"['25년이내', '역세권', '방세개', '화장실두개']",남향,20735483.81145651
경기도,용인시 기흥구,신갈동,파크시엘,매매,405동,14/18,650000000,108.41,DOC,남향 화이트톤올수리 밝고환한집  신갈역 상가 근접동,25.07.09,"['25년이내', '올수리', '역세권', '방세개']",남향,19820683.05506872
경기도,용인시 기흥구,신갈동,파크시엘,매매,412동,17/20,610000000,102.08,NDOC1,"공원전망굿,초중 인접동,부분수리로 깨끗,확장형,전세안고",25.07.21,"['25년이내', '방세개', '화장실두개', '고층']",남동향,19754397.04153605
경기도,용인시 기흥구,신갈동,파크시엘,매매,412동,20/20,680000000,102.08,OWNER,"올확장, 화이트 올수리, 다락방 넓음, 관리잘됨, 고층전망굿",25.07.21,"['25년이내', '올수리', '탑층', '방세개']",남향,22021295.062695928
경기도,용인시 기흥구,신갈동,파크시엘,매매,411동,3/20,620000000,102.08,OWNER,"전세안고 매수추천, 필로티저층, 입구방 확장,최근부분수리, 숲전망",25.07.14,"['25년이내', '필로티', '방세개', '화장실두개']",남향,20078239.615987465
경기도,용인시 기흥구,신갈동,파크시엘,매매,412동,15/20,650000000,102.08,OWNER,"소유주 관리잘된 고층, 샷시 재시공됨, 학교앞, 채광전망굿",25.07.09,"['25년이내', '방세개', '화장실두개', '고층']",남향,21049767.339341696
경기도,용인시 기흥구,신갈동,파크시엘,매매,412동,6/20,595000000,102.08,OWNER,"급매,선호동,전세안고매매,초중바로앞,투자추천",25.07.08,"['25년이내', '급매', '방세개', '화장실두개']",남향,19268633.179858934
경기도,용인시 기흥구,신갈동,파크시엘,매매,412동,11/20,620000000,102.08,DOC,수리 잘되어있으며 전망좋고 세안고 가능함.,25.07.11,"['25년이내', '방세개', '화장실두개', '중층']",남향,20078239.615987465
경기도,용인시 기흥구,신갈동,파크시엘,매매,412동,저/20,620000000,102.08,NDOC1,만골공원조망가능 관리잘된깨끗한집,25.07.01,"['25년이내', '방세개', '화장실두개', '세대당1대']",남향,20078239.615987465
경기도,용인시 기흥구,신갈동,파크시엘,매매,412동,5/20,599000000,102.08,NDOC1,초급매 기본집 협의입주  집깨끗,25.06.24,"['25년이내', '급매', '방세개', '화장실두개']",남향,19398170.2096395
경기도,용인시 기흥구,신갈동,파크시엘,매매,412동,17/20,610000000,102.08,NONE,30P 세안고매매 부분수리 대중교통이용편리,25.07.11,"['25년이내', '방세개', '화장실두개', '고층']",남향,19754397.04153605
경기도,용인시 기흥구,신갈동,파크시엘,매매,412동,11/20,620000000,102.08,NONE,올수리되어있고전망아주좋으며신갈역역세권학세권단지임,25.07.03,"['25년이내', '올수리', '방세개', '화장실두개']",남향,20078239.615987465
경기도,용인시 기흥구,신갈동,플랫폼시티더퍼스트,매매,103동,5/16,550000000,81.04,NDOC1,초역세권 올수리된집  협의입주  집아주깨끗,25.07.21,"['25년이내', '올수리', '역세권', '방세개']",남향,22435608.95853899
경기도,용인시 기흥구,신갈동,플랫폼시티더퍼스트,매매,103동,9/16,540000000,81.04,NDOC1,집상태깨끗 역세권 상가이용편리 생활환경좋은동네,25.07.21,"['25년이내', '역세권', '방세개', '화장실두개']",남향,22027688.795656465
경기도,용인시 기흥구,신갈동,플랫폼시티더퍼스트,월세,102동,3/18,"2억 5,000/20",81.04,NDOC1,급반전세 입구동 융자무조건 하시입주 날짜협의가능 신갈역도보6분,25.07.19,"['25년이내', '융자금없는', '방세개', '화장실두개']",남향,
경기도,용인시 기흥구,신갈동,플랫폼시티더퍼스트,매매,103동,5/16,540000000,81.04,NDOC1,부분수리 환하고깨끗 9월중순이후 아무때나입주가능 날짜협의가,25.07.15,"['25년이내', '역세권', '방세개', '화장실두개']",남향,22027688.795656465
경기도,용인시 기흥구,신갈동,플랫폼시티더퍼스트,매매,103동,11/16,600000000,81.04,NDOC1,"주인거주 깨끗한집 올수리 거실,주방베란다확장",25.07.14,"['25년이내', '올수리', '역세권', '확장형']",남향,24475209.77295163
경기도,용인시 기흥구,신갈동,플랫폼시티더퍼스트,월세,102동,4/18,"2억 5,000/30",81.04,OWNER,"씽크대,화장실수리해줌 채광굿 교통등생활환경편리",25.07.10,"['25년이내', '욕실수리', '방세개', '화장실두개']",남향,
경기도,용인시 기흥구,신갈동,플랫폼시티더퍼스트,매매,102동,9/18,550000000,81.04,OWNER,알짜추천 입구동 중간층 남향 부분수리 아주깨끗 입주가능 날짜협의,25.07.08,"['25년이내', '방세개', '화장실두개', '중층']",남향,22435608.95853899
경기도,용인시 기흥구,신갈동,플랫폼시티더퍼스트,전세,102동,4/18,350000000,81.04,OWNER,"씽크대,화장실수리해줌 채광굿 교통등생활환경편리",25.07.08,"['25년이내', '욕실수리', '방세개', '화장실두개']",남향,14277205.700888451
경기도,용인시 기흥구,신갈동,플랫폼시티더퍼스트,매매,102동,18/18,550000000,81.04,OWNER,"신갈역5분, 입구동 다락방있는 탑층, 부분수리, 관리잘됨",25.07.08,"['25년이내', '탑층', '방세개', '화장실두개']",남향,22435608.95853899
경기도,용인시 기흥구,신갈동,플랫폼시티더퍼스트,매매,103동,16/16,550000000,81.04,NDOC1,귀한다락방 부분수리 주인거주 집상태아주깨끗 신갈역세권 생활편리,25.06.30,"['25년이내', '역세권', '탑층', '방세개']",남향,22435608.95853899
경기도,용인시 기흥구,신갈동,플랫폼시티더퍼스트,매매,102동,3/18,530000000,81.04,NDOC1,초급매 집상태깨끗 채광전망굿 날짜협의가능 주차굿 교통굿 상가이용편리,25.06.26,"['25년이내', '급매', '방세개', '화장실두개']",남향,21619768.63277394
경기도,용인시 기흥구,신갈동,플랫폼시티더퍼스트,매매,102동,고/18,550000000,81.04,DOC,부분수리  신갈역세권 근린상가인접,25.06.25,"['25년이내', '방세개', '화장실두개', '고층']",남향,22435608.95853899
경기도,용인시 기흥구,신갈동,플랫폼시티더퍼스트,월세,105동,9/20,"5,000/100",70.77,NDOC1,집상태깨끗 로얄층 교통편리 생활환경좋은동네,25.07.21,"['25년이내', '방두개', '화장실한개', '중층']",남서향,
경기도,용인시 기흥구,신갈동,플랫폼시티더퍼스트,매매,104동,11/15,465000000,70.77,NDOC1,급매 올수리 주인거주깨끗 플랫폼시티투자추천 생활환경굿,25.07.21,"['25년이내', '올수리', '급매', '방두개']",남서향,21720927.299703266
경기도,용인시 기흥구,신갈동,플랫폼시티더퍼스트,매매,106동,19/20,480000000,70.77,NDOC1,로얄층 전세끼고매매 집상태굿 2026년1월입주가능 앞전망짱,25.07.19,"['25년이내', '방두개', '화장실한개', '고층']",남서향,22421602.37388724
경기도,용인시 기흥구,신갈동,플랫폼시티더퍼스트,매매,104동,13/15,480000000,70.77,NDOC1,로얄층 전세끼고매매 부분수리 상태굿 gtx가까운동,25.07.11,"['25년이내', '방두개', '화장실한개', '고층']",남동향,22421602.37388724
경기도,용인시 기흥구,신갈동,플랫폼시티더퍼스트,매매,106동,1/20,450000000,70.77,OWNER,전세끼고매매 집상태굿 아늑하고깨끗한집 ,25.07.05,"['25년이내', '1층', '방두개', '화장실한개']",남향,21020252.22551929
경기도,용인시 기흥구,신갈동,플랫폼시티더퍼스트,매매,104동,6/15,470000000,70.77,NDOC1,정상입주 날짜협의 주인거주 깨끗함 gtx가까운동,25.07.05,"['25년이내', '방두개', '화장실한개', '중층']",남서향,21954485.65776459
경기도,용인시 기흥구,신갈동,플랫폼시티더퍼스트,전세,106동,6/20,280000000,70.77,OWNER,급전세 융자무조건 아주깨끗 9월10일입주가 조용쾌적 잘관리된집,25.07.04,"['25년이내', '융자금없는', '방두개', '화장실한개']",남서향,13079268.051434224
경기도,용인시 기흥구,신갈동,플랫폼시티더퍼스트,월세,104동,저/15,"2,000/90",70.77,DOC,귀한월세 하시입주 날짜협의가 깨끗함 ,25.07.19,"['25년이내', '융자금없는', '방두개', '화장실한개']",남서향,
경기도,용인시 기흥구,신갈동,플랫폼시티더퍼스트,매매,104동,15/15,470000000,70.77,NDOC1,"입주날자협의,집상태아주깨끗,전망채광",25.06.30,"['25년이내', '탑층', '방두개', '화장실한개']",남동향,21954485.65776459
경기도,용인시 기흥구,신갈동,플랫폼시티더퍼스트,매매,107동,7/18,470000000,70.16,NDOC1,신갈역 근린상가인접 부분수리 집상태깨끗 세안고,25.07.17,"['25년이내', '방두개', '화장실한개', '중층']",남향,22145367.018244017
경기도,용인시 기흥구,신갈동,해밀뜨락(주상복합),매매,1동,6/10,270000000,77.82,OWNER,"준신축 깔끔하고 저렴한 매물,로열층,입주",25.07.12,"['10년이내', '방세개', '화장실두개', '중층']",남향,11469570.161912106
경기도,용인시 기흥구,신갈동,희망,매매,1동,5/7,160000000,68.93,DOC,2년전올수리  월세안고  투자용  해잘들고  남향,25.07.18,"['25년이상', '올수리', '방세개', '화장실한개']",남향,7673372.987088351
경기도,용인시 기흥구,언남동,글로하임2(도시형),월세,1동,8/10,"8,400/3",41.78,DOC,관리잘된 분리형 1.5룸,25.07.11,"['15년이내', '융자금적은', '세대분리', '소형평수']",남향,
경기도,용인시 기흥구,언남동,까사27(도시형),월세,1동,중/10,"2,000/75",46.46,DOC,"풀옵션 투룸, 구성역, 빠른입주",25.07.17,"['10년이내', '소형평수', '방두개', '화장실한개']",북향,
경기도,용인시 기흥구,언남동,까사90(도시형),매매,1동,7/10,295000000,66.36,NDOC1,전세2억4000끼고 매매 남향 예쁜집,25.06.26,"['10년이내', '방세개', '화장실한개', '고층']",남향,14695698.83966245
경기도,용인시 기흥구,언남동,까사90(도시형),월세,1동,고/10,"3,000/100",66.36,DOC,"깨끗,교통편리,입주협의가능",25.07.01,"['10년이내', '방세개', '화장실한개', '고층']",남향,
경기도,용인시 기흥구,언남동,까사90(도시형),매매,1동,고/10,270000000,66.36,DOCV2,급매 도시형 신혼부부추천 GTX구성역 근접,25.06.24,"['10년이내', '급매', '방두개', '화장실한개']",남향,13450300.632911393
경기도,용인시 기흥구,언남동,까사90(도시형),매매,1동,3/10,285000000,66.36,NONE,세안고 플랫폼시티 대비 5000만원대 투자물건,25.07.14,"['10년이내', '방세개', '화장실한개', '관리비20만원이하']",남향,14197539.556962024
경기도,용인시 기흥구,언남동,까사90(도시형),매매,1동,고/10,270000000,66.36,NONE,20P 전세가능 투룸 밝고 전망좋은집 GTX구성역대중교통이용편리,25.07.05,"['10년이내', '방두개', '화장실한개', '고층']",남향,13450300.632911393
경기도,용인시 기흥구,언남동,까사90(도시형),매매,1동,중/10,280000000,65.36,OWNER,깨끗함. 교통편리 생활편리,25.07.14,"['10년이내', '방세개', '화장실한개', '중층']",북향,14161869.64504284
경기도,용인시 기흥구,언남동,까사90(도시형),월세,1동,3/10,"5,000/80",65.36,DOC,"준신축,교통편리,입주협의",25.07.10,"['10년이내', '방세개', '화장실한개', '저층']",남서향,
경기도,용인시 기흥구,언남동,까사90(도시형),매매,1동,6/10,210000000,55.33,OWNER,소형 아파트 정상입주 생활권 교통 편리 아주깨끗,25.07.15,"['10년이내', '소형평수', '방두개', '화장실한개']",남향,12546807.337791434
경기도,용인시 기흥구,언남동,까사90(도시형),매매,1동,중/10,225000000,55.33,OWNER,"세안고, gtx용인역, 구성역, 투룸풀옵션",25.07.11,"['10년이내', '소형평수', '방두개', '화장실한개']",남향,13443007.861919394
경기도,용인시 기흥구,언남동,까사90(도시형),매매,1동,고/10,200000000,55.33,OWNER,"월세안고, 남향, gtx용인역, 구성역 교통편리, 중심생활권",25.07.11,"['10년이내', '소형평수', '방두개', '화장실한개']",남향,11949340.321706127
경기도,용인시 기흥구,언남동,까사90(도시형),매매,1동,고/10,200000000,55.33,NONE,급매 모든 협의조정 가능합니다.,25.07.14,"['10년이내', '급매', '소형평수', '방두개']",남향,11949340.321706127
경기도,용인시 기흥구,언남동,까사90(도시형),매매,1동,9/10,200000000,50.58,OWNER,"세안고, 교통상권우수,초중고인근",25.07.17,"['10년이내', '소형평수', '방두개', '화장실한개']",북향,13071510.478449982
경기도,용인시 기흥구,언남동,까사90(도시형),월세,1동,10/10,"1억 7,000/35",50.58,OWNER,"빠른입주가능, 주변인프라 좋은위치, 대단지 앞, 교통편리",25.07.16,"['10년이내', '소형평수', '탑층', '방두개']",북향,
경기도,용인시 기흥구,언남동,까사90(도시형),매매,1동,4/10,220000000,50.58,NDOC1,전세 1억7천 안고 실투자 5천 GTX 플랫폼시티 투자,25.07.11,"['10년이내', '소형평수', '방두개', '화장실한개']",북향,14378661.526294978
경기도,용인시 기흥구,언남동,까사90(도시형),매매,1동,6/10,265000000,50.58,OWNER,,25.06.27,"['10년이내', '소형평수', '방두개', '화장실한개']",남동향,17319751.383946225
경기도,용인시 기흥구,언남동,더시티(도시형),매매,1동,8/10,220000000,58.15,OWNER,긴 세안고매매 교통편리 생활편리,25.07.10,"['10년이내', '소형평수', '방세개', '화장실한개']",서향,12506839.208942391
경기도,용인시 기흥구,언남동,더시티(도시형),매매,1동,고/10,230000000,58.15,DOC,전세가격으로 내집마련기회 생활상권의 중심  ,25.07.19,"['10년이내', '소형평수', '방세개', '화장실한개']",서향,13075331.900257954
경기도,용인시 기흥구,언남동,더시티(도시형),매매,1동,8/10,220000000,55.37,OWNER,생활상권중 저렴한 가격으로 내집마련기회,25.07.08,"['10년이내', '소형평수', '방세개', '화장실한개']",남동향,13134778.76106195
경기도,용인시 기흥구,언남동,더시티(도시형),매매,1동,고/10,230000000,55.37,NONE,기본.세안고,25.07.04,"['10년이내', '소형평수', '방세개', '화장실한개']",북향,13731814.159292037
경기도,용인시 기흥구,언남동,더시티(도시형),매매,1동,고/10,210000000,55.32,OWNER,"정상입주,집상태 깨끗합니다.",25.07.03,"['10년이내', '소형평수', '방세개', '화장실한개']",남서향,12549075.379609546
경기도,용인시 기흥구,언남동,더시티(도시형),매매,1동,10/10,145000000,31.02,OWNER,"탁트인전망,개인테라스별도",25.07.21,"['10년이내', '테라스', '소형평수', '탑층']",남동향,15452573.339780789
경기도,용인시 기흥구,언남동,동원베네스트언남,전세,1동,3/4,400000000,182.21,OWNER,주인거주로깨끗 로얄동 부분수리 입주날짜협의가능,25.07.16,"['25년이내', '대형평수', '방네개이상', '화장실두개']",남동향,7257087.975412984
경기도,용인시 기흥구,언남동,동원베네스트언남,매매,2동,3/4,650000000,182.21,OWNER,"정남향 고급타운하우스,",25.07.14,"['25년이내', '대형평수', '방네개이상', '화장실두개']",남향,11792767.960046101
경기도,용인시 기흥구,언남동,동원베네스트언남,매매,1동,3/4,750000000,182.21,OWNER,"입주가능,교통편리,경찰청골프장뷰,깨끗,주차여유,플렛폼시티호재",25.06.27,"['25년이내', '대형평수', '방네개이상', '화장실두개']",남향,13607039.953899346
경기도,용인시 기흥구,언남동,동원베네스트언남,매매,2동,3/4,625000000,182.21,OWNER,부분수리로 깨끗  숲속에 타운하우스 고급빌라.,25.06.25,"['25년이내', '대형평수', '방네개이상', '화장실두개']",남동향,11339199.96158279
경기도,용인시 기흥구,언남동,동원베네스트언남,매매,2동,고/4,640000000,182.21,NONE,"세안고매매,엘베있는 자연속 햇살 품은 타운하우스,",25.06.30,"['25년이내', '대형평수', '방네개이상', '화장실두개']",남동향,11611340.760660775
경기도,용인시 기흥구,언남동,동원베네스트언남,매매,1동,고/4,750000000,177.66,OWNER,"단독테라스가 아름다운 도심속 타운하우스 ,주차여유 ,",25.07.07,"['25년이내', '테라스', '대형평수', '방네개이상']",남동향,13955526.004728133
경기도,용인시 기흥구,언남동,동원베네스트언남,매매,3동,중/4,675000000,172.37,OWNER,넓은테라스 확트인 전망 최근올수리 햇빛잘들고 조용한 동네,25.06.22,"['25년이내', '올수리', '테라스', '대형평수']",남향,12945436.415849626
경기도,용인시 기흥구,언남동,동원베네스트언남,매매,2동,1/4,660000000,165.9,OWNER,복층 특올수리 테라스확장수리 이중창교체,25.07.12,"['25년이내', '올수리', '테라스', '1층']",남동향,13151405.06329114
경기도,용인시 기흥구,언남동,동원베네스트언남,매매,1동,저/4,600000000,165.9,OWNER,급매 복층 도배 타일등 수리 가격조정가,25.07.18,"['25년이내', '복층', '급매', '대형평수']",남동향,11955822.784810126
경기도,용인시 기흥구,언남동,동원베네스트언남,전세,1동,저/4,450000000,165.9,OWNER,"복층,초.중 도보권,도심속 조용한 타운 하우스,숲세권",25.07.15,"['25년이내', '복층', '대형평수', '방네개이상']",남동향,8966867.088607594
경기도,용인시 기흥구,언남동,동원베네스트언남,매매,2동,1/4,660000000,165.9,OWNER,복층 주인거주로깨끗 엘베있는 조용한 타운하우스,25.06.23,"['25년이내', '1층', '복층', '대형평수']",남동향,13151405.06329114
경기도,용인시 기흥구,언남동,동원베네스트언남,전세,1동,저/4,450000000,165.9,NONE,"복층,초.중 도보권,테라스,공기좋은 조용한 타운하우스,",25.06.30,"['25년이내', '테라스', '복층', '대형평수']",남동향,8966867.088607594
경기도,용인시 기흥구,언남동,동원베네스트언남,매매,2동,고/4,750000000,164.24,NONE,"탑층,옥탑방,발코니,24년강마루교체,시스템에어컨 5대 설치,자연친화적단지",25.06.30,"['25년이내', '대형평수', '방네개이상', '화장실두개']",남동향,15095827.752070142
경기도,용인시 기흥구,언남동,동원베네스트언남,매매,3동,1/4,690000000,160.71,OWNER,"복층,단독테라스가 아름다운 고급 타운하우스에요.주인거주로 깨끗해요",25.07.17,"['25년이내', '테라스', '1층', '복층']",남동향,14193215.419077842
경기도,용인시 기흥구,언남동,동원베네스트언남,전세,3동,1/4,500000000,160.71,OWNER,복층 깨끗한집 에어컨교체 부분수리 초중학교인접,25.07.12,"['25년이내', '1층', '복층', '대형평수']",남동향,10284938.709476696
경기도,용인시 기흥구,언남동,스파팰리스리가,매매,102동,20/20,1750000000,236.19,OWNER,언남동에 귀한 탑층 대형평수입니다. 정남향에 정원까지,25.07.14,"['15년이내', '마당', '대형평수', '탑층']",남향,24493516.872009825
경기도,용인시 기흥구,언남동,스파팰리스리가,매매,101동,중/20,780000000,154.9,OWNER,"예쁘고깔끔한관리,판상형,상권교통편리",25.07.21,"['15년이내', '대형평수', '방네개이상', '화장실두개']",남서향,16646302.775984505
경기도,용인시 기흥구,언남동,스파팰리스리가,매매,101동,20/20,820000000,154.9,OWNER,북카페 인테리어 아주 예쁜 탑층,25.07.14,"['15년이내', '대형평수', '탑층', '방세개']",남동향,17499959.328599095
경기도,용인시 기흥구,언남동,스파팰리스리가,매매,102동,2/20,730000000,154.9,OWNER,"정상입주, 굿선호타입, 주인거주. 깨끗.",25.07.14,"['15년이내', '필로티', '대형평수', '방네개이상']",남동향,15579232.085216267
경기도,용인시 기흥구,언남동,스파팰리스리가,매매,101동,고/20,780000000,154.9,OWNER,전망 좋아요. 선호하는 동호수 입니다.,25.07.18,"['15년이내', '대형평수', '방네개이상', '화장실두개']",남서향,16646302.775984505
경기도,용인시 기흥구,언남동,스파팰리스리가,월세,101동,고/20,1억/180,154.9,OWNER,"46P, 넓고 막힘 없는 뻥뷰 10월중 입주.협의가능.",25.07.18,"['15년이내', '융자금없는', '대형평수', '방네개이상']",남서향,
경기도,용인시 기흥구,언남동,스파팰리스리가,매매,101동,고/20,750000000,154.9,OWNER,"세안고 매매,로얄동호수,주변 개발로 점점 더 생활 인프라 편리해져요.",25.07.14,"['15년이내', '대형평수', '방네개이상', '화장실두개']",남서향,16006060.361523563
경기도,용인시 기흥구,언남동,스파팰리스리가,매매,102동,중/20,750000000,154.9,OWNER,"정상, 선호타입",25.07.03,"['15년이내', '대형평수', '방네개이상', '화장실두개']",남동향,16006060.361523563
경기도,용인시 기흥구,언남동,스파팰리스리가,매매,101동,중/20,700000000,154.9,DOCV2,"세안고,2026년 초, 전망좋은 로얄동, 살기좋은 저렴한 준신축",25.07.07,"['15년이내', '대형평수', '방네개이상', '화장실두개']",남향,14938989.670755325
경기도,용인시 기흥구,언남동,스파팰리스리가,매매,102동,고/20,800000000,154.9,OWNER,"남향 깨끗함,상권교통편리해요",25.06.30,"['15년이내', '대형평수', '방네개이상', '화장실두개']",남향,17073131.052291803
경기도,용인시 기흥구,언남동,스파팰리스리가,매매,101동,중/20,720000000,154.9,OWNER,판상형으로 구조 좋은 집.,25.06.30,"['15년이내', '대형평수', '방네개이상', '화장실두개']",남동향,15365817.94706262
경기도,용인시 기흥구,언남동,스파팰리스리가,매매,102동,중/20,820000000,154.9,OWNER,"시스템에어컨, 선호타입,주인거주로 올수리되어 깨끗해요",25.06.23,"['15년이내', '올수리', '대형평수', '방네개이상']",남동향,17499959.328599095
경기도,용인시 기흥구,언남동,스파팰리스리가,매매,101동,고/20,800000000,154.9,NONE,"세안고,선호타입",25.07.21,"['15년이내', '대형평수', '방네개이상', '화장실두개']",남동향,17073131.052291803
경기도,용인시 기흥구,언남동,스파팰리스리가,매매,102동,저/20,730000000,154.9,NONE,"정상,아주깨끗하고 조망굿",25.07.10,"['15년이내', '대형평수', '방네개이상', '화장실두개']",남향,15579232.085216267
경기도,용인시 기흥구,언남동,스파팰리스리가,매매,102동,중/20,820000000,154.9,NONE,"46,세안고매매.준신축,지하주차장 엘베연결 ,생활편리.",25.06.27,"['15년이내', '대형평수', '방네개이상', '화장실두개']",남향,17499959.328599095
경기도,용인시 기흥구,언남동,스파팰리스리가,매매,102동,17/20,790000000,154.75,OWNER,정남향 전망이 좋은 추천동입니다,25.07.19,"['15년이내', '대형평수', '방네개이상', '화장실두개']",남향,16876059.127625205
경기도,용인시 기흥구,언남동,스파팰리스리가,매매,101동,18/20,750000000,154.75,OWNER,"46, 하시입주,깨끗, 뻥뷰,지하2층 주차장 엘베연결,생활.교통편리.",25.07.18,"['15년이내', '대형평수', '방네개이상', '화장실두개']",남향,16021575.121163169
경기도,용인시 기흥구,언남동,스파팰리스리가,매매,102동,17/20,740000000,154.75,OWNER,"로얄동, 전망굿, 정남향, 세안고, 초중학교 인접, 일부수리로 깨끗함",25.07.14,"['15년이내', '대형평수', '방네개이상', '화장실두개']",남향,15807954.119547658
경기도,용인시 기흥구,언남동,스파팰리스리가,매매,101동,저/20,750000000,154.75,OWNER,주인이 거주해서 깨끗해요.정남향이라  햇빛이 잘들어와요.,25.07.18,"['15년이내', '대형평수', '방네개이상', '화장실두개']",남향,16021575.121163169
경기도,용인시 기흥구,언남동,스파팰리스리가,매매,101동,중/20,750000000,154.75,OWNER,전세안고 집깨끗 투자하기 좋은 집,25.07.14,"['15년이내', '대형평수', '방네개이상', '화장실두개']",남향,16021575.121163169
경기도,용인시 기흥구,언남동,스파팰리스리가,매매,101동,중/20,750000000,154.75,OWNER,남향 입구동  주인거주 붙박이장이 많아 수납하기좋아요,25.07.14,"['15년이내', '대형평수', '방네개이상', '화장실두개']",남향,16021575.121163169
경기도,용인시 기흥구,언남동,스파팰리스리가,매매,101동,고/20,790000000,154.75,OWNER,"정상입주, 올수리된 깨끗한 집",25.07.11,"['15년이내', '올수리', '대형평수', '방네개이상']",남향,16876059.127625205
경기도,용인시 기흥구,언남동,스파팰리스리가,매매,101동,중/20,760000000,154.75,OWNER,,25.07.10,"['15년이내', '대형평수', '방네개이상', '화장실두개']",남향,16235196.122778676
경기도,용인시 기흥구,언남동,스파팰리스리가,매매,102동,고/20,750000000,154.75,OWNER,"정상,남향,깨끗",25.07.03,"['15년이내', '대형평수', '방네개이상', '화장실두개']",남향,16021575.121163169
경기도,용인시 기흥구,언남동,스파팰리스리가,전세,101동,중/20,480000000,154.75,OWNER,"방3,거실넓게사용, 남향,아늑하고 따듯. 입주일협의가능합니다.",25.07.03,"['15년이내', '대형평수', '방세개', '화장실두개']",남향,10253808.077544427
경기도,용인시 기흥구,언남동,스파팰리스리가,전세,101동,저/20,500000000,154.75,OWNER,"정남향 주인거주,방4개, 입주일 협의하시면 됩니다.",25.06.23,"['15년이내', '융자금없는', '대형평수', '방네개이상']",남향,10681050.080775445
경기도,용인시 기흥구,언남동,스파팰리스리가,매매,102동,고/20,750000000,154.75,NONE,"정상,남향,깨끗",25.06.23,"['15년이내', '대형평수', '방네개이상', '화장실두개']",남향,16021575.121163169
경기도,용인시 기흥구,언남동,스파팰리스리가,매매,106동,1/19,610000000,110.3,OWNER,좋은동의 좋은 매물입니다.전세 안고 갭투자 가능,25.07.19,"['15년이내', '1층', '방세개', '화장실두개']",남동향,18282219.854941074
경기도,용인시 기흥구,언남동,스파팰리스리가,매매,105동,저/18,620000000,110.3,OWNER,"급매,하시입주,생활편리한동.호수, 4계절 전망좋고 깨끗.",25.07.21,"['15년이내', '급매', '방세개', '화장실두개']",남서향,18581928.377153218
경기도,용인시 기흥구,언남동,스파팰리스리가,매매,106동,저/19,600000000,110.3,OWNER,아늑한 녹지뷰라 펜션에 온 느낌인 집이에요.주인거주해서 깨끗해요,25.07.21,"['15년이내', '방세개', '화장실두개', '세대당1대']",남서향,17982511.332728922
경기도,용인시 기흥구,언남동,스파팰리스리가,매매,107동,저/16,640000000,110.3,OWNER,"세안고,교통상권병원이용편리한동",25.07.21,"['15년이내', '방세개', '화장실두개', '세대당1대']",남서향,19181345.421577517
경기도,용인시 기흥구,언남동,스파팰리스리가,매매,105동,저/18,630000000,110.3,OWNER,세안고  로얄동으로 집 깨끗,25.07.18,"['15년이내', '방세개', '화장실두개', '세대당1대']",남동향,18881636.89936537
경기도,용인시 기흥구,언남동,스파팰리스리가,전세,108동,고/11,400000000,110.3,OWNER,"입주일협의가능,선호타입,깨끗하고 전망좋아요.",25.07.18,"['15년이내', '융자금없는', '방세개', '화장실두개']",동향,11988340.888485948
경기도,용인시 기흥구,언남동,스파팰리스리가,매매,106동,중/19,640000000,110.3,OWNER,33P B타입 로얄 동호수라  조망이 좋아요,25.07.17,"['15년이내', '방세개', '화장실두개', '중층']",남서향,19181345.421577517
경기도,용인시 기흥구,언남동,스파팰리스리가,매매,103동,고/20,650000000,110.3,OWNER,"33P,깨끗,선호타입, 전세 끼고 투자 매물",25.07.14,"['15년이내', '방세개', '화장실두개', '고층']",남서향,19481053.943789665
경기도,용인시 기흥구,언남동,스파팰리스리가,월세,105동,저/18,"5,000/160",110.3,OWNER,아늑한 녹지뷰 깨끗하고 조용 그리고 조망굿,25.07.08,"['15년이내', '방세개', '화장실두개', '세대당1대']",남서향,
경기도,용인시 기흥구,언남동,스파팰리스리가,매매,107동,중/16,650000000,110.3,OWNER,"초.중 등.하교 편리한 동,선호타입,조용,깨끗,입주일 협의 가능합니다.",25.07.07,"['15년이내', '방세개', '화장실두개', '중층']",남서향,19481053.943789665
경기도,용인시 기흥구,언남동,스파팰리스리가,매매,104동,1/17,610000000,110.3,OWNER,"1층 찾는분 추천, 상권교통이용편리, 채광밝은집",25.06.26,"['15년이내', '1층', '방세개', '화장실두개']",남서향,18282219.854941074
경기도,용인시 기흥구,언남동,스파팰리스리가,매매,107동,저/16,650000000,110.3,OWNER,"세안고매매, 기본이나 매우 깨끗 , 생활권 편리",25.07.02,"['15년이내', '방세개', '화장실두개', '세대당1대']",남동향,19481053.943789665
경기도,용인시 기흥구,언남동,스파팰리스리가,매매,104동,중/17,650000000,110.3,NONE,"선호타입,깨끗",25.07.10,"['15년이내', '방세개', '화장실두개', '중층']",동향,19481053.943789665
경기도,용인시 기흥구,언남동,스파팰리스리가,매매,105동,저/18,630000000,110.3,NONE,"정상,선호타입,깨끗,조망굿",25.07.10,"['15년이내', '방세개', '화장실두개', '세대당1대']",남서향,18881636.89936537
경기도,용인시 기흥구,언남동,스파팰리스리가,매매,105동,고/18,650000000,110.3,NONE,"세안고매매,로얄동 ,확트여 있어요, 상권,대중교통도 이용편리해요.",25.07.04,"['15년이내', '방세개', '화장실두개', '고층']",남서향,19481053.943789665
경기도,용인시 기흥구,언남동,스파팰리스리가,매매,107동,저/16,640000000,110.3,NONE,"세안고매매,깨끗",25.06.30,"['15년이내', '방세개', '화장실두개', '세대당1대']",남서향,19181345.421577517
경기도,용인시 기흥구,언남동,스파팰리스리가,매매,106동,3/19,610000000,110.13,OWNER,"정상입주, 씽크대시트지교체, 단지뷰 정남향",25.07.18,"['15년이내', '방세개', '화장실두개', '세대당1대']",남동향,18310440.84264052
경기도,용인시 기흥구,언남동,스파팰리스리가,매매,108동,고/11,640000000,110.13,OWNER,33P 주인거주 남동향 기본이고 깨끗해요,25.07.21,"['15년이내', '방세개', '화장실두개', '고층']",남동향,19210954.326704808
경기도,용인시 기흥구,언남동,스파팰리스리가,매매,108동,1/11,570000000,110.13,OWNER,급매입니다. 8월중입주가능 1층에서 아랫층 걱정없이 뛰어 놀기 좋아요,25.07.14,"['15년이내', '1층', '급매', '방세개']",남동향,17109756.19722147
경기도,용인시 기흥구,언남동,스파팰리스리가,매매,104동,중/17,650000000,110.13,OWNER,"세끼고 매매 ,입구동이라 단지앞 상권 이용이 편리 해요",25.07.17,"['15년이내', '방세개', '화장실두개', '중층']",남동향,19511125.48805957
경기도,용인시 기흥구,언남동,스파팰리스리가,매매,105동,고/18,630000000,110.13,OWNER,"로얄동에남향, 입주일협의가능,  온천수아파트",25.07.17,"['15년이내', '방세개', '화장실두개', '고층']",남향,18910783.165350042
경기도,용인시 기흥구,언남동,스파팰리스리가,매매,103동,고/20,640000000,110.13,OWNER,"세안고매매,깨끗,전망좋아요.",25.07.14,"['15년이내', '방세개', '화장실두개', '고층']",남향,19210954.326704808
경기도,용인시 기흥구,언남동,스파팰리스리가,매매,106동,고/19,630000000,110.13,OWNER,"정상,남향,깨끗",25.07.14,"['15년이내', '방세개', '화장실두개', '고층']",남향,18910783.165350042
경기도,용인시 기흥구,언남동,스파팰리스리가,매매,105동,중/18,630000000,110.13,OWNER,"선호동,앞동 막힘없어 전망 굿,주인거주로관리잘되어깨끗,이사일정은 협의가능",25.07.11,"['15년이내', '방세개', '화장실두개', '중층']",남향,18910783.165350042
경기도,용인시 기흥구,언남동,스파팰리스리가,매매,107동,고/16,620000000,110.13,OWNER,"깨끗하게 관리주인세대, 초등중등도보, 입주일 협의가능",25.07.10,"['15년이내', '방세개', '화장실두개', '고층']",남향,18610612.00399528
경기도,용인시 기흥구,언남동,스파팰리스리가,매매,106동,고/19,610000000,110.13,OWNER,"세안고매매,남향",25.06.27,"['15년이내', '방세개', '화장실두개', '고층']",남향,18310440.84264052
경기도,용인시 기흥구,언남동,스파팰리스리가,매매,103동,중/20,630000000,110.13,NONE,전세안고 정면배치A타입,25.07.18,"['15년이내', '방세개', '화장실두개', '중층']",남서향,18910783.165350042
경기도,용인시 기흥구,언남동,스파팰리스리가,매매,103동,저/20,620000000,110.13,NONE,"정상,깨끗,남향",25.07.07,"['15년이내', '방세개', '화장실두개', '세대당1대']",남동향,18610612.00399528
경기도,용인시 기흥구,언남동,스파팰리스리가,매매,103동,고/20,640000000,110.13,NONE,"세안고 매매,상권 교통 편리해요.",25.06.30,"['15년이내', '방세개', '화장실두개', '고층']",남향,19210954.326704808
경기도,용인시 기흥구,언남동,언남동부,매매,104동,11/19,560000000,163.56,OWNER,"부분순리,  상권교통편리, 정남향",25.07.17,"['25년이상', '대형평수', '방네개이상', '화장실두개']",남향,11318412.814869162
경기도,용인시 기흥구,언남동,언남동부,매매,104동,7/19,560000000,163.56,OWNER,"선호라인, 부분수리됨, 상권교통편리, 정남향",25.07.14,"['25년이상', '대형평수', '방네개이상', '화장실두개']",남향,11318412.814869162
경기도,용인시 기흥구,언남동,언남동부,매매,104동,저/19,590000000,163.56,OWNER,STAR.  넓은 평수. 주변 상권 매우 편리,25.07.19,"['25년이상', '대형평수', '방네개이상', '화장실두개']",남향,11924756.358522866
경기도,용인시 기흥구,언남동,언남동부,매매,104동,저/19,560000000,163.56,OWNER,"선호라인, 기본상태, 상권교통편리, 정남향",25.07.17,"['25년이상', '대형평수', '방네개이상', '화장실두개']",남향,11318412.814869162
경기도,용인시 기흥구,언남동,언남동부,월세,104동,고/19,"1억 5,000/150",163.56,OWNER,"내외부샷시까지 올수리, 즉시입주가능, 선호라인",25.07.14,"['25년이상', '올수리', '대형평수', '방네개이상']",남향,
경기도,용인시 기흥구,언남동,언남동부,매매,104동,고/19,580000000,163.56,OWNER,"선호라인, 수리됨, 상권교통편리, 정남향",25.07.08,"['25년이상', '대형평수', '방네개이상', '화장실두개']",남향,11722641.843971632
경기도,용인시 기흥구,언남동,언남동부,매매,103동,저/19,580000000,108.63,OWNER,"부분수리하여 깨끗한 집, 생활권 매우 편리",25.07.17,"['25년이상', '방세개', '화장실두개', '세대당1대']",남향,17650329.55905367
경기도,용인시 기흥구,언남동,언남동부,매매,103동,고/19,480000000,108.63,OWNER,"정말 조용한 집, 생활권 매우 편리",25.07.17,"['25년이상', '방세개', '화장실두개', '고층']",남향,14607169.290251313
경기도,용인시 기흥구,언남동,언남동부,매매,105동,4/19,500000000,108.63,DOC,"월세안고매매,막힘없는시원한 뷰, 정남향 깨끗함",25.07.14,"['25년이상', '방세개', '화장실두개', '세대당1대']",남향,15215801.344011785
경기도,용인시 기흥구,언남동,언남동부,매매,103동,4/19,485000000,108.63,DOC,"작은방확방,  기본, 수리기간확보가능,  교통상권편리",25.07.14,"['25년이상', '방세개', '화장실두개', '세대당1대']",남향,14759327.30369143
경기도,용인시 기흥구,언남동,언남동부,매매,105동,중/19,500000000,108.63,OWNER,"부분수리, 탁트인뷰, 정남향, 입주일협의",25.06.24,"['25년이상', '방세개', '화장실두개', '중층']",남향,15215801.344011785
경기도,용인시 기흥구,언남동,언남동부,매매,105동,5/19,510000000,108.63,NONE,"정상,올수리,남향",25.06.30,"['25년이상', '올수리', '방세개', '화장실두개']",남향,15520117.37089202
경기도,용인시 기흥구,언남동,언남동부,매매,101동,10/18,480000000,81.2,NDOC1,올수리 남향 정상입주,25.07.21,"['25년이상', '올수리', '방세개', '화장실한개']",남향,19541586.206896555
경기도,용인시 기흥구,언남동,언남동부,매매,102동,11/18,430000000,81.2,OWNER,25P 샤시빼고 올수리 입주는 언제 든지 맞춤 핵심 상권에 위치,25.07.21,"['25년이상', '올수리', '방세개', '화장실한개']",동향,17506004.310344826
경기도,용인시 기흥구,언남동,언남동부,매매,101동,6/18,430000000,81.2,OWNER,STAR. 입구동.선호동. 올수리,25.07.19,"['25년이상', '올수리', '방세개', '화장실한개']",남향,17506004.310344826
경기도,용인시 기흥구,언남동,언남동부,매매,101동,고/18,440000000,81.2,NDOC1,정 남향 일조량 풍부 정상입주 부분수리로 집상태 좋습니다,25.07.21,"['25년이상', '방세개', '화장실한개', '고층']",남향,17913120.689655174
경기도,용인시 기흥구,언남동,언남동부,매매,102동,고/18,430000000,81.2,NDOC1,"부분수리,교통상권이용편리",25.07.21,"['25년이상', '방세개', '화장실한개', '고층']",동향,17506004.310344826
경기도,용인시 기흥구,언남동,언남동부,매매,102동,11/18,425000000,81.2,OWNER,"부분수리, 중간라인, 중심상가인접, 인테리어기간제공",25.07.14,"['25년이상', '방세개', '화장실한개', '중층']",동향,17302446.120689657
경기도,용인시 기흥구,언남동,언남동부,매매,102동,7/18,420000000,81.2,OWNER,"부분수리, 상권교통편리함, 동향, 입주일협의",25.07.14,"['25년이상', '방세개', '화장실한개', '중층']",동향,17098887.931034483
경기도,용인시 기흥구,언남동,언남동부,매매,102동,1/18,400000000,81.2,OWNER,"전세안고또는 정상입주, 가격절충가능, 수리됨, 상권교통편리함",25.07.14,"['25년이상', '1층', '방세개', '화장실한개']",동향,16284655.172413794
경기도,용인시 기흥구,언남동,언남동부,매매,101동,중/18,450000000,81.2,OWNER,"정남향 ,부분수리, 정상입주 , 교통상권편리함",25.07.18,"['25년이상', '방세개', '화장실한개', '중층']",남향,18320237.068965517
경기도,용인시 기흥구,언남동,언남동부,매매,101동,13/18,450000000,81.2,OWNER,"월세인고매매, 부분수리됨,상권교통편리, 햇살좋은 정남향집",25.07.10,"['25년이상', '방세개', '화장실한개', '고층']",남향,18320237.068965517
경기도,용인시 기흥구,언남동,언남동부,매매,102동,1/18,390000000,81.2,OWNER,샷시까지 올수리 깨끗 교통 상권 최고,25.07.10,"['25년이상', '올수리', '1층', '방세개']",동향,15877538.793103449
경기도,용인시 기흥구,언남동,언남동부,전세,102동,1/18,280000000,81.2,DOC,정상입주 1층 수리된집 조건 협의,25.07.17,"['25년이상', '1층', '방세개', '화장실한개']",동향,11399258.620689657
경기도,용인시 기흥구,언남동,언남동부,매매,102동,5/18,400000000,81.2,DOC,"전세안고매매,  부분수리, 상권교통편리함",25.07.14,"['25년이상', '방세개', '화장실한개', '세대당1대']",동향,16284655.172413794
경기도,용인시 기흥구,언남동,언남동부,매매,102동,1/18,400000000,81.2,OWNER,"1층 찾는분, 월세안고,상권,교통편리한 스세권",25.07.03,"['25년이상', '1층', '방세개', '화장실한개']",동향,16284655.172413794
경기도,용인시 기흥구,언남동,언남동부,매매,102동,18/18,430000000,81.2,OWNER,"부분수리깨끗, 상권교통편리함, 탑층 , 선호라인",25.06.26,"['25년이상', '탑층', '방세개', '화장실한개']",동향,17506004.310344826
경기도,용인시 기흥구,언남동,언남동부,매매,102동,7/18,420000000,81.2,DOC,"부분수리, 상권교통편리함, 동향, 입주일10월",25.06.30,"['25년이상', '방세개', '화장실한개', '중층']",동향,17098887.931034483
경기도,용인시 기흥구,언남동,언남동부,매매,102동,11/18,430000000,81.2,NONE,"올수리굳,상권좋음,교통편리",25.07.01,"['25년이상', '올수리', '방세개', '화장실한개']",동향,17506004.310344826
경기도,용인시 기흥구,언남동,언남동부,매매,102동,16/18,430000000,81.2,NONE,"정상,일부수리,깨끗하고전망굿",25.06.30,"['25년이상', '방세개', '화장실한개', '고층']",동향,17506004.310344826
경기도,용인시 기흥구,언남동,언동해피트리,매매,109동,12/15,480000000,154.17,OWNER,세안고  급매매임 접근성좋음. 집상태 양호  캡투하실분 추천,25.07.15,"['25년이내', '급매', '대형평수', '방네개이상']",남향,10292383.73224363
경기도,용인시 기흥구,언남동,언동해피트리,매매,106동,1/15,500000000,154.17,OWNER,"올수리해서깨끗,입구동,배관교체,주인세대,1층",25.07.14,"['25년이내', '올수리', '1층', '대형평수']",남향,10721233.054420447
경기도,용인시 기흥구,언남동,언동해피트리,매매,106동,4/15,470000000,154.17,OWNER,정상입주됨   저렴한 급매가격 .접근성좋음.,25.07.10,"['25년이내', '급매', '대형평수', '방네개이상']",남향,10077959.07115522
경기도,용인시 기흥구,언남동,언동해피트리,매매,106동,15/15,500000000,154.17,OWNER,베란다 있는 기본구조이며  배관및 올수리 입주 할때 헸음.,25.07.07,"['25년이내', '올수리', '대형평수', '탑층']",남향,10721233.054420447
경기도,용인시 기흥구,언남동,언동해피트리,매매,106동,고/15,500000000,154.17,OWNER,"긴 세안고매매,",25.07.11,"['25년이내', '대형평수', '방네개이상', '화장실두개']",남향,10721233.054420447
경기도,용인시 기흥구,언남동,언동해피트리,매매,106동,저/15,510000000,154.17,OWNER,"부분수리 확장형, 초중도보권, 교통편리,탄천로산책",25.07.10,"['25년이내', '대형평수', '방네개이상', '화장실두개']",남향,10935657.715508856
경기도,용인시 기흥구,언남동,언동해피트리,매매,106동,15/15,470000000,154.17,OWNER,"STAR.급매, 남향의 광장뷰, 46P",25.07.01,"['25년이내', '급매', '대형평수', '탑층']",남향,10077959.07115522
경기도,용인시 기흥구,언남동,언동해피트리,전세,106동,고/15,400000000,154.17,OWNER,"보증금조절 및 빠른입주가능, 입구동으로 편리, 종일 채광좋은 관리잘된 집",25.06.23,"['25년이내', '대형평수', '방네개이상', '화장실두개']",남향,8576986.443536358
경기도,용인시 기흥구,언남동,언동해피트리,매매,106동,15/15,470000000,154.17,NONE,"초,중학교 인접, 급매,구 경찰대부지 개발 호재, ,정남향, 광장조망",25.07.10,"['25년이내', '급매', '대형평수', '탑층']",남향,10077959.07115522
경기도,용인시 기흥구,언남동,언동해피트리,매매,109동,저/15,550000000,154.17,NONE,,25.07.04,"['25년이내', '대형평수', '방네개이상', '화장실두개']",남향,11793356.359862491
경기도,용인시 기흥구,언남동,언동해피트리,매매,108동,7/15,440000000,114.91,OWNER,"25년4월 올 샷시교체, 주인거주로 깨끗,동향 확 트여 있고 조용해요.",25.07.21,"['25년이내', '방세개', '화장실두개', '중층']",동향,12658127.230006091
경기도,용인시 기흥구,언남동,언동해피트리,매매,105동,3/15,380000000,114.91,OWNER,올확장 식기세척기 에어컨2 정상입주 관리 잘된 깨끗한집,25.07.19,"['25년이내', '방세개', '화장실두개', '세대당1대']",동향,10932018.9713689
경기도,용인시 기흥구,언남동,언동해피트리,매매,101동,14/15,480000000,114.91,OWNER,"세안고, 올수리 잘된집 올샷시도 함 전망짱",25.07.18,"['25년이내', '올수리', '방세개', '화장실두개']",남향,13808866.069097556
경기도,용인시 기흥구,언남동,언동해피트리,전세,101동,11/15,310000000,114.91,OWNER,정상입주. 기본구조임 전망확트임 입구동으로 접근성좋음,25.07.18,"['25년이내', '융자금없는', '방세개', '화장실두개']",남향,8918226.002958838
경기도,용인시 기흥구,언남동,언동해피트리,매매,110동,9/15,500000000,114.91,OWNER,샷시포함 올수리 한지 3년됨 이며 라인이 좋으며 전망이쁜집,25.07.18,"['25년이내', '올수리', '방세개', '화장실두개']",남향,14384235.488643287
경기도,용인시 기흥구,언남동,언동해피트리,매매,110동,4/15,425000000,114.91,OWNER,정상입주 방2확장  집상태 양호함. 앞뒤 숲세권 전망임,25.07.17,"['25년이내', '방세개', '화장실두개', '세대당1대']",남향,12226600.165346796
경기도,용인시 기흥구,언남동,언동해피트리,매매,103동,10/14,470000000,114.91,OWNER,"정상입주,생활.교통 편리한동,부분수리화장실,전실,주인거주 깨끗.",25.07.16,"['25년이내', '방세개', '화장실두개', '고층']",남향,13521181.35932469
경기도,용인시 기흥구,언남동,언동해피트리,매매,101동,5/15,430000000,114.91,OWNER,정남향 조용 정상입주가,25.07.16,"['25년이내', '화장실두개', '방세개', '세대당1대']",남향,12370442.520233227
경기도,용인시 기흥구,언남동,언동해피트리,매매,108동,4/15,430000000,114.91,OWNER,올확장된집 .5년전 일부수리한집  전망도좋고 조용하고 주차편리함,25.07.15,"['25년이내', '방세개', '화장실두개', '세대당1대']",동향,12370442.520233227
경기도,용인시 기흥구,언남동,언동해피트리,매매,101동,2/15,380000000,114.91,OWNER,,25.07.15,"['25년이내', '방세개', '화장실두개', '세대당1대']",남향,10932018.9713689
경기도,용인시 기흥구,언남동,언동해피트리,매매,103동,저/14,450000000,114.91,OWNER,임차인 인수조건입니다.  올수리한집,25.07.21,"['25년이내', '올수리', '방세개', '화장실두개']",남향,12945811.93977896
경기도,용인시 기흥구,언남동,언동해피트리,매매,105동,1/15,400000000,114.91,OWNER,"입주협의,집상태좋음",25.07.15,"['25년이내', '1층', '방세개', '화장실두개']",동향,11507388.39091463
경기도,용인시 기흥구,언남동,언동해피트리,매매,105동,5/15,410000000,114.91,OWNER,"초,중학교인접, 교통편리, 저렴한 가격, 조용함, 구 경찰대 개발호재",25.07.14,"['25년이내', '방세개', '화장실두개', '세대당1대']",동향,11795073.100687496
경기도,용인시 기흥구,언남동,언동해피트리,매매,107동,저/15,450000000,114.91,OWNER,"햇살좋고 수리된 집,교통편리함,초중인근",25.07.21,"['25년이내', '방세개', '화장실두개', '세대당1대']",남향,12945811.93977896
경기도,용인시 기흥구,언남동,언동해피트리,전세,103동,고/14,310000000,114.91,NDOC1,"초,중학교 인접, 교통편리, 확장형, 깨끗함",25.07.17,"['25년이내', '융자금없는', '방세개', '화장실두개']",남향,8918226.002958838
경기도,용인시 기흥구,언남동,언동해피트리,매매,105동,5/15,420000000,114.91,OWNER,정상입주. 조용한동이며  전망도 나옴  기본구조임. 저렴한 가격 .,25.07.10,"['25년이내', '방세개', '화장실두개', '세대당1대']",동향,12082757.81046036
경기도,용인시 기흥구,언남동,언동해피트리,매매,110동,중/15,500000000,114.91,NDOC1,"올수리,확장된 깨끗하고 아늑한 집",25.07.14,"['25년이내', '올수리', '방세개', '화장실두개']",남향,14384235.488643287
경기도,용인시 기흥구,언남동,언동해피트리,전세,105동,6/15,300000000,114.91,TEL,정상입주됩니다. 집상태 양호함 조용한동,25.07.14,"['25년이내', '융자금없는', '방세개', '화장실두개']",동향,8630541.293185972
경기도,용인시 기흥구,언남동,언동해피트리,매매,107동,중/15,430000000,114.91,OWNER,전망좋고 하루종일 따뜻한 햇빛 잘들어옵니다. 정상입주도 되고 세안고도 됨,25.07.10,"['25년이내', '방세개', '화장실두개', '중층']",남향,12370442.520233227
경기도,용인시 기흥구,언남동,언동해피트리,매매,110동,중/15,500000000,114.91,OWNER,정상입주  올수리된집임. 앞뒤 전망 탁트임며 따뜻하고 시원한집임,25.07.07,"['25년이내', '올수리', '방세개', '화장실두개']",남향,14384235.488643287
경기도,용인시 기흥구,언남동,언동해피트리,월세,107동,1/15,"6,000/120",114.91,OWNER,수리되어 꺠끗  빠른입주가능,25.07.01,"['25년이내', '1층', '방세개', '화장실두개']",남향,
경기도,용인시 기흥구,언남동,언동해피트리,매매,101동,저/15,480000000,114.91,OWNER,특올수리  월세안고  환영,25.07.07,"['25년이내', '올수리', '방세개', '화장실두개']",남향,13808866.069097556
경기도,용인시 기흥구,언남동,언동해피트리,매매,107동,중/15,480000000,114.91,OWNER,특 올수리  남향 하늘공원뷰 선호하는 중간층 주인거주,25.07.07,"['25년이내', '올수리', '방세개', '화장실두개']",남향,13808866.069097556
경기도,용인시 기흥구,언남동,언동해피트리,매매,103동,1/14,430000000,114.91,OWNER,"수리됨,방2개확장,배관공사함,입구동1층",25.06.30,"['25년이내', '1층', '방두개', '화장실두개']",남향,12370442.520233227
경기도,용인시 기흥구,언남동,언동해피트리,매매,105동,6/15,410000000,114.91,DOC,"정상입주, 기본, 평지아파트",25.07.10,"['25년이내', '방세개', '화장실두개', '중층']",동향,11795073.100687496
경기도,용인시 기흥구,언남동,언동해피트리,매매,101동,15/15,430000000,114.91,OWNER,탑층찾으시면올수리집으로오세요,25.06.26,"['25년이내', '올수리', '탑층', '방세개']",남향,12370442.520233227
경기도,용인시 기흥구,언남동,언동해피트리,매매,108동,중/15,450000000,114.91,OWNER,입주협의가능합니다. 전망좋은 동향,25.06.30,"['25년이내', '방세개', '화장실두개', '중층']",동향,12945811.93977896
경기도,용인시 기흥구,언남동,언동해피트리,매매,107동,중/15,440000000,114.91,OWNER,전세를 인수하고 매매 가능합니다.,25.06.30,"['25년이내', '방세개', '화장실두개', '중층']",남향,12658127.230006091
경기도,용인시 기흥구,언남동,언동해피트리,매매,105동,저/15,420000000,114.91,NDOC1,"초중학교 인접, 씽크대 및 화장실 수리비부담 또는 가격조정,조용함",25.06.30,"['25년이내', '욕실수리', '방세개', '화장실두개']",동향,12082757.81046036
경기도,용인시 기흥구,언남동,언동해피트리,매매,110동,11/15,430000000,114.91,OWNER,,25.06.23,"['25년이내', '방세개', '화장실두개', '고층']",남향,12370442.520233227
경기도,용인시 기흥구,언남동,언동해피트리,매매,104동,11/15,490000000,114.91,OWNER,기본 귀한 남향의 시원한 뷰,25.06.23,"['25년이내', '방세개', '화장실두개', '고층']",남향,14096550.778870422
경기도,용인시 기흥구,언남동,언동해피트리,매매,103동,저/14,450000000,114.91,NONE,정상입주 밝고 따뜻한집 입구동 대중교통 탄천 자전거도로 이용편리,25.07.18,"['25년이내', '방세개', '화장실두개', '세대당1대']",남향,12945811.93977896
경기도,용인시 기흥구,언남동,언동해피트리,매매,105동,3/15,380000000,114.91,NONE,"초,중학교 인접, 일부확장 및 도배, 교통편리, 식기세척기 무상
조용함",25.07.10,"['25년이내', '방세개', '화장실두개', '세대당1대']",동향,10932018.9713689
경기도,용인시 기흥구,언남동,언동해피트리,매매,105동,3/15,420000000,114.91,NONE,"초중학교 인접,조용함,씽크대 및 화장실 수리비부담 또는 가격조정,교통편리",25.07.10,"['25년이내', '욕실수리', '방세개', '화장실두개']",동향,12082757.81046036
경기도,용인시 기흥구,언남동,언동해피트리,매매,108동,중/15,450000000,114.91,NONE,"올수리, 전망굿, 조용함, 정상입주, 초,중학교 인접, 교통편리, 동향",25.07.05,"['25년이내', '올수리', '방세개', '화장실두개']",동향,12945811.93977896
경기도,용인시 기흥구,언남동,언동해피트리,매매,103동,10/14,470000000,114.91,NONE," 초,중학교 인접,정남향, 전실확장, 화장실 2개수리,교통편리",25.07.05,"['25년이내', '방세개', '화장실두개', '고층']",남향,13521181.35932469
경기도,용인시 기흥구,언남동,언동해피트리,매매,105동,1/15,430000000,114.91,NONE,"초,중학교 인접 통학가능, 침실1개 확장, 대중교통 편리, 조용함",25.07.05,"['25년이내', '1층', '방세개', '화장실두개']",동향,12370442.520233227
경기도,용인시 기흥구,언남동,언동해피트리,매매,102동,14/15,448000000,114.91,NONE,화이트풍 깨끗하게 확장올수리된 조용하고 뷰좋은 최강매물로 세안고 매매가능,25.07.03,"['25년이내', '올수리', '방세개', '화장실두개']",동향,12888274.997824386
경기도,용인시 기흥구,언남동,언동해피트리,매매,102동,고/15,430000000,101.54,OWNER,올수리와 샷시도 함.정상입주 됩니다,25.07.18,"['25년이내', '올수리', '방세개', '화장실두개']",동향,13999286.488083513
경기도,용인시 기흥구,언남동,언동해피트리,매매,102동,10/15,405000000,101.54,OWNER,급매임 기본 집상태 양호하고 광장전망으로 접근성좋음,25.07.01,"['25년이내', '급매', '방세개', '화장실두개']",동향,13185374.48296238
경기도,용인시 기흥구,언남동,언동해피트리,매매,102동,저/15,390000000,101.54,OWNER,세안고 투자하기 좋은 집  조용한  조경뷰,25.06.23,"['25년이내', '방세개', '화장실두개', '세대당1대']",동향,12697027.2798897
경기도,용인시 기흥구,언남동,언동해피트리,매매,102동,저/15,420000000,101.54,NDOC1,수리되어 깨끗한 집,25.06.23,"['25년이내', '방세개', '화장실두개', '세대당1대']",동향,13673721.686035061
경기도,용인시 기흥구,언남동,언동해피트리,매매,102동,10/15,405000000,101.54,NONE,"초,중학교가 인접, 기본형, 이사오면서 수리해서 깨끗함, 난방배관교체",25.07.05,"['25년이내', '방세개', '화장실두개', '중층']",동향,13185374.48296238
경기도,용인시 기흥구,언남동,언동해피트리,매매,102동,5/15,420000000,101.54,NONE,"화이트 수리,정상입주.",25.07.04,"['25년이내', '방세개', '화장실두개', '세대당1대']",동향,13673721.686035061
경기도,용인시 기흥구,언남동,용인구성효성,매매,102동,2/5,570000000,182.02,OWNER,"급매, 주인거주로 관리잘된 집, 화장실 리모델링, 숲세권 아파트",25.07.14,"['25년이내', '급매', '대형평수', '방네개이상']",남향,10352145.09394572
경기도,용인시 기흥구,언남동,용인구성효성,매매,102동,5/5,800000000,182.02,OWNER,복층 단열공사함 주인거주로 관리잘됨 전망굿,25.07.02,"['25년이내', '복층', '대형평수', '탑층']",남향,14529326.447643114
경기도,용인시 기흥구,언남동,용인구성효성,매매,102동,4/5,750000000,182.02,OWNER,주인거주 부분수리로깨끗,25.06.25,"['25년이내', '대형평수', '방네개이상', '화장실두개']",남향,13621243.544665422
경기도,용인시 기흥구,언남동,용인구성효성,매매,102동,2/5,650000000,182.02,DOC,남향 정상입주 숲속에 고급타운하우스 언동초중교인접,25.07.04,"['25년이내', '대형평수', '방네개이상', '화장실두개']",남향,11805077.73871003
경기도,용인시 기흥구,언남동,용인구성효성,매매,104동,3/5,570000000,182.02,OWNER,기본인집  급매매임  공기좋고  살기좋은 전원주택같은 아파트임,25.06.23,"['25년이내', '급매', '대형평수', '방네개이상']",남향,10352145.09394572
경기도,용인시 기흥구,언남동,용인구성효성,매매,103동,4/5,650000000,163.23,OWNER,복층 싱크대등 주방수리 붙박이수리 주인거주로깨끗,25.07.21,"['25년이내', '복층', '주방교체', '대형평수']",남향,13164003.246952156
경기도,용인시 기흥구,언남동,용인구성효성,매매,105동,3/5,720000000,163.23,OWNER,"특올수리, 전원주택 느낌의 고급아파트",25.07.19,"['25년이내', '올수리', '대형평수', '방네개이상']",남향,14581665.135085464
경기도,용인시 기흥구,언남동,용인구성효성,매매,103동,중/5,650000000,163.23,NONE,"정상,남향,깨끗",25.07.10,"['25년이내', '대형평수', '방네개이상', '화장실두개']",남향,13164003.246952156
경기도,용인시 기흥구,언남동,유원휴하임(도시형),매매,104동,중/6,310000000,72.69,OWNER,"지하주차장 연결동,입주전 인테리어 가능, 빠른입주",25.07.21,"['15년이내', '방두개', '화장실한개', '중층']",남동향,14098133.856101252
경기도,용인시 기흥구,언남동,유원휴하임(도시형),매매,101동,고/6,300000000,72.69,OWNER,전세끼고매매 밝고깨끗한집 상권편리 GTX구성역대중교통이용편리,25.06.27,"['15년이내', '방두개', '화장실두개', '고층']",남동향,13643355.344614116
경기도,용인시 기흥구,언남동,유원휴하임(도시형),매매,106동,2/6,260000000,55.44,OWNER,"전세안고매매, 상권교통편리함,  투룸,",25.07.17,"['15년이내', '필로티', '소형평수', '방두개']",남서향,15503320.707070708
경기도,용인시 기흥구,언남동,유원휴하임(도시형),매매,106동,고/6,290000000,55.44,OWNER,"남서향 신혼부부인기 평수, 엘리베이터, 주차장완비  , 입주가능해요",25.07.17,"['15년이내', '소형평수', '방두개', '화장실한개']",남서향,17292165.404040404
경기도,용인시 기흥구,언남동,유원휴하임(도시형),월세,106동,고/6,"1억 9,500/20",55.44,OWNER,"남서향 신혼부부인기 평수, 엘리베이터, 주차장완비",25.07.17,"['15년이내', '소형평수', '방두개', '화장실한개']",남서향,
경기도,용인시 기흥구,언남동,유원휴하임(도시형),전세,106동,고/6,230000000,55.44,OWNER,"남서향 신혼부부인기 평수, 엘리베이터, 주차장완비  ,일부월세전환가능해요",25.07.17,"['15년이내', '소형평수', '방두개', '화장실한개']",남서향,13714476.010101013
경기도,용인시 기흥구,언남동,유원휴하임(도시형),매매,106동,2/6,290000000,55.44,NDOC1,화이트특올수리됨 엘리베이터설치됨 주차가능 세안고 갭투자 언남지구근거리,25.07.03,"['15년이내', '올수리', '필로티', '소형평수']",남동향,17292165.404040404
경기도,용인시 기흥구,언남동,유원휴하임(도시형),매매,106동,6/6,260000000,55.44,NONE,"세안고,기본 교통과 상권이용편리",25.07.04,"['15년이내', '소형평수', '탑층', '방두개']",동향,15503320.707070708
경기도,용인시 기흥구,언남동,이츠하우스(도시형),월세,1동,7/10,"1억 2,970/9",47.09,OWNER,"투룸풀옵션, 구성역, 보증보험가입가능, 대출없음",25.07.14,"['10년이내', '융자금없는', '소형평수', '방두개']",북동향,
경기도,용인시 기흥구,언남동,장미마을삼성래미안2차,매매,206동,중/20,830000000,164.72,OWNER,"주인거주, 깨끗, 이사날짜 정상, 부분수리, 기쁨의교회 바로 앞 정문",25.07.14,"['25년이내', '대단지', '대형평수', '방네개이상']",남향,16657367.35065566
경기도,용인시 기흥구,언남동,장미마을삼성래미안2차,매매,206동,저/20,850000000,164.72,OWNER,올화이트 수리 된집 층간 소음 걱정 없어요,25.07.05,"['25년이내', '대단지', '대형평수', '방네개이상']",남향,17058749.696454592
경기도,용인시 기흥구,언남동,장미마을삼성래미안2차,매매,206동,중/20,800000000,164.72,OWNER,월세 안고 로얄동 로얄층,25.06.30,"['25년이내', '대단지', '대형평수', '방네개이상']",남향,16055293.831957264
경기도,용인시 기흥구,언남동,장미마을삼성래미안2차,월세,206동,고/20,"5,000/170",164.72,DOC,귀한 월세  집  깨끗,25.06.27,"['25년이내', '대단지', '대형평수', '방네개이상']",남향,
경기도,용인시 기흥구,언남동,장미마을삼성래미안2차,매매,202동,고/20,750000000,131.84,OWNER,"정상입주,앞,뒤조망등이 아주 좋은동입니다.",25.07.19,"['25년이내', '대단지', '방세개', '화장실두개']",남향,18805664.0625
경기도,용인시 기흥구,언남동,장미마을삼성래미안2차,매매,204동,저/20,730000000,131.84,OWNER,"정상입주,집상태깨끗합니다.",25.07.19,"['25년이내', '대단지', '방세개', '화장실두개']",남향,18304179.6875
경기도,용인시 기흥구,언남동,장미마을삼성래미안2차,매매,203동,저/20,750000000,131.84,OWNER,"정상입주,조용한동입니다.",25.07.16,"['25년이내', '대단지', '방세개', '화장실두개']",남향,18805664.0625
경기도,용인시 기흥구,언남동,장미마을삼성래미안2차,매매,203동,저/20,750000000,131.84,OWNER,"정상입주,집상태깨끗,최근도배하셨어요",25.07.14,"['25년이내', '대단지', '방세개', '화장실두개']",남향,18805664.0625
경기도,용인시 기흥구,언남동,장미마을삼성래미안2차,매매,204동,중/20,800000000,131.84,OWNER,수리되어 집 깨끗 로얄동 로얄층,25.07.14,"['25년이내', '대단지', '방세개', '화장실두개']",남향,20059375.0
경기도,용인시 기흥구,언남동,장미마을삼성래미안2차,매매,202동,중/20,750000000,131.84,OWNER,씽크대 화장실교체 및 수리잘된 깨끗한집,25.07.14,"['25년이내', '대단지', '방세개', '화장실두개']",남향,18805664.0625
경기도,용인시 기흥구,언남동,장미마을삼성래미안2차,전세,203동,고/20,420000000,131.84,OWNER,10월말경이사일협의가능 지역난방,25.07.14,"['25년이내', '대단지', '방세개', '화장실두개']",남향,10531171.875000002
경기도,용인시 기흥구,언남동,장미마을삼성래미안2차,매매,203동,고/20,750000000,131.84,NDOC1,"남향, 잔잔한 단지뷰",25.06.23,"['25년이내', '대단지', '방세개', '화장실두개']",남향,18805664.0625
경기도,용인시 기흥구,언남동,장미마을삼성래미안2차,매매,202동,19/20,750000000,131.84,DOC,정상입주,25.06.26,"['25년이내', '대단지', '방세개', '화장실두개']",남향,18805664.0625
경기도,용인시 기흥구,언남동,장미마을삼성래미안2차,전세,203동,고/20,420000000,131.84,NONE,10월말경이사협의가능 지역난방 1219세대,25.07.09,"['25년이내', '대단지', '방세개', '화장실두개']",남향,10531171.875000002
경기도,용인시 기흥구,언남동,장미마을삼성래미안2차,매매,204동,저/20,730000000,131.84,NONE,이사일정상협의가능합니다 지역난방 1219세대,25.07.04,"['25년이내', '대단지', '방세개', '화장실두개']",남향,18304179.6875
경기도,용인시 기흥구,언남동,장미마을삼성래미안2차,매매,202동,2/20,950000000,131.84,NONE,,25.06.23,"['25년이내', '대단지', '방세개', '화장실두개']",남향,23820507.8125
경기도,용인시 기흥구,언남동,장미마을삼성래미안2차,매매,210동,1/20,610000000,113.06,OWNER,세안고 층간소음걱정없고 조경뷰,25.07.21,"['25년이내', '대단지', '1층', '방세개']",남동향,17835917.654342826
경기도,용인시 기흥구,언남동,장미마을삼성래미안2차,매매,210동,18/20,680000000,113.06,OWNER,전세안고 매매 대단지 교통편리 상권우수함,25.07.21,"['25년이내', '대단지', '화장실두개', '방세개']",남동향,19882662.30320184
경기도,용인시 기흥구,언남동,장미마을삼성래미안2차,매매,210동,중/20,670000000,113.06,OWNER,"세안고매매, 부분수리로 깨끗",25.07.21,"['25년이내', '대단지', '방세개', '화장실두개']",남동향,19590270.2105077
경기도,용인시 기흥구,언남동,장미마을삼성래미안2차,매매,201동,중/20,720000000,113.06,OWNER,"학교,구성역가까운동, 뷰가 시원함",25.07.21,"['25년이내', '대단지', '방세개', '화장실두개']",남동향,21052230.67397842
경기도,용인시 기흥구,언남동,장미마을삼성래미안2차,매매,208동,13/19,750000000,113.06,OWNER,"34p, 상권교통편리, 막힘없는 조망, 붙박이장, 싱크대교체,깨끗",25.07.14,"['25년이내', '대단지', '주방교체', '방세개']",남서향,21929406.952060856
경기도,용인시 기흥구,언남동,장미마을삼성래미안2차,매매,216동,4/20,670000000,113.06,OWNER,구성역 가까운 동입니다.이사일은계약시점두세달협의가능,25.07.14,"['25년이내', '대단지', '방세개', '화장실두개']",남서향,19590270.2105077
경기도,용인시 기흥구,언남동,장미마을삼성래미안2차,매매,216동,6/20,650000000,113.06,OWNER,전세안고매매 지역난방 초등학교와 지하철역 가까운동,25.07.13,"['25년이내', '대단지', '방세개', '화장실두개']",남서향,19005486.025119405
경기도,용인시 기흥구,언남동,장미마을삼성래미안2차,전세,216동,저/20,380000000,113.06,OWNER,입주일 조정가능  gtx구성역 도보가능,25.07.19,"['25년이내', '대단지', '방세개', '화장실두개']",남서향,11110899.522377498
경기도,용인시 기흥구,언남동,장미마을삼성래미안2차,매매,207동,중/19,700000000,113.06,OWNER,부분수리되어 집 깨끗 소음 없는 인기동,25.07.17,"['25년이내', '대단지', '방세개', '화장실두개']",남서향,20467446.488590132
경기도,용인시 기흥구,언남동,장미마을삼성래미안2차,매매,216동,고/20,730000000,113.06,OWNER,"시원한 뷰,탄천,학교이용편리한 동,구성역GTX가장가까운동",25.07.17,"['25년이내', '대단지', '방세개', '화장실두개']",남서향,21344622.766672563
경기도,용인시 기흥구,언남동,장미마을삼성래미안2차,매매,210동,중/20,700000000,113.06,OWNER,"정상입주,앞뒤조망이 좋은 동입니다.",25.07.15,"['25년이내', '대단지', '방세개', '화장실두개']",남동향,20467446.488590132
경기도,용인시 기흥구,언남동,장미마을삼성래미안2차,매매,216동,4/20,670000000,113.06,OWNER,빠른입주가능 GTX호재단지 구성역 도보가능,25.07.08,"['25년이내', '대단지', '방세개', '화장실두개']",남서향,19590270.2105077
경기도,용인시 기흥구,언남동,장미마을삼성래미안2차,매매,209동,4/20,720000000,113.06,OWNER,이사일협의가능 안정된 생활상권  1219세대 대단지 ,25.07.08,"['25년이내', '대단지', '방세개', '화장실두개']",남동향,21052230.67397842
경기도,용인시 기흥구,언남동,장미마을삼성래미안2차,매매,209동,중/20,700000000,113.06,OWNER,로얄층의 뷰 이사일 협의가능,25.07.14,"['25년이내', '대단지', '방세개', '화장실두개']",남동향,20467446.488590132
경기도,용인시 기흥구,언남동,장미마을삼성래미안2차,매매,207동,고/19,730000000,113.06,NDOC1,주인거주로 깨끗하게 관리된 따뜻한 동,25.07.14,"['25년이내', '대단지', '방세개', '화장실두개']",남서향,21344622.766672563
경기도,용인시 기흥구,언남동,장미마을삼성래미안2차,매매,216동,고/20,710000000,113.06,OWNER,"세안고,구성역구성초가까운동, 전망좋은동",25.07.14,"['25년이내', '대단지', '방세개', '화장실두개']",남서향,20759838.581284273
경기도,용인시 기흥구,언남동,장미마을삼성래미안2차,매매,208동,고/19,700000000,113.06,OWNER,이사일협의가능합니다 지역난방 1219세대,25.07.14,"['25년이내', '대단지', '방세개', '화장실두개']",남서향,20467446.488590132
경기도,용인시 기흥구,언남동,장미마을삼성래미안2차,매매,201동,19/20,700000000,113.06,OWNER, 에너지 넘치는 전망  조용한 로얄동  구성 초중고 인접 이사일 협의가능,25.07.07,"['25년이내', '대단지', '방세개', '화장실두개']",남동향,20467446.488590132
경기도,용인시 기흥구,언남동,장미마을삼성래미안2차,매매,208동,고/19,690000000,113.06,NDOC1,"작은방2개확장,화장실싱크대수리,12월말 입주협의가능",25.07.14,"['25년이내', '대단지', '방두개', '화장실두개']",남서향,20175054.395895984
경기도,용인시 기흥구,언남동,장미마을삼성래미안2차,월세,209동,2/20,"6,000/130",113.06,OWNER,특올수리 일시적사용1년단기 임대만환영 ,25.07.05,"['25년이내', '올수리', '대단지', '방세개']",남동향,
경기도,용인시 기흥구,언남동,장미마을삼성래미안2차,매매,208동,저/19,680000000,113.06,NDOC1,수리하여 예쁜집 교통과 상권이용편리 대단지,25.07.08,"['25년이내', '대단지', '방세개', '화장실두개']",남서향,19882662.30320184
경기도,용인시 기흥구,언남동,장미마을삼성래미안2차,매매,209동,저/20,680000000,113.06,OWNER,정상입주,25.07.03,"['25년이내', '대단지', '방세개', '화장실두개']",남동향,19882662.30320184
경기도,용인시 기흥구,언남동,장미마을삼성래미안2차,매매,216동,고/20,700000000,113.06,OWNER,콘도처럼 환상뷰 일조량 풍부 집상태 기본이지만 엄청 깨끗합니다,25.06.30,"['25년이내', '대단지', '방세개', '화장실두개']",남서향,20467446.488590132
경기도,용인시 기흥구,언남동,장미마을삼성래미안2차,매매,209동,2/20,690000000,113.06,OWNER,숲속 같은 조경뷰 햇살 좋아요,25.06.23,"['25년이내', '대단지', '방세개', '화장실두개']",남동향,20175054.395895984
경기도,용인시 기흥구,언남동,장미마을삼성래미안2차,매매,207동,저/19,620000000,113.06,OWNER,단지뷰 예쁘고 시원합니다,25.06.25,"['25년이내', '대단지', '방세개', '화장실두개']",남서향,18128309.74703697
경기도,용인시 기흥구,언남동,장미마을삼성래미안2차,매매,208동,고/19,690000000,113.06,OWNER,집 깨끗 편의시설 이용 편리한동,25.06.23,"['25년이내', '대단지', '방세개', '화장실두개']",남서향,20175054.395895984
경기도,용인시 기흥구,언남동,장미마을삼성래미안2차,매매,209동,중/20,700000000,113.06,NONE,이사일협의 지역난방 1219세대 강남광역버스,25.07.17,"['25년이내', '대단지', '방세개', '화장실두개']",남동향,20467446.488590132
경기도,용인시 기흥구,언남동,장미마을삼성래미안2차,매매,209동,저/20,700000000,113.06,NONE,세안고매매입니다. 지역난방 1219세대,25.07.17,"['25년이내', '대단지', '방세개', '화장실두개']",남동향,20467446.488590132
경기도,용인시 기흥구,언남동,장미마을삼성래미안2차,매매,216동,6/20,650000000,113.06,NONE,전세안고매매 초중고 지하철 가까운동,25.07.13,"['25년이내', '대단지', '방세개', '화장실두개']",남서향,19005486.025119405
경기도,용인시 기흥구,언남동,장미마을삼성래미안2차,매매,216동,저/20,670000000,113.06,NONE,,25.07.11,"['25년이내', '대단지', '방세개', '화장실두개']",남서향,19590270.2105077
경기도,용인시 기흥구,언남동,장미마을삼성래미안2차,매매,208동,13/19,850000000,113.06,NONE,정상,25.06.23,"['25년이내', '대단지', '방세개', '화장실두개']",남향,24853327.8790023
경기도,용인시 기흥구,언남동,장미마을삼성래미안2차,매매,212동,2/18,600000000,84.45,OWNER,"정상입주, 수리된집깨끗, 조경보이는 고즈넉한뷰",25.07.21,"['25년이내', '대단지', '방세개', '화장실한개']",남동향,23486927.175843693
경기도,용인시 기흥구,언남동,장미마을삼성래미안2차,매매,212동,16/18,590000000,84.45,OWNER,"화이트톤 부분수리,  로얄동호수, 전망좋은 뷰",25.07.21,"['25년이내', '대단지', '방두개', '화장실한개']",남동향,23095478.38957963
경기도,용인시 기흥구,언남동,장미마을삼성래미안2차,매매,213동,7/20,590000000,84.45,OWNER,세안고  투자하기 좋은 집 gtx호재,25.07.18,"['25년이내', '대단지', '방세개', '화장실한개']",남동향,23095478.38957963
경기도,용인시 기흥구,언남동,장미마을삼성래미안2차,매매,213동,1/20,565000000,84.45,OWNER,층간소음걱정없음 부분수리 주인거주,25.07.14,"['25년이내', '대단지', '1층', '방세개']",남동향,22116856.423919477
경기도,용인시 기흥구,언남동,장미마을삼성래미안2차,매매,212동,3/18,595000000,84.45,OWNER,올수리되고 조용한 저층입니다. 날짜 길게 잔금하셔도 됩니다.,25.07.14,"['25년이내', '올수리', '대단지', '방세개']",남동향,23291202.782711662
경기도,용인시 기흥구,언남동,장미마을삼성래미안2차,매매,213동,중/20,580000000,84.45,OWNER,정상입주 깨끗하게 관리된집,25.07.18,"['25년이내', '대단지', '방세개', '화장실한개']",남동향,22704029.60331557
경기도,용인시 기흥구,언남동,장미마을삼성래미안2차,매매,213동,중/20,610000000,84.45,OWNER,"1219세대,지역난방,이사협의",25.07.14,"['25년이내', '대단지', '방세개', '화장실한개']",남동향,23878375.962107755
경기도,용인시 기흥구,언남동,장미마을삼성래미안2차,매매,212동,고/18,630000000,84.45,OWNER,"전용 18, 탑층, 부분 리모델링, 깔끔한 아파트",25.07.11,"['25년이내', '대단지', '방세개', '화장실한개']",남동향,24661273.53463588
경기도,용인시 기흥구,언남동,장미마을삼성래미안2차,매매,213동,중/20,600000000,84.45,OWNER,집깨끗합니다 gtx호재단지,25.07.07,"['25년이내', '대단지', '방세개', '화장실한개']",남동향,23486927.175843693
경기도,용인시 기흥구,언남동,장미마을삼성래미안2차,매매,213동,중/20,610000000,84.45,OWNER,"정상입주,올수리 되어있어요.",25.07.03,"['25년이내', '올수리', '대단지', '방세개']",남동향,23878375.962107755
경기도,용인시 기흥구,언남동,장미마을삼성래미안2차,매매,212동,16/18,590000000,84.45,NONE,전체화이트톤 화장실수리로 아주깨끗 방2개 거실넓은구조,25.07.14,"['25년이내', '대단지', '욕실수리', '방두개']",남동향,23095478.38957963
경기도,용인시 기흥구,언남동,장미마을삼성래미안2차,매매,213동,중/20,610000000,84.45,NONE,"전세안고매매,1219세대,지역난방",25.07.11,"['25년이내', '대단지', '방세개', '화장실한개']",남동향,23878375.962107755
경기도,용인시 기흥구,언남동,장미마을삼성래미안2차,매매,213동,1/20,565000000,84.45,NONE,하시입주가능 수리되어깨끗 지역난방,25.07.09,"['25년이내', '대단지', '1층', '방세개']",남동향,22116856.423919477
경기도,용인시 기흥구,언남동,초원마을성원상떼빌,매매,210동,19/20,700000000,197.42,OWNER,"골프장조망최고,화이트톤올수리,입주협의",25.07.21,"['25년이내', '올수리', '대형평수', '방네개이상']",남향,11721454.2599534
경기도,용인시 기흥구,언남동,초원마을성원상떼빌,월세,210동,6/20,"5,000/180",197.42,OWNER,"최근샷시포함특올수리,융무,입주협의",25.07.19,"['25년이내', '융자금없는', '올수리', '대형평수']",남향,
경기도,용인시 기흥구,언남동,초원마을성원상떼빌,매매,210동,3/20,750000000,197.42,OWNER,협의입주 남향이라 밝고 환함 정원뷰예쁨,25.07.16,"['25년이내', '대형평수', '방네개이상', '화장실두개']",남향,12558700.992807215
경기도,용인시 기흥구,언남동,초원마을성원상떼빌,매매,210동,16/20,760000000,197.42,NDOC1,협의입주 수원CC전망굿 집깨끗함,25.07.14,"['25년이내', '대형평수', '방네개이상', '화장실두개']",남향,12726150.339377979
경기도,용인시 기흥구,언남동,초원마을성원상떼빌,매매,210동,5/20,680000000,197.42,OWNER,빠른 입주가능     컨디션 좋은집,25.07.14,"['25년이내', '대형평수', '방네개이상', '화장실두개']",남서향,11386555.566811875
경기도,용인시 기흥구,언남동,초원마을성원상떼빌,전세,210동,고/20,500000000,197.42,OWNER,,25.07.18,"['25년이내', '대형평수', '방네개이상', '화장실두개']",남서향,8372467.328538143
경기도,용인시 기흥구,언남동,초원마을성원상떼빌,매매,210동,18/20,750000000,197.42,NDOC1,협의입주 수원CC전망굿,25.07.11,"['25년이내', '대형평수', '방네개이상', '화장실두개']",남향,12558700.992807215
경기도,용인시 기흥구,언남동,초원마을성원상떼빌,전세,210동,5/20,470000000,197.42,DOC,"아주깨끗,남향,숲조망좋아요,채광굿",25.07.21,"['25년이내', '대형평수', '방네개이상', '화장실두개']",남향,7870119.288825854
경기도,용인시 기흥구,언남동,초원마을성원상떼빌,매매,210동,16/20,780000000,197.42,OWNER,협의입주 수원CC전망굿,25.07.09,"['25년이내', '대형평수', '방네개이상', '화장실두개']",남향,13061049.032519503
경기도,용인시 기흥구,언남동,초원마을성원상떼빌,전세,210동,8/20,500000000,197.42,OWNER,확트인 전망  확장 주인거주 깨끗 하시입주 오래살수 있는 지인 집 ,25.07.09,"['25년이내', '대형평수', '방네개이상', '화장실두개']",남향,8372467.328538143
경기도,용인시 기흥구,언남동,초원마을성원상떼빌,매매,210동,6/20,750000000,197.42,OWNER,"전체수리로 깨끗, 골프장 조망, 조용한 동, 커뮤니티 시설 갖춤",25.07.08,"['25년이내', '대형평수', '방네개이상', '화장실두개']",남향,12558700.992807215
경기도,용인시 기흥구,언남동,초원마을성원상떼빌,매매,210동,11/20,800000000,197.42,OWNER,협의입주 골프장전망굿 내부올인테리어 남향이라 해도 잘 들고 환함,25.07.05,"['25년이내', '대형평수', '방네개이상', '화장실두개']",남향,13395947.725661028
경기도,용인시 기흥구,언남동,초원마을성원상떼빌,월세,210동,4/20,"3억 2,000/55",197.42,OWNER,빠른입주가능,25.07.03,"['25년이내', '대형평수', '방네개이상', '화장실두개']",남서향,
경기도,용인시 기흥구,언남동,초원마을성원상떼빌,전세,210동,18/20,480000000,197.42,DOC,협의입주 수원CC전망굿,25.07.09,"['25년이내', '대형평수', '방네개이상', '화장실두개']",남향,8037568.635396617
경기도,용인시 기흥구,언남동,초원마을성원상떼빌,매매,210동,18/20,780000000,197.42,DOC,협의입주 수원CC전망굿,25.07.09,"['25년이내', '대형평수', '방네개이상', '화장실두개']",남향,13061049.032519503
경기도,용인시 기흥구,언남동,초원마을성원상떼빌,매매,210동,저/20,680000000,197.42,OWNER,가격조정가능 숲조망권 최고,25.07.02,"['25년이내', '대형평수', '방네개이상', '화장실두개']",남서향,11386555.566811875
경기도,용인시 기흥구,언남동,초원마을성원상떼빌,매매,210동,1/20,780000000,197.42,DOC,개인정원처럼활용가능 남향이라 해도 잘들고 환함  세안고,25.07.03,"['25년이내', '마당', '1층', '대형평수']",남향,13061049.032519503
경기도,용인시 기흥구,언남동,초원마을성원상떼빌,매매,208동,4/20,540000000,156.26,OWNER,입주가능한 급매물건 숲조망예쁨 남향이라 밝고 환함 거실방확장,25.07.21,"['25년이내', '급매', '대형평수', '방네개이상']",남향,11424061.820043517
경기도,용인시 기흥구,언남동,초원마을성원상떼빌,매매,205동,18/20,595000000,156.26,OWNER,"급매,골프장조망최고,로얄동,집깨끗,입주협의",25.07.21,"['25년이내', '급매', '대형평수', '방네개이상']",남서향,12587623.672084989
경기도,용인시 기흥구,언남동,초원마을성원상떼빌,전세,209동,7/20,430000000,156.26,NDOC1,집상태매우깨끗 즉시입주가 남향 일조량좋아요 예쁜숲조망,25.07.21,"['25년이내', '대형평수', '방네개이상', '화장실두개']",남향,9096938.11596058
경기도,용인시 기흥구,언남동,초원마을성원상떼빌,매매,209동,16/20,650000000,156.26,OWNER,협의입주 수원CC전망굿 수리해집깨끗함 냠향이라 해도 잘듦,25.07.19,"['25년이내', '대형평수', '방네개이상', '화장실두개']",남향,13751185.524126457
경기도,용인시 기흥구,언남동,초원마을성원상떼빌,매매,209동,9/20,660000000,156.26,NDOC1,"탁트인 골프장조망굿, 부분수리된 예쁜집, 입주협의",25.07.19,"['25년이내', '대형평수', '방네개이상', '화장실두개']",남향,13962742.224497633
경기도,용인시 기흥구,언남동,초원마을성원상떼빌,매매,209동,7/20,650000000,156.26,OWNER,"올수리,아주깨끗,입주협의",25.07.18,"['25년이내', '올수리', '대형평수', '방네개이상']",남향,13751185.524126457
경기도,용인시 기흥구,언남동,초원마을성원상떼빌,매매,209동,6/20,590000000,156.26,OWNER,"초급매,숲전망,집깨끗,커뮤니티시설굿,입주협의",25.07.18,"['25년이내', '급매', '대형평수', '방네개이상']",남향,12481845.3218994
경기도,용인시 기흥구,언남동,초원마을성원상떼빌,전세,208동,6/20,450000000,156.26,OWNER,"집상태좋아요,빠른입주전세,신갈역도보15분,관리비저렴,가격조정가",25.07.18,"['25년이내', '대형평수', '방네개이상', '화장실두개']",남향,9520051.516702933
경기도,용인시 기흥구,언남동,초원마을성원상떼빌,매매,208동,15/20,700000000,156.26,NDOC1,"골프장조망최고,확장형,입주협의",25.07.17,"['25년이내', '대형평수', '방네개이상', '화장실두개']",남향,14808969.025982337
경기도,용인시 기흥구,언남동,초원마을성원상떼빌,매매,205동,3/20,620000000,156.26,OWNER,숲조망 입구동 정상입주,25.07.16,"['25년이내', '대형평수', '방네개이상', '화장실두개']",남동향,13116515.423012929
경기도,용인시 기흥구,언남동,초원마을성원상떼빌,매매,205동,2/20,650000000,156.26,OWNER,협의입주 가리는동없이 정원뷰예븜,25.07.16,"['25년이내', '대형평수', '방네개이상', '화장실두개']",남동향,13751185.524126457
경기도,용인시 기흥구,언남동,초원마을성원상떼빌,매매,208동,6/20,720000000,156.26,OWNER,"샷시포함특올수리,숲전망굿,커뮤니티시설,산책로굿,입주협의",25.07.16,"['25년이내', '올수리', '대형평수', '방네개이상']",남향,15232082.426724691
경기도,용인시 기흥구,언남동,초원마을성원상떼빌,매매,209동,10/20,595000000,156.26,OWNER,"주인거주,수원CC뷰,올수리.",25.07.15,"['25년이내', '올수리', '화장실두개', '대형평수']",남향,12587623.672084989
경기도,용인시 기흥구,언남동,초원마을성원상떼빌,매매,208동,12/20,750000000,156.26,OWNER,협의입주 수원CC전망굿 거실방확장형 올인테리어,25.07.11,"['25년이내', '대형평수', '방네개이상', '화장실두개']",남향,15866752.52783822
경기도,용인시 기흥구,언남동,초원마을성원상떼빌,매매,205동,13/20,650000000,156.26,OWNER,수원CC최고전망 집은수리해완전깨끗 방확장 동층라인굿 입구동,25.07.11,"['25년이내', '대형평수', '방네개이상', '화장실두개']",남동향,13751185.524126457
경기도,용인시 기흥구,언남동,초원마을성원상떼빌,매매,209동,9/20,660000000,156.26,OWNER,협의입주 남향이라 일조량좋고 조망 예쁨 부분수리해 집 깨끗함,25.07.11,"['25년이내', '대형평수', '방네개이상', '화장실두개']",남향,13962742.224497633
경기도,용인시 기흥구,언남동,초원마을성원상떼빌,매매,205동,7/20,650000000,156.26,OWNER,올인테리어 바로입주가능 숲조망예쁨 거실방확장,25.07.11,"['25년이내', '대형평수', '방네개이상', '화장실두개']",남동향,13751185.524126457
경기도,용인시 기흥구,언남동,초원마을성원상떼빌,매매,208동,5/20,620000000,156.26,OWNER,협의입주 내부올수리 숲조망 예쁨 남향이라 해도 잘듦,25.07.11,"['25년이내', '올수리', '대형평수', '방네개이상']",남향,13116515.423012929
경기도,용인시 기흥구,언남동,초원마을성원상떼빌,매매,208동,10/20,625000000,156.26,OWNER,수원CC전경굿 집은 수리해깨끗함 거실방확장 남향이라 밝고 따뜻함,25.07.11,"['25년이내', '대형평수', '방네개이상', '화장실두개']",남향,13222293.773198517
경기도,용인시 기흥구,언남동,초원마을성원상떼빌,전세,208동,중/20,500000000,156.26,OWNER,47P 정남향 한샘인테리어 올수리 로열층 주인거주 방4 화장실2반전세가능,25.07.14,"['25년이내', '올수리', '대형평수', '방네개이상']",남향,10577835.018558813
경기도,용인시 기흥구,언남동,초원마을성원상떼빌,매매,208동,중/20,690000000,156.26,OWNER,47P 정남향 입주 한샘인테리어 올수리 로열층 주인거주 방4 화장실2,25.07.14,"['25년이내', '올수리', '대형평수', '방네개이상']",남향,14597412.325611165
경기도,용인시 기흥구,언남동,초원마을성원상떼빌,매매,209동,2/20,595000000,156.26,DOC,협의입주 앞동없어 정원전망예쁨 남향,25.07.16,"['25년이내', '마당', '대형평수', '방네개이상']",남향,12587623.672084989
경기도,용인시 기흥구,언남동,초원마을성원상떼빌,매매,209동,2/20,590000000,156.26,OWNER,협의입주 숲조망 집은 수리해 깨끗함,25.06.25,"['25년이내', '대형평수', '방네개이상', '화장실두개']",남향,12481845.3218994
경기도,용인시 기흥구,언남동,초원마을성원상떼빌,매매,208동,3/20,550000000,156.26,OWNER,입주가능급매물건 4계절 숲조망  예쁨 집은 수리해 깨끗 남향,25.06.25,"['25년이내', '급매', '대형평수', '방네개이상']",남향,11635618.520414695
경기도,용인시 기흥구,언남동,초원마을성원상떼빌,전세,209동,고/20,800000000,156.26,NDOC1,거실과 각방에수원cc 파노라마 골프장 전망  분당선 전철 도보 7분,25.07.01,"['25년이내', '대형평수', '방네개이상', '화장실두개']",남향,16924536.029694103
경기도,용인시 기흥구,언남동,초원마을성원상떼빌,매매,208동,1/20,600000000,156.26,DOC,넓은 정원  단독주택같은 편안한  숲뷰,25.07.01,"['25년이내', '마당', '1층', '대형평수']",남서향,12693402.022270577
경기도,용인시 기흥구,언남동,초원마을성원상떼빌,매매,207동,17/20,600000000,126.55,OWNER,"내부 올수리,사계절 골프장 조망 굿,커뮤니티 시설 갖춤",25.07.21,"['25년이내', '올수리', '방세개', '화장실두개']",남향,15673417.621493481
경기도,용인시 기흥구,언남동,초원마을성원상떼빌,매매,206동,6/20,580000000,126.55,OWNER,"확장기본형, 채광좋은 남동향, 숲 산책길 전망, 커뮤니티근접동",25.07.21,"['25년이내', '방세개', '화장실두개', '세대당 1.5대이상']",남동향,15150970.3674437
경기도,용인시 기흥구,언남동,초원마을성원상떼빌,매매,206동,17/20,610000000,126.55,OWNER,협의입주 수원CC전망굿,25.07.19,"['25년이내', '방세개', '화장실두개', '고층']",남동향,15934641.248518374
경기도,용인시 기흥구,언남동,초원마을성원상떼빌,매매,206동,6/20,600000000,126.55,OWNER,협의입주 앞동 없어 숲 조망 예쁨 확장형,25.07.19,"['25년이내', '방세개', '화장실두개', '세대당 1.5대이상']",남동향,15673417.621493481
경기도,용인시 기흥구,언남동,초원마을성원상떼빌,매매,206동,13/20,620000000,126.55,OWNER,협의입주 수원CC전망굿,25.07.19,"['25년이내', '방세개', '화장실두개', '중층']",남동향,16195864.875543265
경기도,용인시 기흥구,언남동,초원마을성원상떼빌,전세,206동,6/20,450000000,126.55,OWNER,"숲조망,집깨끗,입주협의",25.07.19,"['25년이내', '융자금없는', '방세개', '화장실두개']",남동향,11755063.21612011
경기도,용인시 기흥구,언남동,초원마을성원상떼빌,매매,206동,18/20,590000000,126.55,OWNER,주인 세대  라인 굿   특  골프장 조 망 권 최고,25.07.18,"['25년이내', '방세개', '화장실두개', '고층']",남동향,15412193.99446859
경기도,용인시 기흥구,언남동,초원마을성원상떼빌,매매,207동,9/20,600000000,126.55,OWNER,"올수리,거실확장,폴딩도어,입주협의",25.07.18,"['25년이내', '올수리', '방세개', '화장실두개']",남향,15673417.621493481
경기도,용인시 기흥구,언남동,초원마을성원상떼빌,매매,206동,4/20,580000000,126.55,OWNER,"넓은숲조망,집깨끗,입주협의",25.07.18,"['25년이내', '방세개', '화장실두개', '세대당 1.5대이상']",남동향,15150970.3674437
경기도,용인시 기흥구,언남동,초원마을성원상떼빌,매매,207동,14/20,600000000,126.55,OWNER,"정상입주,주인전세가능, 단지중앙,골프장조망권",25.07.17,"['25년이내', '방세개', '화장실두개', '고층']",남향,15673417.621493481
경기도,용인시 기흥구,언남동,초원마을성원상떼빌,매매,206동,3/20,530000000,126.55,DOCV2,"올수리, 조망원양호,깨끗",25.07.21,"['25년이내', '올수리', '방세개', '화장실두개']",남동향,13844852.232319243
경기도,용인시 기흥구,언남동,초원마을성원상떼빌,매매,206동,9/20,600000000,126.55,OWNER,협의입주 수원CC전망굿 집은 수리해깨끗함,25.07.11,"['25년이내', '방세개', '화장실두개', '중층']",남동향,15673417.621493481
경기도,용인시 기흥구,언남동,초원마을성원상떼빌,매매,206동,18/20,680000000,126.55,OWNER,전체 인테리어 집상태최상 수원CC전망굿 협의입주,25.07.11,"['25년이내', '방세개', '화장실두개', '고층']",남동향,17763206.637692615
경기도,용인시 기흥구,언남동,초원마을성원상떼빌,매매,207동,저/20,560000000,126.55,DOCV2,"숲조망,부분수리,아주깨끗,입주협의",25.07.16,"['25년이내', '방세개', '화장실두개', '세대당 1.5대이상']",남향,14628523.113393916
경기도,용인시 기흥구,언남동,초원마을성원상떼빌,월세,206동,고/20,"5,000/140",126.55,OWNER,8월1일이후협의입주 수원CC전망굿,25.07.02,"['25년이내', '방세개', '화장실두개', '고층']",남동향,
경기도,용인시 기흥구,언남동,초원마을성원상떼빌,전세,206동,고/20,430000000,126.55,OWNER,협의입주 수원CC 전망굿,25.07.02,"['25년이내', '방세개', '화장실두개', '고층']",남동향,11232615.96207033
경기도,용인시 기흥구,언남동,초원마을성원상떼빌,매매,202동,7/20,560000000,110.59,OWNER,"전체확장된 구조,부분수리로 아주 깨끗,입구동으로 생활편리",25.07.21,"['25년이내', '방세개', '화장실두개', '중층']",남향,16739665.430870784
경기도,용인시 기흥구,언남동,초원마을성원상떼빌,매매,204동,2/20,520000000,110.59,OWNER,"전체 올수리,일조량 굿,편안한 숲조망",25.07.21,"['25년이내', '올수리', '방세개', '화장실두개']",남향,15543975.042951442
경기도,용인시 기흥구,언남동,초원마을성원상떼빌,매매,203동,3/20,540000000,110.59,OWNER,전체 내부 올수리해 집 깨끗함4계절 숲조망  예쁨 남향,25.07.19,"['25년이내', '올수리', '방세개', '화장실두개']",남향,16141820.236911112
경기도,용인시 기흥구,언남동,초원마을성원상떼빌,매매,201동,2/20,530000000,110.59,OWNER,협의입주 입구동 샷시까지 전체올수리,25.07.19,"['25년이내', '올수리', '방세개', '화장실두개']",남향,15842897.639931278
경기도,용인시 기흥구,언남동,초원마을성원상떼빌,매매,204동,12/20,570000000,110.59,NDOC1,"골프장 뷰,주차연결동,거실,방확장,집깨끗",25.07.19,"['25년이내', '방세개', '화장실두개', '중층']",남서향,17038588.02785062
경기도,용인시 기흥구,언남동,초원마을성원상떼빌,매매,203동,1/20,600000000,110.59,NDOC1,"올수리,정원있는집,층간소음걱정무,입주협의",25.07.19,"['25년이내', '올수리', '마당', '1층']",남향,17935355.818790127
경기도,용인시 기흥구,언남동,초원마을성원상떼빌,매매,203동,14/20,530000000,110.59,OWNER,골프장조망권 올확장   주인세대,25.07.18,"['25년이내', '방세개', '화장실두개', '고층']",남서향,15842897.639931278
경기도,용인시 기흥구,언남동,초원마을성원상떼빌,매매,203동,1/20,560000000,110.59,OWNER,"개인정원,부분수리,입주협의",25.07.18,"['25년이내', '마당', '1층', '방세개']",남향,16739665.430870784
경기도,용인시 기흥구,언남동,초원마을성원상떼빌,매매,201동,1/20,515000000,110.59,OWNER,"초초급매수리한집,정상입주매매,신갈역도보10분,1층정원이 예쁜집,협의입주가",25.07.18,"['25년이내', '마당', '1층', '급매']",남향,15394513.744461525
경기도,용인시 기흥구,언남동,초원마을성원상떼빌,매매,203동,19/20,550000000,110.59,OWNER,협의입주 동층굿,25.07.17,"['25년이내', '방세개', '화장실두개', '고층']",남향,16440742.83389095
경기도,용인시 기흥구,언남동,초원마을성원상떼빌,매매,204동,2/20,510000000,110.59,OWNER,협의입주 집수리해 깨끗함 숲조망 예뻐요,25.07.17,"['25년이내', '방세개', '화장실두개', '세대당 1.5대이상']",남향,15245052.445971608
경기도,용인시 기흥구,언남동,초원마을성원상떼빌,매매,201동,7/20,550000000,110.59,NDOC1,입구동 부분수리 집상태아주깨끗 입주협의,25.07.17,"['25년이내', '방세개', '화장실두개', '중층']",남향,16440742.83389095
경기도,용인시 기흥구,언남동,초원마을성원상떼빌,매매,203동,14/20,580000000,110.59,OWNER,협의입주 라인굿 확장안된기본형 발코니유 집깨끗함,25.07.16,"['25년이내', '방세개', '화장실두개', '고층']",남동향,17337510.624830455
경기도,용인시 기흥구,언남동,초원마을성원상떼빌,매매,204동,1/20,565000000,110.59,OWNER,개인정원활용가능 층간소음걱정없는 1층 정원뷰도예쁘고 지대높아 해도 잘,25.07.11,"['25년이내', '1층', '방세개', '화장실두개']",남향,16889126.729360703
경기도,용인시 기흥구,언남동,초원마을성원상떼빌,매매,202동,20/20,550000000,110.59,OWNER,탑층 입구동 샷시까지 전체올수리 협의입주,25.07.11,"['25년이내', '올수리', '탑층', '방세개']",남향,16440742.83389095
경기도,용인시 기흥구,언남동,초원마을성원상떼빌,매매,204동,8/20,590000000,110.59,OWNER,제일 조용한동  라인굿      정상입주,25.07.11,"['25년이내', '방세개', '화장실두개', '중층']",남서향,17636433.22181029
경기도,용인시 기흥구,언남동,초원마을성원상떼빌,매매,202동,16/20,550000000,110.59,OWNER,협의입주 세안고도가능 입구동 방확장 부분수리해 깨끗함,25.07.07,"['25년이내', '방세개', '화장실두개', '고층']",남향,16440742.83389095
경기도,용인시 기흥구,언남동,초원마을성원상떼빌,매매,202동,8/20,550000000,110.59,DOC,주인세대   마을 버스 정류장 바로앞,25.07.16,"['25년이내', '방세개', '화장실두개', '중층']",남서향,16440742.83389095
경기도,용인시 기흥구,언남동,초원마을성원상떼빌,매매,201동,16/20,520000000,110.59,OWNER,전세안고 입구동,25.07.03,"['25년이내', '방세개', '화장실두개', '고층']",남향,15543975.042951442
경기도,용인시 기흥구,언남동,초원마을성원상떼빌,매매,203동,6/20,540000000,110.59,OWNER,협의입주 내부부분수리로 깨끗함 정원 숲 조망 예쁘게 나옴,25.07.03,"['25년이내', '마당', '방세개', '화장실두개']",남향,16141820.236911112
경기도,용인시 기흥구,언남동,초원마을성원상떼빌,매매,202동,11/20,500000000,110.59,DOC,"빠른입주가능,관리잘되어 깨끗,커뮤니티시설 굿",25.07.07,"['25년이내', '방세개', '화장실두개', '중층']",남서향,14946129.84899177
경기도,용인시 기흥구,언남동,초원마을성원상떼빌,매매,203동,저/20,550000000,110.59,OWNER,숲 조망권     주인 세대  기본수리,25.07.03,"['25년이내', '방세개', '화장실두개', '세대당 1.5대이상']",남서향,16440742.83389095
경기도,용인시 기흥구,언남동,초원마을성원상떼빌,매매,202동,고/20,550000000,110.59,OWNER,골프장 조망권     기본수리된집,25.07.02,"['25년이내', '방세개', '화장실두개', '고층']",남서향,16440742.83389095
경기도,용인시 기흥구,언남동,초원마을성원상떼빌,매매,202동,고/20,550000000,110.59,DOC,협의입주 입구동,25.07.07,"['25년이내', '방세개', '화장실두개', '고층']",남향,16440742.83389095
경기도,용인시 기흥구,언남동,초원마을성원상떼빌,매매,203동,고/20,520000000,110.59,DOC,올 수리    올확장  탁 뜨인집,25.06.30,"['25년이내', '올수리', '방세개', '화장실두개']",남서향,15543975.042951442
경기도,용인시 기흥구,언남동,초원마을성원상떼빌,매매,201동,1/20,515000000,110.59,NONE,수리된집.정상또는 빠른입주가,25.07.01,"['25년이내', '1층', '방세개', '화장실두개']",남향,15394513.744461525
경기도,용인시 기흥구,언남동,하마비마을동부센트레빌,매매,107동,14/15,590000000,159.88,OWNER,수리하여 밝고 환한 집 조용 깨끗,25.07.21,"['25년이내', '대형평수', '방네개이상', '화장실두개']",남동향,12199231.611208407
경기도,용인시 기흥구,언남동,하마비마을동부센트레빌,매매,104동,9/15,560000000,159.88,OWNER,남향 밝고 환한 집 법화산과 단지 정원 전망굿,25.07.20,"['25년이내', '마당', '대형평수', '방네개이상']",남향,11578931.69877408
경기도,용인시 기흥구,언남동,하마비마을동부센트레빌,전세,102동,7/18,410000000,159.88,OWNER,주인거주 깨끗 조용 뷰 좋고  단지앞 상권 교통 편리,25.07.14,"['25년이내', '융자금없는', '대형평수', '방네개이상']",남동향,8477432.136602452
경기도,용인시 기흥구,언남동,하마비마을동부센트레빌,월세,103동,중/15,"5,000/150",159.88,OWNER,"상권편리, 조용한 단지 귀한월세",25.07.19,"['25년이내', '대형평수', '방네개이상', '화장실두개']",남동향,
경기도,용인시 기흥구,언남동,하마비마을동부센트레빌,매매,106동,고/16,600000000,159.88,OWNER,"48P, 상권교통편리,선호라인. 법화산연결, 기본",25.07.18,"['25년이내', '대형평수', '방네개이상', '화장실두개']",남동향,12405998.248686515
경기도,용인시 기흥구,언남동,하마비마을동부센트레빌,매매,102동,7/18,600000000,159.88,OWNER,"로얄동,중심상권에위치함,광역버스및 구성역이용으로 교통편리,추천합니다",25.07.12,"['25년이내', '대형평수', '방네개이상', '화장실두개']",남동향,12405998.248686515
경기도,용인시 기흥구,언남동,하마비마을동부센트레빌,전세,104동,중/15,450000000,159.88,OWNER,정남향 일조량 뷰 좋은집,25.07.14,"['25년이내', '대형평수', '방네개이상', '화장실두개']",남향,9304498.686514886
경기도,용인시 기흥구,언남동,하마비마을동부센트레빌,매매,107동,고/15,650000000,159.88,NDOC1,"수리되어 예쁜집, 조용하고 시원한 뷰",25.07.14,"['25년이내', '대형평수', '방네개이상', '화장실두개']",남동향,13439831.436077058
경기도,용인시 기흥구,언남동,하마비마을동부센트레빌,매매,101동,중/18,590000000,159.88,OWNER,세안고 일부수리 중심상권 교통 인접 탁트인 뷰,25.07.13,"['25년이내', '대형평수', '방네개이상', '화장실두개']",남동향,12199231.611208407
경기도,용인시 기흥구,언남동,하마비마을동부센트레빌,매매,101동,고/18,600000000,159.88,OWNER,입구동 기본 탁트인전망 단지앞 중심상권 교통 인접,25.07.13,"['25년이내', '대형평수', '방네개이상', '화장실두개']",남동향,12405998.248686515
경기도,용인시 기흥구,언남동,하마비마을동부센트레빌,매매,104동,14/15,560000000,159.88,OWNER,주인거주 깨끗 정상입주 정남향  단지뷰가 좋아요,25.07.05,"['25년이내', '대형평수', '방네개이상', '화장실두개']",남향,11578931.69877408
경기도,용인시 기흥구,언남동,하마비마을동부센트레빌,매매,101동,저/18,600000000,159.88,OWNER,입구에서 가깝고 단지뷰 잔잔하게 예뻐요 상권 교통 굿,25.07.10,"['25년이내', '대형평수', '방네개이상', '화장실두개']",남동향,12405998.248686515
경기도,용인시 기흥구,언남동,하마비마을동부센트레빌,매매,107동,중/15,620000000,159.88,OWNER,"상권접근성좋은단지,교통이용편리,12월입주협의",25.07.10,"['25년이내', '대형평수', '방네개이상', '화장실두개']",남동향,12819531.523642734
경기도,용인시 기흥구,언남동,하마비마을동부센트레빌,매매,102동,저/18,650000000,159.88,DOC,"입주협의, 일부수리, 조용한 동, 교통과 상권이용 편리한 단지",25.07.18,"['25년이내', '대형평수', '방네개이상', '화장실두개']",남동향,13439831.436077058
경기도,용인시 기흥구,언남동,하마비마을동부센트레빌,매매,102동,저/18,560000000,159.88,OWNER,세안고 조용 단지앞 중심상권 교통 편리,25.07.03,"['25년이내', '대형평수', '방네개이상', '화장실두개']",남동향,11578931.69877408
경기도,용인시 기흥구,언남동,하마비마을동부센트레빌,매매,101동,중/18,650000000,159.88,OWNER,"입구동,중심상권이용교통편리",25.06.30,"['25년이내', '대형평수', '방네개이상', '화장실두개']",남동향,13439831.436077058
경기도,용인시 기흥구,언남동,하마비마을동부센트레빌,매매,103동,저/15,630000000,159.88,OWNER,깨끗 조용 주인거주 단지 정원 조망,25.06.24,"['25년이내', '마당', '대형평수', '방네개이상']",남동향,13026298.161120841
경기도,용인시 기흥구,언남동,하마비마을동부센트레빌,매매,103동,저/15,610000000,159.88,OWNER,세안고 수리하여 밝고 환한 집,25.06.24,"['25년이내', '대형평수', '방네개이상', '화장실두개']",남동향,12612764.886164624
경기도,용인시 기흥구,언남동,하마비마을동부센트레빌,매매,103동,저/15,650000000,159.88,NONE,"정상,주인거주,깨끗",25.07.10,"['25년이내', '대형평수', '방네개이상', '화장실두개']",남동향,13439831.436077058
경기도,용인시 기흥구,언남동,하마비마을동부센트레빌,매매,105동,8/18,620000000,115.07,OWNER,"입구동,주인거주,쾌적한주거환경숲세권,대중교통편리,은행 병원 이용편리,기본",25.07.10,"['25년이내', '방세개', '화장실두개', '중층']",남동향,17811651.168853745
경기도,용인시 기흥구,언남동,하마비마을동부센트레빌,매매,105동,4/18,630000000,115.07,DOC,"정상입주, 주인거주, 주차편리, 중심생활권",25.07.18,"['25년이내', '방세개', '화장실두개', '세대당 1.5대이상']",남향,18098935.865125578
경기도,용인시 기흥구,언남동,하마비마을동일하이빌1,매매,108동,8/18,630000000,215.84,NDOC1,기본 전망 좋아요,25.07.16,"['25년이내', '대형평수', '방네개이상', '화장실두개']",남동향,9649020.339140104
경기도,용인시 기흥구,언남동,하마비마을동일하이빌1,전세,109동,고/17,450000000,215.84,OWNER,"저렴한 전세,숲세권,산책및 등산로이용 운동하기좋아요",25.07.17,"['25년이내', '대형평수', '방네개이상', '화장실두개']",남동향,6892157.385100075
경기도,용인시 기흥구,언남동,하마비마을동일하이빌1,매매,109동,5/17,700000000,215.84,NDOC1,정상입주 기본 전원주택 같아요,25.07.08,"['25년이내', '대형평수', '방네개이상', '화장실두개']",남동향,10721133.710155671
경기도,용인시 기흥구,언남동,하마비마을동일하이빌1,매매,109동,고/17,750000000,215.84,OWNER,기본 조용한 단지 커뮤니티 굿,25.07.14,"['25년이내', '대형평수', '방네개이상', '화장실두개']",남동향,11486928.97516679
경기도,용인시 기흥구,언남동,하마비마을동일하이빌1,매매,109동,8/17,730000000,215.84,DOC,"급,깨끗,법화산등산로와연결된수영장을갖춘숲세권아파트.",25.07.17,"['25년이내', '대형평수', '방네개이상', '화장실두개']",남동향,11180610.869162343
경기도,용인시 기흥구,언남동,하마비마을동일하이빌1,매매,111동,고/18,800000000,215.84,DOC,"남향,법화산등산로와연결된수영장을갖춘숲세권힐링아파트",25.07.21,"['25년이내', '대형평수', '방네개이상', '화장실두개']",남향,12252724.24017791
경기도,용인시 기흥구,언남동,하마비마을동일하이빌1,매매,111동,2/18,800000000,215.84,OWNER,,25.07.02,"['25년이내', '대형평수', '방네개이상', '화장실두개']",남향,12252724.24017791
경기도,용인시 기흥구,언남동,하마비마을동일하이빌1,매매,109동,8/17,730000000,215.84,DOC,깔끔한 수리 협의 입주 숲조망 가격협의,25.07.12,"['25년이내', '대형평수', '방네개이상', '화장실두개']",북동향,11180610.869162343
경기도,용인시 기흥구,언남동,하마비마을동일하이빌1,매매,109동,15/17,680000000,215.84,DOC,"전세 만기9월, 기본, 살기좋은 숲세권 아파트",25.07.11,"['25년이내', '대형평수', '방네개이상', '화장실두개']",남동향,10414815.604151223
경기도,용인시 기흥구,언남동,하마비마을동일하이빌1,매매,111동,고/18,800000000,215.84,DOC,"깨끗,급매,법화산등산로와연결된수영장을갖춘숲세권아파트.",25.07.17,"['25년이내', '급매', '대형평수', '방네개이상']",남향,12252724.24017791
경기도,용인시 기흥구,언남동,하마비마을동일하이빌1,매매,112동,2/18,650000000,215.84,OWNER,65p 저렴한 가격  정남향  정상입주,25.06.30,"['25년이내', '대형평수', '방네개이상', '화장실두개']",남향,9955338.445144553
경기도,용인시 기흥구,언남동,하마비마을동일하이빌1,매매,109동,16/17,700000000,215.84,NDOC1,정상입주 기본 주인거주,25.06.27,"['25년이내', '대형평수', '방네개이상', '화장실두개']",남동향,10721133.710155671
경기도,용인시 기흥구,언남동,하마비마을동일하이빌1,매매,109동,13/17,720000000,215.84,OWNER,기본  가운데라인  정상입주 쾌적한 환경,25.06.26,"['25년이내', '대형평수', '방네개이상', '화장실두개']",남동향,11027451.81616012
경기도,용인시 기흥구,언남동,하마비마을동일하이빌1,매매,111동,중/18,720000000,215.84,OWNER,"자연친화적인단지,햇살좋은남향,커뮤니티시설굿",25.06.30,"['25년이내', '대형평수', '방네개이상', '화장실두개']",남향,11027451.81616012
경기도,용인시 기흥구,언남동,하마비마을동일하이빌1,매매,108동,5/18,700000000,215.84,NDOC1,정상입주 수리 전망 좋아요 ,25.06.23,"['25년이내', '대형평수', '방네개이상', '화장실두개']",남동향,10721133.710155671
경기도,용인시 기흥구,언남동,하마비마을동일하이빌1,매매,109동,저/17,680000000,215.84,OWNER,"부분수리, 깨끗 방2개확장,씽크대교체",25.06.26,"['25년이내', '대형평수', '방두개', '화장실두개']",남동향,10414815.604151223
경기도,용인시 기흥구,언남동,하마비마을동일하이빌1,매매,109동,중/17,730000000,215.84,NONE,"급매,법화산자락의수영장을갖춘숲세권힐링아파트.",25.07.17,"['25년이내', '급매', '대형평수', '방네개이상']",남동향,11180610.869162343
경기도,용인시 기흥구,언남동,하마비마을동일하이빌1,매매,111동,고/18,800000000,215.84,NONE,"깨끗,법화산등산로와연결된수영장을갖춘숲세권아파트.",25.07.17,"['25년이내', '대형평수', '방네개이상', '화장실두개']",남향,12252724.24017791
경기도,용인시 기흥구,언남동,하마비마을동일하이빌1,매매,109동,저/17,750000000,215.84,NONE,정상.깨끗,25.06.30,"['25년이내', '대형평수', '방네개이상', '화장실두개']",남동향,11486928.97516679
경기도,용인시 기흥구,언남동,하마비마을동일하이빌1,매매,106동,8/18,670000000,188.51,NDOC1,정상입주 깨끗 앞전망,25.07.21,"['25년이내', '대형평수', '방네개이상', '화장실두개']",남동향,11749381.730412181
경기도,용인시 기흥구,언남동,하마비마을동일하이빌1,매매,106동,14/18,650000000,188.51,NDOC1,정상입주 기본,25.07.16,"['25년이내', '대형평수', '방네개이상', '화장실두개']",남동향,11398653.917564057
경기도,용인시 기흥구,언남동,하마비마을동일하이빌1,매매,106동,저/18,620000000,188.51,OWNER,,25.07.21,"['25년이내', '대형평수', '방네개이상', '화장실두개']",남동향,10872562.198291868
경기도,용인시 기흥구,언남동,하마비마을동일하이빌1,매매,106동,3/18,730000000,188.51,OWNER,샷시까지 특올수리 입주만 하시면 되는집,25.07.10,"['25년이내', '올수리', '대형평수', '방네개이상']",남동향,12801565.168956555
경기도,용인시 기흥구,언남동,하마비마을동일하이빌1,매매,106동,고/18,630000000,188.51,OWNER,"부분수리됨, 상권편리, 커뮤니티 굿, 숲세권",25.07.10,"['25년이내', '대형평수', '방네개이상', '화장실두개']",남동향,11047926.10471593
경기도,용인시 기흥구,언남동,하마비마을동일하이빌1,매매,110동,저/20,640000000,188.51,OWNER,"깨끗하게 수리됨, 자연친화적 단지, 수영헬스등산만족도높음",25.07.10,"['25년이내', '대형평수', '방네개이상', '화장실두개']",남동향,11223290.011139994
경기도,용인시 기흥구,언남동,하마비마을동일하이빌1,매매,107동,중/20,650000000,188.51,OWNER,주인거주로 아주 깨끗한 집. 생활권편리,25.07.10,"['25년이내', '대형평수', '방네개이상', '화장실두개']",남서향,11398653.917564057
경기도,용인시 기흥구,언남동,하마비마을동일하이빌1,매매,106동,저/18,590000000,188.51,OWNER,"대단지, 대형평수, 생활권편리",25.07.07,"['25년이내', '대형평수', '방네개이상', '화장실두개']",남동향,10346470.479019681
경기도,용인시 기흥구,언남동,하마비마을동일하이빌1,매매,105동,10/17,650000000,188.51,NDOC1,세안고 기본 깨끗 26년 2월 전세 40000,25.06.30,"['25년이내', '대형평수', '방네개이상', '화장실두개']",남동향,11398653.917564057
경기도,용인시 기흥구,언남동,하마비마을동일하이빌1,매매,107동,2/20,620000000,188.51,OWNER,입주가능한집 주인거주로관리잘되어깨끗한집,25.06.27,"['25년이내', '대형평수', '방네개이상', '화장실두개']",남서향,10872562.198291868
경기도,용인시 기흥구,언남동,하마비마을동일하이빌1,매매,107동,고/20,700000000,188.51,DOC,"깨끗,법화산등산로와연결된수영장을갖춘숲세권아파트",25.07.10,"['25년이내', '대형평수', '방네개이상', '화장실두개']",남서향,12275473.449684368
경기도,용인시 기흥구,언남동,하마비마을동일하이빌1,매매,106동,12/18,620000000,188.51,DOC,"급매,깨끗,법화산등산로와연결된수영장을갖춘숲세권아파트.",25.07.03,"['25년이내', '급매', '대형평수', '방네개이상']",남동향,10872562.198291868
경기도,용인시 기흥구,언남동,하마비마을동일하이빌1,매매,105동,고/17,600000000,188.51,NDOC1,,25.06.27,"['25년이내', '대형평수', '방네개이상', '화장실두개']",남동향,10521834.385443745
경기도,용인시 기흥구,언남동,하마비마을동일하이빌1,매매,107동,11/20,680000000,188.51,DOC,기본 로얄동 전망트임 정상입주,25.06.30,"['25년이내', '대형평수', '방네개이상', '화장실두개']",남서향,11924745.636836242
경기도,용인시 기흥구,언남동,하마비마을동일하이빌1,매매,106동,중/18,650000000,188.51,OWNER,"로얄동로얄층,수영장,사우나이용편리한동,등산로",25.06.23,"['25년이내', '대형평수', '방네개이상', '화장실두개']",남동향,11398653.917564057
경기도,용인시 기흥구,언남동,하마비마을동일하이빌1,매매,110동,저/20,700000000,188.51,DOCV2,"올확장, 주방 및 화장실 등 예쁘게 올수리, 막힘없는 단지 뷰, 주인거주",25.06.26,"['25년이내', '올수리', '대형평수', '방네개이상']",남서향,12275473.449684368
경기도,용인시 기흥구,언남동,하마비마을동일하이빌1,매매,110동,고/20,650000000,188.51,DOC,"급,깨끗,법화산등산로와연결된수영장을갖춘숲세권아파트.",25.06.30,"['25년이내', '대형평수', '방네개이상', '화장실두개']",남서향,11398653.917564057
경기도,용인시 기흥구,언남동,하마비마을동일하이빌1,매매,110동,저/20,620000000,188.51,DOC,"급매,법화산등산로와연결된수영장을갖춘숲세권힐링아파트.",25.06.26,"['25년이내', '급매', '대형평수', '방네개이상']",남서향,10872562.198291868
경기도,용인시 기흥구,언남동,하마비마을동일하이빌1,매매,110동,저/20,620000000,188.51,NONE,정상.깨끗.확장,25.06.23,"['25년이내', '대형평수', '방네개이상', '화장실두개']",남향,10872562.198291868
경기도,용인시 기흥구,언남동,하마비마을동일하이빌1,전세,118동,17/20,420000000,151.17,NDOC1,조용하고 공기좋은 단지 생활과 교통을 모두 만족하는 단지,25.07.21,"['25년이내', '대형평수', '방네개이상', '화장실두개']",남동향,9184558.444135742
경기도,용인시 기흥구,언남동,하마비마을동일하이빌1,전세,104동,12/17,400000000,151.17,NDOC1,빠른입주가능 씽크대교체 도배 깨끗,25.07.16,"['25년이내', '융자금없는', '대형평수', '방네개이상']",남동향,8747198.518224517
경기도,용인시 기흥구,언남동,하마비마을동일하이빌1,매매,118동,중/20,700000000,151.17,OWNER,45P 특올수리  주인거주 입주일협의가능,25.07.18,"['25년이내', '올수리', '대형평수', '방네개이상']",동향,15307597.406892903
경기도,용인시 기흥구,언남동,하마비마을동일하이빌1,매매,116동,8/20,610000000,151.17,OWNER,,25.07.10,"['25년이내', '대형평수', '방네개이상', '화장실두개']",남향,13339477.740292387
경기도,용인시 기흥구,언남동,하마비마을동일하이빌1,매매,118동,17/20,630000000,151.17,OWNER,"부분수리,숲세권,정상입주",25.07.10,"['25년이내', '대형평수', '방네개이상', '화장실두개']",동향,13776837.666203614
경기도,용인시 기흥구,언남동,하마비마을동일하이빌1,매매,118동,고/20,580000000,151.17,OWNER,"기본,정상입주,개방감 있는 중간동",25.07.14,"['25년이내', '대형평수', '방네개이상', '화장실두개']",남동향,12683437.851425549
경기도,용인시 기흥구,언남동,하마비마을동일하이빌1,매매,120동,13/17,580000000,151.17,DOC,정상입주 기본 남향 법화산 전망,25.07.14,"['25년이내', '대형평수', '방네개이상', '화장실두개']",남향,12683437.851425549
경기도,용인시 기흥구,언남동,하마비마을동일하이빌1,매매,116동,18/20,680000000,151.17,OWNER,"법화산 가까움, 조용한 동, 숲 산책로 좋아요.",25.07.02,"['25년이내', '대형평수', '방네개이상', '화장실두개']",남향,14870237.48098168
경기도,용인시 기흥구,언남동,하마비마을동일하이빌1,매매,118동,15/20,650000000,151.17,OWNER,정상입주 부분수리 깨끗,25.06.30,"['25년이내', '대형평수', '방네개이상', '화장실두개']",동향,14214197.59211484
경기도,용인시 기흥구,언남동,하마비마을동일하이빌1,매매,104동,4/17,600000000,151.17,NDOC1,세안고 확장 전원주택같아요,25.06.30,"['25년이내', '대형평수', '방네개이상', '화장실두개']",남동향,13120797.777336776
경기도,용인시 기흥구,언남동,하마비마을동일하이빌1,전세,113동,중/20,420000000,151.17,DOC,"깨끗,법화산자락의등산로와어울어진수영장을갖춘숲세권힐링아파트.",25.07.14,"['25년이내', '융자금없는', '대형평수', '방네개이상']",남동향,9184558.444135742
경기도,용인시 기흥구,언남동,하마비마을동일하이빌1,매매,118동,12/20,650000000,151.17,OWNER,법화산전망 붙박이 거실확장,25.06.23,"['25년이내', '대형평수', '방네개이상', '화장실두개']",동향,14214197.59211484
경기도,용인시 기흥구,언남동,하마비마을동일하이빌1,매매,120동,1/17,550000000,151.17,DOC,급매물 정상입주 정원같은 집 확장 수영장 있는 단지,25.06.27,"['25년이내', '마당', '1층', '급매']",남동향,12027397.962558711
경기도,용인시 기흥구,언남동,하마비마을동일하이빌1,매매,116동,10/20,650000000,151.17,DOC,세안고 남향 방.거실확장 법화산 전망 보증금 3억,25.06.23,"['25년이내', '대형평수', '방네개이상', '화장실두개']",남향,14214197.59211484
경기도,용인시 기흥구,언남동,하마비마을동일하이빌1,매매,120동,1/17,550000000,151.17,NONE,,25.07.03,"['25년이내', '1층', '대형평수', '방네개이상']",남동향,12027397.962558711
경기도,용인시 기흥구,언남동,하마비마을동일하이빌1,매매,119동,1/19,510000000,116.84,OWNER,"세안고사실 분, 법화산등산로연결,숲세권,대단지 커뮤니티 좋아요",25.07.21,"['25년이내', '1층', '방세개', '화장실두개']",남서향,14429564.789455667
경기도,용인시 기흥구,언남동,하마비마을동일하이빌1,매매,102동,17/18,580000000,116.84,NDOC1,최고올수리  세안고  샤시교체,25.07.16,"['25년이내', '올수리', '방세개', '화장실두개']",남서향,16410093.28996919
경기도,용인시 기흥구,언남동,하마비마을동일하이빌1,매매,114동,중/19,560000000,116.84,NDOC1,"세안고 사두실 분, 깨끗하고 로얄동 로얄층으로 따뜻함",25.07.21,"['25년이내', '방세개', '화장실두개', '중층']",북서향,15844228.004108183
경기도,용인시 기흥구,언남동,하마비마을동일하이빌1,매매,103동,중/17,530000000,116.84,OWNER,입주일 협의가능한 남동향 예쁜뷰입니다.,25.07.21,"['25년이내', '방세개', '화장실두개', '중층']",남동향,14995430.075316673
경기도,용인시 기흥구,언남동,하마비마을동일하이빌1,매매,101동,10/17,550000000,116.84,NDOC1,하시입주 기본 입구동입니다.,25.07.14,"['25년이내', '방세개', '화장실두개', '중층']",남동향,15561295.36117768
경기도,용인시 기흥구,언남동,하마비마을동일하이빌1,매매,102동,12/18,540000000,116.84,DOC,하시입주 전망트임 로얄동,25.07.21,"['25년이내', '방세개', '화장실두개', '중층']",남서향,15278362.718247177
경기도,용인시 기흥구,언남동,하마비마을동일하이빌1,매매,119동,고/19,560000000,116.84,OWNER,뷰좋은집 부분수리 작은2개확장,25.07.17,"['25년이내', '소형평수', '방세개', '화장실두개']",남서향,15844228.004108183
경기도,용인시 기흥구,언남동,하마비마을동일하이빌1,매매,119동,고/19,540000000,116.84,OWNER,",대단지, 스포츠센타이용편리, 상권편리,등산로연결, 숲세권",25.07.14,"['25년이내', '방세개', '화장실두개', '고층']",남서향,15278362.718247177
경기도,용인시 기흥구,언남동,하마비마을동일하이빌1,매매,102동,고/18,580000000,116.84,OWNER,"화이트톤올수리된 입구로얄동, 커뮤니티이용,자연친화적인 단지",25.07.14,"['25년이내', '올수리', '방세개', '화장실두개']",남서향,16410093.28996919
경기도,용인시 기흥구,언남동,하마비마을동일하이빌1,매매,119동,15/19,530000000,116.84,DOC,전세안고 숲세권 35.선호동 전망,25.07.17,"['25년이내', '방세개', '화장실두개', '고층']",남서향,14995430.075316673
경기도,용인시 기흥구,언남동,하마비마을동일하이빌1,매매,115동,중/17,550000000,116.84,OWNER,샷시포함 수리되어 집 깨끗 조용한 뷰 맛집,25.07.08,"['25년이내', '방세개', '화장실두개', '중층']",동향,15561295.36117768
경기도,용인시 기흥구,언남동,하마비마을동일하이빌1,매매,103동,12/17,570000000,116.84,NDOC1,세안고 25.8월 기본,25.06.30,"['25년이내', '방세개', '화장실두개', '고층']",남동향,16127160.647038685
경기도,용인시 기흥구,언남동,하마비마을동일하이빌1,매매,101동,11/17,540000000,116.84,NDOC1,하시입주 앞트임 입구동으로 상가근접 용이함,25.06.30,"['25년이내', '방세개', '화장실두개', '중층']",남동향,15278362.718247177
경기도,용인시 기흥구,언남동,하마비마을동일하이빌1,매매,114동,15/19,530000000,116.84,NDOC1,세안고 방확장,25.06.27,"['25년이내', '방세개', '화장실두개', '고층']",남서향,14995430.075316673
경기도,용인시 기흥구,언남동,하마비마을동일하이빌1,매매,114동,19/19,560000000,116.84,OWNER,"전세안고매매, 법화산등산로연결,  숲세권 조용함",25.06.26,"['25년이내', '탑층', '방세개', '화장실두개']",남서향,15844228.004108183
경기도,용인시 기흥구,언남동,하마비마을동일하이빌1,매매,114동,고/19,580000000,116.84,OWNER,"빠른입주가능,조망좋음,자연친화적단지",25.06.30,"['25년이내', '방세개', '화장실두개', '고층']",남서향,16410093.28996919
경기도,용인시 기흥구,언남동,하마비마을동일하이빌1,매매,102동,중/18,540000000,116.84,DOC,"깨끗,법화산등산로와연결된수영장을갖춘숲세권아파트",25.07.10,"['25년이내', '방세개', '화장실두개', '중층']",남서향,15278362.718247177
경기도,용인시 기흥구,언남동,하마비마을동일하이빌1,매매,119동,1/19,500000000,116.84,NDOC1,세안고 올확장 전원주택같아요 일조권 양호,25.06.23,"['25년이내', '1층', '방세개', '화장실두개']",남서향,14146632.146525163
경기도,용인시 기흥구,언남동,하마비마을동일하이빌1,매매,101동,저/17,580000000,116.84,DOC,"아주깨끗,법화산등산로와연결된수영장을갖춘숲세권아파트.",25.07.08,"['25년이내', '방세개', '화장실두개', '세대당 1.5대이상']",남동향,16410093.28996919
경기도,용인시 기흥구,언남동,하마비마을동일하이빌1,매매,115동,17/17,540000000,116.84,DOC,정상입주 전망최고 탑층,25.06.30,"['25년이내', '탑층', '방세개', '화장실두개']",동향,15278362.718247177
경기도,용인시 기흥구,언남동,하마비마을동일하이빌1,매매,102동,9/18,540000000,116.84,DOC,세안고 기본 앞트인 입구동,25.06.30,"['25년이내', '방세개', '화장실두개', '중층']",남서향,15278362.718247177
경기도,용인시 기흥구,언남동,하마비마을동일하이빌1,매매,101동,3/17,530000000,116.84,DOC,입구동 기본 정상입주,25.06.30,"['25년이내', '방세개', '화장실두개', '세대당 1.5대이상']",남동향,14995430.075316673
경기도,용인시 기흥구,언남동,하마비마을동일하이빌1,매매,119동,중/19,570000000,116.84,OWNER,35 입주또는갭투가 선호동호  기본  앞뒤시원한뻥뷰 조건협의,25.06.26,"['25년이내', '방세개', '화장실두개', '중층']",남향,16127160.647038685
경기도,용인시 기흥구,언남동,하마비마을동일하이빌1,매매,119동,저/19,530000000,116.84,DOC,"급매,깨끗,법화산등산로와연결된수영장을갖춘숲세권아파트",25.07.05,"['25년이내', '급매', '방세개', '화장실두개']",남서향,14995430.075316673
경기도,용인시 기흥구,언남동,하마비마을동일하이빌1,매매,103동,중/17,530000000,116.84,DOC,"급매,깨끗,법화산등산로와연결된수영장을갖춘숲세권아파트.",25.06.27,"['25년이내', '급매', '방세개', '화장실두개']",남동향,14995430.075316673
경기도,용인시 기흥구,언남동,하마비마을동일하이빌1,매매,121동,고/17,590000000,116.84,DOC,,25.06.26,"['25년이내', '방세개', '화장실두개', '고층']",남서향,16693025.932899691
경기도,용인시 기흥구,언남동,하마비마을동일하이빌1,매매,102동,중/18,540000000,116.84,NONE,"급매,깨끗",25.07.15,"['25년이내', '급매', '방세개', '화장실두개']",남향,15278362.718247177
경기도,용인시 기흥구,언남동,하마비마을동일하이빌2,매매,208동,18/20,690000000,204.3,OWNER,정상입주 전망이 최고임 조용한 숲세권 아파트 주차장 최고로 편리,25.07.21,"['25년이내', '대형평수', '방네개이상', '화장실두개']",남향,11164912.628487518
경기도,용인시 기흥구,언남동,하마비마을동일하이빌2,매매,202동,18/20,690000000,204.3,OWNER,정남향 맨 앞동 조용함 정상입주가,25.07.21,"['25년이내', '대형평수', '화장실두개', '방네개이상']",남향,11164912.628487518
경기도,용인시 기흥구,언남동,하마비마을동일하이빌2,매매,208동,20/20,670000000,204.3,OWNER,정상입주   전망최고 깨끗 조용한 전원같은 정남향집 초 중학교 접근성 굿,25.07.17,"['25년이내', '대형평수', '탑층', '방네개이상']",남향,10841291.97258933
경기도,용인시 기흥구,언남동,하마비마을동일하이빌2,매매,202동,중/20,700000000,204.3,OWNER,"62P,로얄동,주인거주,부분수리화장실.주방,도배등,거실확장.",25.07.21,"['25년이내', '대형평수', '방네개이상', '화장실두개']",남향,11326722.956436614
경기도,용인시 기흥구,언남동,하마비마을동일하이빌2,매매,202동,20/20,680000000,204.3,OWNER,씽크대 빌트인 수리 깨끗  하시 입주   전망 좋음 입구동 접근성 좋음,25.07.08,"['25년이내', '대형평수', '탑층', '방네개이상']",남향,11003102.300538424
경기도,용인시 기흥구,언남동,하마비마을동일하이빌2,전세,208동,20/20,480000000,204.3,OWNER,"도배신규, 고급아파트 앞뒤 뻥뷰 골프장 법화산 조망, 숲산공기청정",25.07.05,"['25년이내', '융자금없는', '테라스', '대형평수']",남향,7766895.741556535
경기도,용인시 기흥구,언남동,하마비마을동일하이빌2,매매,208동,4/20,700000000,204.3,MOBL,"61,주인확인.세안고.",25.06.30,"['25년이내', '대형평수', '방네개이상', '화장실세개']",남향,11326722.956436614
경기도,용인시 기흥구,언남동,하마비마을동일하이빌2,매매,208동,8/20,680000000,204.3,DOC,,25.07.10,"['25년이내', '대형평수', '방네개이상', '화장실두개']",남향,11003102.300538424
경기도,용인시 기흥구,언남동,하마비마을동일하이빌2,매매,208동,14/20,700000000,204.3,DOC,"전세안고,깨끗,초,중교인접단지,법화산자락의숲세권힐링아파트.",25.07.10,"['25년이내', '대형평수', '방네개이상', '화장실두개']",남향,11326722.956436614
경기도,용인시 기흥구,언남동,하마비마을동일하이빌2,매매,208동,1/20,600000000,204.3,DOC,"급,깨끗,법화산등산로와연결된숲세권힐링아파트.",25.06.30,"['25년이내', '1층', '대형평수', '방네개이상']",남향,9708619.676945668
경기도,용인시 기흥구,언남동,하마비마을동일하이빌2,매매,202동,20/20,680000000,204.3,NONE,하시입주 빌트인  씽크대수리 전망굿 깨끗함,25.07.21,"['25년이내', '대형평수', '탑층', '방네개이상']",남향,11003102.300538424
경기도,용인시 기흥구,언남동,하마비마을동일하이빌2,매매,202동,18/20,700000000,204.3,NONE,정상입주 전망굿 ,25.07.21,"['25년이내', '대형평수', '방네개이상', '화장실세개']",남향,11326722.956436614
경기도,용인시 기흥구,언남동,하마비마을동일하이빌2,매매,208동,18/20,690000000,204.3,NONE,,25.07.21,"['25년이내', '대형평수', '방네개이상', '화장실세개']",남향,11164912.628487518
경기도,용인시 기흥구,언남동,하마비마을동일하이빌2,매매,208동,20/20,670000000,204.3,NONE,급매물 전망굿 정상입주,25.07.03,"['25년이내', '급매', '대형평수', '탑층']",남향,10841291.97258933
경기도,용인시 기흥구,언남동,하마비마을동일하이빌2,전세,206동,15/20,400000000,174.46,OWNER,"정남향,기본,해잘들고 등산로 가까운 동, 정상입주",25.07.17,"['25년이내', '대형평수', '방네개이상', '화장실두개']",남향,7579468.072910695
경기도,용인시 기흥구,언남동,하마비마을동일하이빌2,매매,206동,13/20,580000000,174.46,OWNER,정남향 조용 하시입주가,25.07.16,"['25년이내', '대형평수', '화장실두개', '방네개이상']",남향,10990228.70572051
경기도,용인시 기흥구,언남동,하마비마을동일하이빌2,매매,206동,15/20,650000000,174.46,OWNER,"남향,채광좋음,숲세권,입주일협의가능",25.07.13,"['25년이내', '대형평수', '방네개이상', '화장실두개']",남향,12316635.618479881
경기도,용인시 기흥구,언남동,하마비마을동일하이빌2,매매,202동,3/20,700000000,174.46,DOC,"52, 입구동, 깨끗하게 관리된집, 정남향",25.07.21,"['25년이내', '대형평수', '방네개이상', '화장실두개']",남향,13264069.127593718
경기도,용인시 기흥구,언남동,하마비마을동일하이빌2,매매,203동,중/20,700000000,174.46,OWNER,"채광전망좋은남향,로얄동,로얄라인 샷시까지 올수리",25.07.17,"['25년이내', '올수리', '대형평수', '방네개이상']",남향,13264069.127593718
경기도,용인시 기흥구,언남동,하마비마을동일하이빌2,매매,206동,4/20,610000000,174.46,OWNER,정상입주 확장 씽크대수리  조용한 정남향 집,25.07.10,"['25년이내', '대형평수', '방네개이상', '화장실두개']",남향,11558688.811188811
경기도,용인시 기흥구,언남동,하마비마을동일하이빌2,매매,206동,저/20,620000000,174.46,OWNER,"세안고, 산책로인접,남향",25.07.14,"['25년이내', '대형평수', '방네개이상', '화장실두개']",남향,11748175.513011578
경기도,용인시 기흥구,언남동,하마비마을동일하이빌2,매매,203동,5/20,650000000,174.46,OWNER,"최근특올수리샷시까지수리,정원뷰",25.07.07,"['25년이내', '올수리', '대형평수', '방네개이상']",남향,12316635.618479881
경기도,용인시 기흥구,언남동,하마비마을동일하이빌2,전세,206동,2/20,400000000,174.46,DOC,"52p,깨끗하게 관리된집, 도배해줌, 전원주택같은 조경뷰",25.07.17,"['25년이내', '융자금없는', '대형평수', '방네개이상']",남향,7579468.072910695
경기도,용인시 기흥구,언남동,하마비마을동일하이빌2,매매,203동,1/20,590000000,174.46,OWNER,정남향  깨끗하 1층입니다,25.06.30,"['25년이내', '1층', '대형평수', '방네개이상']",남향,11179715.407543277
경기도,용인시 기흥구,언남동,하마비마을동일하이빌2,매매,206동,2/20,610000000,174.46,DOC,"52p,남향으로 채광굿,입주일 협의가능, 기본",25.07.08,"['25년이내', '대형평수', '방네개이상', '화장실두개']",남향,11558688.811188811
경기도,용인시 기흥구,언남동,하마비마을동일하이빌2,매매,203동,19/20,610000000,174.46,OWNER,,25.06.26,"['25년이내', '대형평수', '방네개이상', '화장실두개']",남향,11558688.811188811
경기도,용인시 기흥구,언남동,하마비마을동일하이빌2,매매,202동,고/20,630000000,174.46,DOC,전망 입구동 52P 주전세가능 협의가,25.07.11,"['25년이내', '대형평수', '방네개이상', '화장실두개']",남향,11937662.214834346
경기도,용인시 기흥구,언남동,하마비마을동일하이빌2,매매,203동,고/20,610000000,174.46,DOC,주인거주로 깔끔합니다.정남향 입주일은 넉넉하게 주시면 협의 가능합니다.,25.06.30,"['25년이내', '대형평수', '방네개이상', '화장실두개']",남향,11558688.811188811
경기도,용인시 기흥구,언남동,하마비마을동일하이빌2,전세,206동,15/20,400000000,174.46,NONE,정남향 조용 정상입주가,25.07.21,"['25년이내', '융자금없는', '대형평수', '방네개이상']",남향,7579468.072910695
경기도,용인시 기흥구,언남동,하마비마을동일하이빌2,매매,206동,중/20,590000000,174.46,NONE,"빠른입주가능,남향,기본",25.07.10,"['25년이내', '대형평수', '방네개이상', '화장실두개']",남향,11179715.407543277
경기도,용인시 기흥구,언남동,하마비마을동일하이빌2,매매,206동,4/20,610000000,174.46,NONE,확장 씽크대수리 정상입주,25.07.03,"['25년이내', '대형평수', '방네개이상', '화장실두개']",남향,11558688.811188811
경기도,용인시 기흥구,언남동,하마비마을동일하이빌2,전세,206동,2/20,400000000,174.46,NONE,하시입주 도배해줌 깨끗 ,25.06.28,"['25년이내', '융자금없는', '대형평수', '방네개이상']",남향,7579468.072910695
경기도,용인시 기흥구,언남동,하마비마을동일하이빌2,매매,212동,3/20,620000000,142.13,OWNER,앞트임 전망 로얄동 1월14일 전출 전세도가능,25.07.21,"['25년이내', '대형평수', '방세개', '화장실두개']",남향,14420507.282065716
경기도,용인시 기흥구,언남동,하마비마을동일하이빌2,매매,210동,8/20,600000000,142.13,OWNER,"42,초.중최근접단지,정상입주,남향,올확장,부분수리,주인거주로 깨끗.",25.07.21,"['25년이내', '대형평수', '방세개', '화장실두개']",남향,13955329.62780553
경기도,용인시 기흥구,언남동,하마비마을동일하이빌2,매매,207동,20/20,550000000,142.13,OWNER,뻥뚫린 탑층뷰 정상입주,25.07.21,"['25년이내', '대형평수', '탑층', '방세개']",동향,12792385.492155071
경기도,용인시 기흥구,언남동,하마비마을동일하이빌2,매매,205동,저/20,610000000,142.13,OWNER,동향 산전망 앞뒤 확 트여 통풍 굿,25.07.21,"['25년이내', '대형평수', '방세개', '화장실두개']",동향,14187918.454935623
경기도,용인시 기흥구,언남동,하마비마을동일하이빌2,월세,201동,10/20,"5,000/140",142.13,OWNER,조용  씽크대교체 신규도배 부분수리함 조망권우수 8월초 입주가,25.07.14,"['25년이내', '대형평수', '화장실두개', '방세개']",동향,
경기도,용인시 기흥구,언남동,하마비마을동일하이빌2,매매,211동,9/14,600000000,142.13,DOC,정상입주 확장,25.07.21,"['25년이내', '대형평수', '방세개', '화장실두개']",남향,13955329.62780553
경기도,용인시 기흥구,언남동,하마비마을동일하이빌2,매매,211동,10/14,600000000,142.13,DOC,전세안고 깨끗 로얄동 앞전망 일조권 최고,25.07.21,"['25년이내', '대형평수', '방세개', '화장실두개']",남향,13955329.62780553
경기도,용인시 기흥구,언남동,하마비마을동일하이빌2,매매,209동,저/20,600000000,142.13,OWNER,"42P,남향,기본형,씽크대 교체,정상입주,주인거주,깨끗,",25.07.14,"['25년이내', '대형평수', '방세개', '화장실두개']",남향,13955329.62780553
경기도,용인시 기흥구,언남동,하마비마을동일하이빌2,매매,209동,18/20,580000000,142.13,OWNER,정남향고층입니다.,25.07.07,"['25년이내', '대형평수', '방세개', '화장실두개']",남향,13490151.973545346
경기도,용인시 기흥구,언남동,하마비마을동일하이빌2,매매,212동,저/20,600000000,142.13,OWNER,입주일은 협의하시면 됩니다. 남향의 녹지뷰 부분수리,25.07.02,"['25년이내', '대형평수', '방세개', '화장실두개']",남향,13955329.62780553
경기도,용인시 기흥구,언남동,하마비마을동일하이빌2,매매,209동,고/20,560000000,142.13,OWNER,"정상입주  남향, 뻥뷰, 기본이지만 아주 깨끗, 따뜻한 집이에요",25.06.30,"['25년이내', '대형평수', '방세개', '화장실두개']",남향,13024974.319285162
경기도,용인시 기흥구,언남동,하마비마을동일하이빌2,매매,209동,1/20,530000000,142.13,DOC,"42P, 정남향, 아이키우기 좋은 1층, 숲세권아파트",25.06.30,"['25년이내', '1층', '대형평수', '방세개']",남향,12327207.837894885
경기도,용인시 기흥구,언남동,하마비마을동일하이빌2,매매,211동,7/14,630000000,142.13,DOC,전망 좋으며 앞트임 수리된집,25.06.23,"['25년이내', '대형평수', '방세개', '화장실두개']",남향,14653096.10919581
경기도,용인시 기흥구,언남동,하마비마을동일하이빌2,매매,209동,저/20,550000000,142.13,DOC,"급매,깨끗,법화산자락에위치한숲세권,학세권아파트.",25.06.25,"['25년이내', '급매', '대형평수', '방세개']",남향,12792385.492155071
경기도,용인시 기흥구,언남동,하마비마을동일하이빌2,매매,210동,17/20,570000000,142.13,NONE,급매물  세안고 정남향 환한 집 ,25.07.21,"['25년이내', '급매', '대형평수', '방세개']",남향,13257563.146415256
경기도,용인시 기흥구,언남동,하마비마을동일하이빌2,월세,201동,10/20,"5,000/140",142.13,NONE,조용 조망권우수 씽크대교체 및 도배새로함 부분수리진행 빠른입주가  ,25.07.14,"['25년이내', '대형평수', '방세개', '화장실두개']",동향,
경기도,용인시 기흥구,언남동,하마비마을동일하이빌2,매매,212동,중/20,670000000,142.13,NONE,"막힘없는 앞동 ,전망최고 ,주인거주,깨끗,정상입주.",25.07.03,"['25년이내', '대형평수', '방세개', '화장실두개']",남향,15583451.417716175
경기도,용인시 기흥구,언남동,하마비마을동일하이빌2,매매,207동,20/20,530000000,142.13,NONE,조용 산조망 정상입주가,25.06.26,"['25년이내', '대형평수', '탑층', '방세개']",동향,12327207.837894885
경기도,용인시 기흥구,언남동,하마비마을동일하이빌2,매매,209동,저/20,550000000,142.13,NONE,"법화산자락에위치한 숲세권,학세권아파트.",25.06.24,"['25년이내', '대형평수', '방세개', '화장실두개']",남향,12792385.492155071
경기도,용인시 기흥구,언남동,하마비마을동일하이빌2,매매,212동,저/20,620000000,142.13,NONE,"정상,남향,전망",25.06.23,"['25년이내', '대형평수', '방세개', '화장실두개']",남동향,14420507.282065716
경기도,용인시 기흥구,언남동,하마비마을동일하이빌2,매매,204동,1/13,520000000,142.13,NONE,정상입주 조용한 전원 주택 같은 집,25.06.23,"['25년이내', '1층', '대형평수', '방세개']",남동향,12094619.010764794
경기도,용인시 기흥구,언남동,한빛센트라움(도시형),매매,A동,고/10,320000000,82.25,DOC,"전망좋은 호실, 26년 2월 중순이후 입주 가능, 주차편리",25.07.03,"['10년이내', '방세개', '화장실두개', '고층']",북서향,12861412.765957449
경기도,용인시 기흥구,언남동,한빛센트라움(도시형),매매,B동,고/10,290000000,81.28,OWNER,"세안고 매매 , 도시형 생활주택, 생활권편리, 개발호재",25.07.10,"['10년이내', '방세개', '화장실두개', '고층']",남향,11794754.552165356
경기도,용인시 기흥구,언남동,한빛센트라움(도시형),매매,B동,7/10,290000000,81.28,NONE,,25.07.15,"['10년이내', '방세개', '화장실두개', '고층']",남향,11794754.552165356
경기도,용인시 기흥구,언남동,힐스테이트구성,매매,107동,25/25,860000000,112.66,OWNER,"시에어컨5대, 법화산뷰, 준신축",25.07.21,"['4년이내', '탑층', '방세개', '화장실두개']",동향,25235000.000000004
경기도,용인시 기흥구,언남동,힐스테이트구성,매매,101동,2/25,890000000,112.66,OWNER,필로티1층 초중고인접 주민쎈터 도서관이용편리 ,25.07.18,"['4년이내', '필로티', '방세개', '화장실두개']",남향,26115290.697674423
경기도,용인시 기흥구,언남동,힐스테이트구성,매매,107동,4/25,840000000,112.66,OWNER,"강력추천,시스템에어컨 5대 ,중문 ,인덕션,식세기 ,팬트리,드레스룸 등",25.07.17,"['4년이내', '방세개', '화장실두개', '세대당1대']",남동향,24648139.534883723
경기도,용인시 기흥구,언남동,힐스테이트구성,매매,107동,고/25,850000000,112.66,OWNER,"세안고,예쁘고세련된 올인테리어,상권교통편리,구성역GTX호재",25.07.21,"['4년이내', '방세개', '화장실두개', '고층']",남동향,24941569.76744186
경기도,용인시 기흥구,언남동,힐스테이트구성,매매,101동,4/25,860000000,112.66,OWNER,"입주가능, 단지앞 초록 화단조망, 입구동이라 편리, 상가.교통편리",25.07.14,"['4년이내', '방세개', '화장실두개', '세대당1대']",남동향,25235000.000000004
경기도,용인시 기흥구,언남동,힐스테이트구성,매매,107동,저/25,840000000,112.66,OWNER,"새아파트,관리잘된주인거주,중문,정상입주",25.07.21,"['4년이내', '방세개', '화장실두개', '세대당1대']",남동향,24648139.534883723
경기도,용인시 기흥구,언남동,힐스테이트구성,매매,107동,고/25,840000000,112.66,OWNER,"26년신학기 입주가능 ,미리갭으로가능,풀옵션,앞뒤전망뷰최고",25.07.21,"['4년이내', '방세개', '화장실두개', '고층']",남동향,24648139.534883723
경기도,용인시 기흥구,언남동,힐스테이트구성,매매,107동,고/25,850000000,112.66,OWNER,산뷰 영구조망권 확보 깨끗 시스템에어컨,25.07.21,"['4년이내', '방세개', '화장실두개', '고층']",동향,24941569.76744186
경기도,용인시 기흥구,언남동,힐스테이트구성,매매,107동,24/25,850000000,112.66,OWNER,전세안고 산조망 확장형 수납우수 깔끔한내부  초중고 플시영향권,25.07.13,"['4년이내', '방세개', '화장실두개', '고층']",남동향,24941569.76744186
경기도,용인시 기흥구,언남동,힐스테이트구성,매매,101동,중/25,870000000,112.66,OWNER,"트인전망,귀한 남향,시에5대,중문 등 폴옵션,커뮤니티동으로편리,교동초도보",25.07.18,"['4년이내', '방세개', '화장실두개', '중층']",남향,25528430.232558142
경기도,용인시 기흥구,언남동,힐스테이트구성,매매,101동,저/25,880000000,112.66,OWNER,"세안고, gtx용인역, 초중고인접, 에어컨",25.07.18,"['4년이내', '방세개', '화장실두개', '세대당1대']",남향,25821860.46511628
경기도,용인시 기흥구,언남동,힐스테이트구성,매매,107동,3/25,810000000,112.66,DOC,"입주,정말 깨끗,확장,팬트리,드레스룸, 해잘들고 산 전망나오는 저층",25.07.21,"['4년이내', '방세개', '화장실두개', '세대당1대']",남동향,23767848.837209307
경기도,용인시 기흥구,언남동,힐스테이트구성,매매,104동,저/25,850000000,112.66,OWNER,2월입주  집상태최상 피로티2층 아이있는집 추천  시스템에어컨,25.07.18,"['4년이내', '방세개', '화장실두개', '세대당1대']",남향,24941569.76744186
경기도,용인시 기흥구,언남동,힐스테이트구성,매매,104동,중/25,870000000,112.66,OWNER,"신축3년차,해 잘드는 남향, 확장,인덕션, 식기세척기, 입주 협의 가능",25.07.17,"['4년이내', '방세개', '화장실두개', '중층']",남향,25528430.232558142
경기도,용인시 기흥구,언남동,힐스테이트구성,전세,101동,저/25,500000000,112.66,OWNER,"남향, 구성역, 초중고인접, 전망좋음",25.07.17,"['4년이내', '융자금없는', '방세개', '화장실두개']",남향,14671511.627906978
경기도,용인시 기흥구,언남동,힐스테이트구성,전세,101동,고/25,490000000,112.66,OWNER,"귀한 남향, 시스템,중문, 개방감 있는,탁트인 시티뷰, 상가.광역교통편리",25.07.14,"['4년이내', '방세개', '화장실두개', '고층']",남향,14378081.39534884
경기도,용인시 기흥구,언남동,힐스테이트구성,매매,107동,저/25,795000000,112.66,OWNER,"급매, 초록화단조망, 풀시스템. 빌트인냉장고, 식세기.초등학교, 탄천인접",25.07.14,"['4년이내', '급매', '방세개', '화장실두개']",남동향,23327703.488372095
경기도,용인시 기흥구,언남동,힐스테이트구성,매매,104동,저/25,820000000,112.66,OWNER,"세안고 매매, 정남향, 에어컨4,간접등,줄눈,탄성",25.07.14,"['4년이내', '방세개', '화장실두개', '세대당1대']",남향,24061279.06976744
경기도,용인시 기흥구,언남동,힐스테이트구성,매매,107동,중/25,930000000,112.66,OWNER,"gtx용인역, 구성역, 법화산 조망, 초중고인접, 에어컨, 주인거주",25.07.14,"['4년이내', '방세개', '화장실두개', '중층']",남동향,27289011.627906978
경기도,용인시 기흥구,언남동,힐스테이트구성,매매,101동,고/25,930000000,112.66,OWNER,"34P,햇살좋은 남향뷰, 시스템 어어컨 4대,줄눈,중문",25.07.14,"['4년이내', '방세개', '화장실두개', '고층']",남향,27289011.627906978
경기도,용인시 기흥구,언남동,힐스테이트구성,매매,107동,저/25,805000000,112.66,OWNER,"급매,시스템에어컨,잔잔한 초록화단조망, 초등학교 인접동, 탄천산책로 연결",25.07.11,"['4년이내', '급매', '방세개', '화장실두개']",남동향,23621133.720930237
경기도,용인시 기흥구,언남동,힐스테이트구성,매매,104동,저/25,840000000,112.66,OWNER,"남향, gtx용인역, 초중고인접, 에어컨",25.07.11,"['4년이내', '방세개', '화장실두개', '세대당1대']",남향,24648139.534883723
경기도,용인시 기흥구,언남동,힐스테이트구성,매매,107동,고/25,840000000,112.66,OWNER,"정상입주, 4년차 신축아파트, 깨끗해요",25.07.10,"['4년이내', '방세개', '화장실두개', '고층']",남동향,24648139.534883723
경기도,용인시 기흥구,언남동,힐스테이트구성,전세,107동,22/25,530000000,112.66,OWNER,산뷰 입주일협의 시스템에어컨 3 집상태 좋아요,25.07.03,"['4년이내', '방세개', '화장실두개', '고층']",동향,15551802.325581396
경기도,용인시 기흥구,언남동,힐스테이트구성,매매,107동,중/25,850000000,112.66,OWNER,"특올수리로 아주 예쁜집, 법화산뷰 즐길수 있어요",25.07.07,"['4년이내', '올수리', '방세개', '화장실두개']",남동향,24941569.76744186
경기도,용인시 기흥구,언남동,힐스테이트구성,매매,101동,중/25,870000000,112.66,OWNER,"gtx용인역, 초중고인접, 남향, 에어컨",25.07.05,"['4년이내', '방세개', '화장실두개', '중층']",남향,25528430.232558142
경기도,용인시 기흥구,언남동,힐스테이트구성,매매,107동,고/25,930000000,112.66,OWNER,"시원한 트인전망, 시스템AC 3대, 확장형, 중문, 쾌적한단지",25.07.04,"['4년이내', '방세개', '화장실두개', '고층']",동향,27289011.627906978
경기도,용인시 기흥구,언남동,힐스테이트구성,전세,104동,고/25,490000000,112.66,OWNER,"종일 채광좋은 귀한 남향, 풀시스템, 중문, 풀옵션,  넉넉한 수납공간",25.07.02,"['4년이내', '방세개', '화장실두개', '고층']",남향,14378081.39534884
경기도,용인시 기흥구,언남동,힐스테이트구성,매매,104동,고/25,850000000,112.66,OWNER,"종일 채광좋은 귀한 남향, 풀시스템, 중문 등 풀옵션, 깔끔하고 예쁜집",25.07.02,"['4년이내', '방세개', '화장실두개', '고층']",남향,24941569.76744186
경기도,용인시 기흥구,언남동,힐스테이트구성,매매,107동,중/25,870000000,112.66,OWNER,"신축급, 탁 트인 산 전망,시스템에어컨5대 풀, 중문 ,인덕션등",25.07.01,"['4년이내', '방세개', '화장실두개', '중층']",남동향,25528430.232558142
경기도,용인시 기흥구,언남동,힐스테이트구성,매매,107동,저/25,870000000,112.66,OWNER,"추천,신축,탁 트인 전망,시스템에어컨5대 풀,중문 ,인덕션,식세기,간접등",25.07.01,"['4년이내', '방세개', '화장실두개', '세대당1대']",남동향,25528430.232558142
경기도,용인시 기흥구,언남동,힐스테이트구성,매매,101동,저/25,870000000,112.66,DOC,관리잘된 신축,25.07.08,"['4년이내', '방세개', '화장실두개', '세대당1대']",남향,25528430.232558142
경기도,용인시 기흥구,언남동,힐스테이트구성,매매,107동,고/25,870000000,112.66,OWNER,"특풀옵션,전망좋음, 정상입주",25.06.26,"['4년이내', '방세개', '화장실두개', '고층']",남동향,25528430.232558142
경기도,용인시 기흥구,언남동,힐스테이트구성,매매,107동,4/25,840000000,112.66,NONE,입주2년차 8월1일이후 하시입주가능 ,25.07.13,"['4년이내', '방세개', '화장실두개', '세대당1대']",동향,24648139.534883723
경기도,용인시 기흥구,언남동,힐스테이트구성,매매,106동,9/24,640000000,80.38,OWNER,"급매,로열동,법화산전망,에어컨4대,중문,팬트리,드레스룸,교동초도보",25.07.21,"['4년이내', '급매', '방세개', '화장실두개']",남동향,26321254.043294355
경기도,용인시 기흥구,언남동,힐스테이트구성,매매,103동,19/25,680000000,80.38,OWNER,탑층임 이사일은계약시점두세달에서  협의가능 풀옵션이며 아주깨끗,25.07.21,"['4년이내', '방세개', '화장실두개', '고층']",동향,27966332.421000253
경기도,용인시 기흥구,언남동,힐스테이트구성,매매,102동,21/25,650000000,80.38,OWNER,"빠른입주가,귀한탑층 ,인덕션,드레스룸,팬트리, 관리깨끗, 신탁등기중",25.07.21,"['4년이내', '방세개', '화장실두개', '고층']",남동향,26732523.63772083
경기도,용인시 기흥구,언남동,힐스테이트구성,매매,105동,4/24,690000000,80.38,OWNER,"세안고, 초록화단조망, 넉넉한 수납공간, 관리잘 됨.",25.07.19,"['4년이내', '방세개', '화장실두개', '세대당1대']",남동향,28377602.015426725
경기도,용인시 기흥구,언남동,힐스테이트구성,매매,105동,9/24,670000000,80.38,OWNER,이사일은 계약시점 1개월후 하시협의가능 아주깨끗 빌트인에어컨3,25.07.17,"['4년이내', '방세개', '화장실두개', '중층']",동향,27555062.826573778
경기도,용인시 기흥구,언남동,힐스테이트구성,매매,103동,16/25,710000000,80.38,OWNER,세안고투자굿 입주3년차신축 풀옵션 시스템AC 플시및GTX수혜 조용쾌적함,25.07.16,"['4년이내', '방세개', '화장실두개', '중층']",남동향,29200141.204279672
경기도,용인시 기흥구,언남동,힐스테이트구성,매매,103동,14/25,700000000,80.38,OWNER,"신축 전망굿, 입주가능 급매물협의, 시스템에어컨 시설깨끗관리, 초등인근 ",25.07.15,"['4년이내', '급매', '화장실두개', '방세개']",동향,28788871.6098532
경기도,용인시 기흥구,언남동,힐스테이트구성,매매,104동,저/25,645000000,80.38,OWNER,"세안고.햇살가득남향,풀시스템에어컨,넉넉한 수납,중심상가,초등학교 인접",25.07.21,"['4년이내', '방세개', '화장실두개', '세대당1대']",남향,26526888.840507593
경기도,용인시 기흥구,언남동,힐스테이트구성,매매,105동,중/24,700000000,80.38,OWNER,"탁트인 산조망, 시스템, 중문, 식세기, 인덕션, 중심상가, 광역교통편리",25.07.21,"['4년이내', '방세개', '화장실두개', '중층']",남동향,28788871.6098532
경기도,용인시 기흥구,언남동,힐스테이트구성,매매,106동,고/24,670000000,80.38,OWNER,"시원한 법화산전망,에어컨3대,중문,팬트리,드레스룸,주인거주입주,교동초도보",25.07.21,"['4년이내', '방세개', '화장실두개', '고층']",남동향,27555062.826573778
경기도,용인시 기흥구,언남동,힐스테이트구성,전세,106동,고/24,420000000,80.38,OWNER,"시원한 법화산전망,에어컨3대,중문,인덕션,드레스룸,주인거주깨끗,교동초",25.07.21,"['4년이내', '방세개', '화장실두개', '고층']",남동향,17273322.96591192
경기도,용인시 기흥구,언남동,힐스테이트구성,매매,102동,고/25,740000000,80.38,OWNER,"신축3년차,편리한 입구동, 시스템에어컨4대,중문,인덕션 등,입주일 협의",25.07.21,"['4년이내', '방세개', '화장실두개', '고층']",남동향,30433949.9875591
경기도,용인시 기흥구,언남동,힐스테이트구성,매매,108동,22/23,680000000,80.38,OWNER,"신축급,시스템에어컨,앞뒤로트여 시원한 산전망,교동초도보,플랫폼시티 개발",25.07.14,"['4년이내', '방세개', '화장실두개', '고층']",남동향,27966332.421000253
경기도,용인시 기흥구,언남동,힐스테이트구성,매매,106동,저/24,700000000,80.38,OWNER,"24P, 동향,시스템에어컨4대,초중고 도보로 이동가능",25.07.21,"['4년이내', '방세개', '화장실두개', '세대당1대']",동향,28788871.6098532
경기도,용인시 기흥구,언남동,힐스테이트구성,매매,104동,중/25,650000000,80.38,OWNER,"햇살좋은 귀한 남향,월세인수조건, 정원뷰,깨끗하게 관리잘된집",25.07.21,"['4년이내', '방세개', '화장실두개', '중층']",남향,26732523.63772083
경기도,용인시 기흥구,언남동,힐스테이트구성,매매,106동,고/24,700000000,80.38,OWNER,관리잘된 신축,25.07.21,"['4년이내', '방세개', '화장실두개', '고층']",남동향,28788871.6098532
경기도,용인시 기흥구,언남동,힐스테이트구성,매매,108동,고/23,660000000,80.38,OWNER,"월세 안고, gtx구성역, 법화산조명, 초중고인접, 에어컨",25.07.19,"['4년이내', '방세개', '화장실두개', '고층']",남동향,27143793.232147302
경기도,용인시 기흥구,언남동,힐스테이트구성,매매,104동,중/25,690000000,80.38,OWNER,"귀한 남향,에어컨4대,팬트리,드레스룸,확장,입주협의,교동초도보",25.07.19,"['4년이내', '방세개', '화장실두개', '중층']",남향,28377602.015426725
경기도,용인시 기흥구,언남동,힐스테이트구성,매매,102동,중/25,650000000,80.38,OWNER,"깨끗,주인세대,정상입주",25.07.19,"['4년이내', '방세개', '화장실두개', '중층']",동향,26732523.63772083
경기도,용인시 기흥구,언남동,힐스테이트구성,매매,103동,중/25,660000000,80.38,OWNER,"신축급, 예쁜 단지뷰,시스템에어컨4대,깨끗,교동초도보,플랫폼시티개발수혜",25.07.19,"['4년이내', '방세개', '화장실두개', '중층']",남동향,27143793.232147302
경기도,용인시 기흥구,언남동,힐스테이트구성,매매,106동,저/24,650000000,80.38,OWNER,"풀옵션, 정상입주, 법화산, 컨디션 굿",25.07.17,"['4년이내', '방세개', '화장실두개', '세대당1대']",동향,26732523.63772083
경기도,용인시 기흥구,언남동,힐스테이트구성,매매,103동,고/25,670000000,80.38,OWNER,탑층 단독세대  에어컨  채광좋고 깨끗합니다,25.07.17,"['4년이내', '방세개', '화장실두개', '고층']",동향,27555062.826573778
경기도,용인시 기흥구,언남동,힐스테이트구성,매매,103동,중/25,680000000,80.38,OWNER,"주인거주,올인테리어,문틀시공,구조변경,조명이쁜집,시스템에어컨",25.07.17,"['4년이내', '방세개', '화장실두개', '중층']",동향,27966332.421000253
경기도,용인시 기흥구,언남동,힐스테이트구성,매매,105동,고/24,700000000,80.38,OWNER,"법화산전망,에어컨4대,팬트리,드레스룸,확장,주인거주입주협의,교동초도보",25.07.16,"['4년이내', '방세개', '화장실두개', '고층']",남동향,28788871.6098532
경기도,용인시 기흥구,언남동,힐스테이트구성,매매,102동,중/25,640000000,80.38,OWNER,"세안고매매, 에어컨4대, 화이트톤수리",25.07.15,"['4년이내', '방세개', '화장실두개', '중층']",남동향,26321254.043294355
경기도,용인시 기흥구,언남동,힐스테이트구성,전세,106동,저/24,410000000,80.38,OWNER,신축 컨디션  앞뷰 시원합니다,25.07.15,"['4년이내', '방세개', '화장실두개', '세대당1대']",동향,16862053.371485446
경기도,용인시 기흥구,언남동,힐스테이트구성,매매,102동,고/25,670000000,80.38,OWNER,"시스템2대, 고층으로 탁트인 개방감 . 채광우수, 넉넉한 수납공간",25.07.14,"['4년이내', '방세개', '화장실두개', '고층']",동향,27555062.826573778
경기도,용인시 기흥구,언남동,힐스테이트구성,매매,105동,저/24,700000000,80.38,OWNER,"gtx용인역, 법화산뷰, 초중고인접,  에어컨, 중문, 탄성코트, 줄눈",25.07.14,"['4년이내', '방세개', '화장실두개', '세대당1대']",남동향,28788871.6098532
경기도,용인시 기흥구,언남동,힐스테이트구성,매매,105동,19/24,670000000,80.38,OWNER,"세안고,푸른산뷰,상권교통편리,초중고도보권",25.07.07,"['4년이내', '방세개', '화장실두개', '고층']",동향,27555062.826573778
경기도,용인시 기흥구,언남동,힐스테이트구성,매매,103동,중/25,650000000,80.38,OWNER,"급매, gtx용인역, 초중고인접, 에어컨, 주인거주, 방2",25.07.12,"['4년이내', '급매', '방두개', '화장실두개']",남동향,26732523.63772083
경기도,용인시 기흥구,언남동,힐스테이트구성,매매,108동,중/23,680000000,80.38,OWNER,"신축급시스템에어컨4대,입주가능,트인 법화산 전망,플랫폼시티 개발호재",25.07.11,"['4년이내', '방세개', '화장실두개', '중층']",남동향,27966332.421000253
경기도,용인시 기흥구,언남동,힐스테이트구성,매매,102동,고/25,645000000,80.38,DOC,"입주가,확장,드레스룸,팬트리, 편리한 입구동, 관리깨끗",25.07.21,"['4년이내', '방세개', '화장실두개', '고층']",남동향,26526888.840507593
경기도,용인시 기흥구,언남동,힐스테이트구성,매매,105동,고/24,780000000,80.38,OWNER,"gtx용인역, 법화산조망, 초중고인접, 에어컨, 주인거주, 정상입주",25.07.10,"['4년이내', '방세개', '화장실두개', '고층']",남동향,32079028.365264993
경기도,용인시 기흥구,언남동,힐스테이트구성,매매,105동,중/24,750000000,80.38,OWNER,"세안고, gtx용인역, 구성역, 초중고 인접, 법화산조망",25.07.10,"['4년이내', '방세개', '화장실두개', '중층']",남동향,30845219.581985574
경기도,용인시 기흥구,언남동,힐스테이트구성,매매,105동,중/24,680000000,80.38,OWNER,｜24.｜세안고 협의｜법화산뷰｜초중고 학세권｜생활편리｜,25.07.10,"['4년이내', '방세개', '화장실두개', '중층']",남동향,27966332.421000253
경기도,용인시 기흥구,언남동,힐스테이트구성,매매,102동,중/25,670000000,80.38,OWNER,"정상입주협의. 시스템2대, 주인거주로 관리잘됨, 넉넉한 수납공간",25.07.07,"['4년이내', '방세개', '화장실두개', '중층']",동향,27555062.826573778
경기도,용인시 기흥구,언남동,힐스테이트구성,매매,108동,중/23,650000000,80.38,DOC,"정상입주,시스템에어컨4,앞뒤전망트임",25.07.17,"['4년이내', '방세개', '화장실두개', '중층']",남동향,26732523.63772083
경기도,용인시 기흥구,언남동,힐스테이트구성,매매,108동,3/23,670000000,80.38,DOC,시스템 에어컨4대   주인거주로  집상태 굿,25.07.09,"['4년이내', '방세개', '화장실두개', '세대당1대']",남동향,27555062.826573778
경기도,용인시 기흥구,언남동,힐스테이트구성,매매,105동,중/24,700000000,80.38,OWNER,시스템에어컨4대 인덕션 냉장고 설치 조망굿  아주 깨끗 플랫폼시티수혜,25.07.04,"['4년이내', '방세개', '화장실두개', '중층']",동향,28788871.6098532
경기도,용인시 기흥구,언남동,힐스테이트구성,매매,106동,6/24,700000000,80.38,OWNER,산뷰 입주 조건협의 가능 시스템에어컨2 주인거주로 깨끗,25.06.26,"['4년이내', '방세개', '화장실두개', '세대당1대']",동향,28788871.6098532
경기도,용인시 기흥구,언남동,힐스테이트구성,매매,105동,중/24,700000000,80.38,OWNER,"신축3년차,편리한 입구동,시원하게트인전망,에어컨2대,중문,입주 가능",25.06.30,"['4년이내', '방세개', '화장실두개', '중층']",남동향,28788871.6098532
경기도,용인시 기흥구,언남동,힐스테이트구성,매매,108동,중/23,700000000,80.38,OWNER,"신축급,식기세척기,중문,관리깨끗,트인 법화산 전망,플랫폼시티 개발호재",25.06.30,"['4년이내', '방세개', '화장실두개', '중층']",남동향,28788871.6098532
경기도,용인시 기흥구,언남동,힐스테이트구성,월세,103동,중/25,2억/90,80.38,OWNER,"잔잔한 단지조망,  채광좋은 4베이,넉넉한 수납, 깔끔하게 관리된 예쁜집",25.06.30,"['4년이내', '방세개', '화장실두개', '중층']",동향,
경기도,용인시 기흥구,언남동,힐스테이트구성,매매,103동,고/25,650000000,80.38,OWNER,"세안고,고층으로 탁트인 개방감 및 채광우수,넉넉한 수납공간,관리잘 됨",25.06.30,"['4년이내', '방세개', '화장실두개', '고층']",동향,26732523.63772083
경기도,용인시 기흥구,언남동,힐스테이트구성,매매,106동,고/24,750000000,80.38,DOC,"세안고, gtx용인역, 법화산조망, 초중고인접, 에어컨",25.07.10,"['4년이내', '방세개', '화장실두개', '고층']",동향,30845219.581985574
경기도,용인시 기흥구,언남동,힐스테이트구성,매매,102동,중/25,670000000,80.38,DOC,3년차 초중고인접 주인거주로 관리상태 굿,25.07.10,"['4년이내', '방세개', '화장실두개', '중층']",동향,27555062.826573778
경기도,용인시 기흥구,언남동,힐스테이트구성,매매,105동,중/24,700000000,80.38,OWNER,"세안고, gtx용인역,구성역, 법화산뷰, 초중고인접",25.06.24,"['4년이내', '방세개', '화장실두개', '중층']",남동향,28788871.6098532
경기도,용인시 기흥구,언남동,힐스테이트구성,매매,103동,고/25,670000000,80.38,OWNER,"세안고, gtx용인역, 구성역, 에어컨,  초중고인접",25.06.24,"['4년이내', '방세개', '화장실두개', '고층']",남동향,27555062.826573778
경기도,용인시 기흥구,언남동,힐스테이트구성,매매,103동,고/25,680000000,80.38,OWNER,"세안고, gtx용인역, 초중고인접",25.06.24,"['4년이내', '방세개', '화장실두개', '고층']",남동향,27966332.421000253
경기도,용인시 기흥구,언남동,힐스테이트구성,매매,102동,중/25,670000000,80.38,OWNER,"세안고, gtx용인역, 구성역,  초중고 인접, 에어컨",25.06.24,"['4년이내', '방세개', '화장실두개', '중층']",남동향,27555062.826573778
경기도,용인시 기흥구,언남동,힐스테이트구성,매매,103동,19/25,680000000,80.38,NONE,이라인은19층이탑층임 이사일은계약시점두세달에서협의가능,25.07.21,"['4년이내', '방세개', '화장실두개', '고층']",동향,27966332.421000253
경기도,용인시 기흥구,언남동,힐스테이트구성,매매,105동,9/24,670000000,80.38,NONE,이사일은 계약시점1개월후 하시협의가능 깨끗,25.07.17,"['4년이내', '방세개', '화장실두개', '중층']",동향,27555062.826573778
경기도,용인시 기흥구,영덕동,광교레이크스위첸,매매,602동,고/19,830000000,116.62,OWNER,화이트톤 특수리 추천하는 C타입매물입니다.,25.07.15,"['25년이내', '방세개', '화장실두개', '고층']",남향,23527710.084033616
경기도,용인시 기흥구,영덕동,광교레이크스위첸,매매,602동,고/19,810000000,116.62,OWNER,"주인거주, 부분수리됨 남향 채광굿 상가이용편리",25.07.15,"['25년이내', '방세개', '화장실두개', '고층']",남향,22960777.31092437
경기도,용인시 기흥구,영덕동,광교레이크스위첸,매매,602동,중/19,750000000,116.62,NDOC1,"공실,트인전망,씨에4대,LED,학교와상가젤가까운동,역세권시세반영최고단지",25.07.08,"['25년이내', '방세개', '화장실두개', '중층']",남동향,21259978.99159664
경기도,용인시 기흥구,영덕동,광교레이크스위첸,매매,603동,고/20,750000000,116.62,NDOC1,"시원한산전망,통풍잘되는구조,큰붙박이장,채광굿,상가학교가까운편리한동",25.07.08,"['25년이내', '방세개', '화장실두개', '고층']",남향,21259978.99159664
경기도,용인시 기흥구,영덕동,광교레이크스위첸,매매,608동,고/17,750000000,116.62,NDOC1,"공실,종일해드는따뜻한집,씨스템에어컨,큰붙박이장,벽지 씻트지등 일부수리된집",25.06.24,"['25년이내', '방세개', '화장실두개', '고층']",남서향,21259978.99159664
경기도,용인시 기흥구,영덕동,광교레이크스위첸,월세,605동,11/20,"3억 5,000/50",116.6,OWNER,"판상형구조, 2년전 도배진행, 이마트 공원 등 생활편의시설 접근성 편리",25.07.18,"['25년이내', '융자금없는', '방세개', '화장실두개']",남동향,
경기도,용인시 기흥구,영덕동,광교레이크스위첸,월세,604동,고/20,2억/110,116.6,NDOC1,"판상형,정문쪽 앞이트인 밝은집,실개천,관리잘된예쁜집",25.07.21,"['25년이내', '융자금적은', '방세개', '화장실두개']",남동향,
경기도,용인시 기흥구,영덕동,광교레이크스위첸,매매,606동,15/19,750000000,116.6,OWNER,흥덕역호재 구조좋은 판상형 스위첸 추천매물,25.07.11,"['25년이내', '방세개', '화장실두개', '고층']",남서향,21263625.643224705
경기도,용인시 기흥구,영덕동,광교레이크스위첸,월세,604동,중/20,"5,000/170",116.6,NDOC1,"10월말이후,판상형,도배새로,조용,드레스룸,붙박이장있는구조",25.07.15,"['25년이내', '융자금없는', '방세개', '화장실두개']",남서향,
경기도,용인시 기흥구,영덕동,광교레이크스위첸,월세,605동,저/20,"2억 8,000/80",116.6,OWNER,"선호타입확장형,상태깨끗,입주협의",25.07.15,"['25년이내', '방세개', '화장실두개', '세대당1대']",남동향,
경기도,용인시 기흥구,영덕동,광교레이크스위첸,매매,605동,20/20,850000000,116.6,OWNER,세안고매매  중심상권 호수공원 가까운 단지 생활하기 편리해요,25.07.04,"['25년이내', '탑층', '방세개', '화장실두개']",남향,24098775.728987996
경기도,용인시 기흥구,영덕동,광교레이크스위첸,매매,604동,5/20,800000000,116.6,OWNER,4베이 판상형 아일랜드등 수리되어 이쁜집,25.07.01,"['25년이내', '방세개', '화장실두개', '세대당1대']",남동향,22681200.68610635
경기도,용인시 기흥구,영덕동,광교레이크스위첸,매매,604동,고/20,770000000,116.6,DOC,"로얄동 로얄층 판상형구조로,해잘들고 거실뷰 좋은곳,입주 및 조정협의가능.",25.07.11,"['25년이내', '방세개', '화장실두개', '고층']",남서향,21830655.66037736
경기도,용인시 기흥구,영덕동,광교레이크스위첸,매매,604동,저/20,760000000,116.6,OWNER,로얄타입 일부수리되어 예쁜집 입구동 흥덕역 초인접 생활권굿 샘말초,25.06.28,"['25년이내', '방세개', '화장실두개', '세대당1대']",남서향,21547140.65180103
경기도,용인시 기흥구,영덕동,광교레이크스위첸,월세,603동,중/20,"3억 5,000/50",116.44,NDOC1,"알파룸있는 판상구조,앞뒤맞바람시원,학교상가근접편리,집아주깨끗",25.07.11,"['25년이내', '융자금없는', '방세개', '화장실두개']",남동향,
경기도,용인시 기흥구,영덕동,광교레이크스위첸,매매,609동,중/17,850000000,116.44,OWNER,스위첸에서 가장좋은 타입 판상형 로얄동 로얄층 추천매물세끼고,25.07.02,"['25년이내', '방세개', '화장실두개', '중층']",남동향,24131889.814496737
경기도,용인시 기흥구,영덕동,광교레이크스위첸,매매,603동,저/20,750000000,116.1,NDOC1,"화이트부분수리,실개천뷰,깔끔한집상태,보시면반합니다,주인전세가능",25.07.17,"['25년이내', '방세개', '화장실두개', '세대당1대']",남동향,21355200.258397933
경기도,용인시 기흥구,영덕동,광교레이크스위첸,매매,608동,고/17,750000000,116.1,OWNER,A타입 아주 깔끔하고 좋은 집 채광굿 로얄층,25.07.15,"['25년이내', '방세개', '화장실두개', '고층']",남서향,21355200.258397933
경기도,용인시 기흥구,영덕동,광교레이크스위첸,매매,602동,중/19,720000000,116.1,NDOC1,"전세안고,학교와상가근접,체육센터바로앞편리,밝고통풍좋은집",25.07.12,"['25년이내', '방세개', '화장실두개', '중층']",남동향,20500992.24806202
경기도,용인시 기흥구,영덕동,광교레이크스위첸,매매,604동,중/20,780000000,116.1,NDOC1,"전세안고,화이트인테리어새로,씨스템에어컨,트인전망,인기동인기라인",25.07.10,"['25년이내', '방세개', '화장실두개', '중층']",남서향,22209408.26873385
경기도,용인시 기흥구,영덕동,광교레이크스위첸,매매,605동,저/20,720000000,116.1,NDOC1,"올확장,인기라인,상가 호수공원편리,흥덕역착공투자가치상승,추천",25.06.24,"['25년이내', '방세개', '화장실두개', '세대당1대']",남동향,20500992.24806202
경기도,용인시 기흥구,영덕동,광교풍경채어바니티(민간임대),매매,101동,42/43,2300000000,165.77,DOC,"로얄동로얄층펜트하우스중에서도최고,초품아,수영장 사우나 등 최첨단 커뮤니티",25.07.21,"['2년이내', '대단지', '대형평수', '방네개이상']",남서향,45866595.2826205
경기도,용인시 기흥구,영덕동,광교풍경채어바니티(민간임대),매매,103동,2/41,1320000000,147.47,DOC,,25.07.11,"['2년이내', '대단지', '필로티', '대형평수']",남동향,29589992.540855773
경기도,용인시 기흥구,영덕동,광교풍경채어바니티(민간임대),매매,101동,2/43,1250000000,147.47,DOC,",방네개, 입주가능매물 ,주택수미포함,카페테리아",25.07.07,"['2년이내', '대단지', '필로티', '대형평수']",남서향,28020826.269749783
경기도,용인시 기흥구,영덕동,광교풍경채어바니티(민간임대),월세,102동,43/43,1억/350,147,DOC,108P 팬트하우스 최고의뷰 풀에어컨 첫입주 펜트거주의 프라이드,25.07.14,"['2년이내', '대단지', '대형평수', '탑층']",남서향,
경기도,용인시 기흥구,영덕동,광교풍경채어바니티(민간임대),월세,101동,22/43,"5,000/250",135.56,DOC,융무 전대동의O  방4 에풀 남서방향 최고로얄 빠른입주,25.07.21,"['2년이내', '융자금없는', '대단지', '대형평수']",남서향,
경기도,용인시 기흥구,영덕동,광교풍경채어바니티(민간임대),월세,103동,23/41,"5,000/260",135.56,DOC,전대동의  2년월세 방4  에어컨풀 하시입주,25.07.21,"['2년이내', '대단지', '대형평수', '방네개이상']",남동향,
경기도,용인시 기흥구,영덕동,광교풍경채어바니티(민간임대),월세,103동,24/41,"5,000/250",135.56,DOC,개방감좋은 2년월세 방3 에어컨풀세대 식세기 하시입주,25.07.21,"['2년이내', '대단지', '대형평수', '방세개']",남동향,
경기도,용인시 기흥구,영덕동,광교풍경채어바니티(민간임대),매매,102동,18/43,1250000000,135.56,DOC," 입주가능 , 방 4개, 풀 에어컨",25.07.21,"['2년이내', '대단지', '대형평수', '방네개이상']",남동향,30482673.723812338
경기도,용인시 기흥구,영덕동,광교풍경채어바니티(민간임대),매매,101동,14/43,1300000000,135.56,DOC,"26년 1월 이후 입주, 방4개, 풀 에어컨, 영구 뷰",25.07.21,"['2년이내', '대단지', '대형평수', '방네개이상']",남서향,31701980.67276483
경기도,용인시 기흥구,영덕동,광교풍경채어바니티(민간임대),매매,101동,7/43,1270000000,135.56,DOC,"로얄동 트인뷰 즉시입주가능 , 방4개, 풀 에어컨",25.07.21,"['2년이내', '대단지', '대형평수', '방네개이상']",남서향,30970396.503393333
경기도,용인시 기흥구,영덕동,광교풍경채어바니티(민간임대),매매,102동,11/43,1250000000,135.56,DOC,"로얄동가성비좋은103타입,초품아,수영장 사우나 등 최첨단 커뮤니티시설",25.07.21,"['2년이내', '대단지', '대형평수', '방네개이상']",남동향,30482673.723812338
경기도,용인시 기흥구,영덕동,광교풍경채어바니티(민간임대),매매,103동,21/41,1250000000,135.56,DOC,방4 에어컨풀 실입주추천매물 지산가리지않아요,25.07.21,"['2년이내', '대단지', '대형평수', '방네개이상']",남동향,30482673.723812338
경기도,용인시 기흥구,영덕동,광교풍경채어바니티(민간임대),매매,103동,24/41,1300000000,135.56,DOC,"상시입주가능,신축아파트,초품아,교통편리,수영장,조식,최첨단커뮤니티,흥덕역",25.07.21,"['2년이내', '대단지', '대형평수', '방세개']",남동향,31701980.67276483
경기도,용인시 기흥구,영덕동,광교풍경채어바니티(민간임대),매매,103동,31/41,1250000000,135.56,DOC,"정상,방4,에어컨6,예약금대출없음",25.07.21,"['2년이내', '대단지', '대형평수', '방네개이상']",남동향,30482673.723812338
경기도,용인시 기흥구,영덕동,광교풍경채어바니티(민간임대),매매,101동,40/43,1350000000,135.56,DOC,"정상입주,남동향,대출90,에어컨6",25.07.21,"['2년이내', '대단지', '대형평수', '방네개이상']",남동향,32921287.62171732
경기도,용인시 기흥구,영덕동,광교풍경채어바니티(민간임대),매매,103동,4/41,1160000000,135.56,DOC,"정상입주,에어컨5대,예약금대출없음,방3",25.07.21,"['2년이내', '대단지', '대형평수', '방세개']",남동향,28287921.215697844
경기도,용인시 기흥구,영덕동,광교풍경채어바니티(민간임대),매매,103동,12/41,1250000000,135.56,DOC,"첫입주,공실,2호라인,방4,대출90",25.07.21,"['2년이내', '대단지', '대형평수', '방네개이상']",남동향,30482673.723812338
경기도,용인시 기흥구,영덕동,광교풍경채어바니티(민간임대),매매,102동,18/43,1250000000,135.56,DOC,"에어컨6대 확트인뷰,",25.07.21,"['2년이내', '대단지', '대형평수', '방네개이상']",남동향,30482673.723812338
경기도,용인시 기흥구,영덕동,광교풍경채어바니티(민간임대),매매,102동,6/43,1180000000,135.56,DOC,"방4개,월세끼고,26년4월만기",25.07.19,"['2년이내', '대단지', '대형평수', '방네개이상']",남동향,28775643.995278846
경기도,용인시 기흥구,영덕동,광교풍경채어바니티(민간임대),매매,101동,23/43,1250000000,135.56,DOC,103타입 방3 90프로대출가능 풀에어컨 로열동로열층 조중식서비스,25.07.18,"['2년이내', '대단지', '대형평수', '방세개']",남동향,30482673.723812338
경기도,용인시 기흥구,영덕동,광교풍경채어바니티(민간임대),매매,103동,36/41,1300000000,135.56,DOC,무엇이든 협의해드려요   즉시입주 방4 풀에어컨 식세기 인덕션,25.07.18,"['2년이내', '대단지', '대형평수', '방네개이상']",남동향,31701980.67276483
경기도,용인시 기흥구,영덕동,광교풍경채어바니티(민간임대),매매,101동,31/43,1310000000,135.56,DOC,즉시입주 방3 무엇이든 협의해드려요 최고의 뷰  시스템에어컨5대,25.07.16,"['2년이내', '대단지', '대형평수', '방네개이상']",남서향,31945842.062555328
경기도,용인시 기흥구,영덕동,광교풍경채어바니티(민간임대),매매,101동,21/43,1280000000,135.56,DOC,즉시입주 방4 무엇이든 협의해드려요,25.07.16,"['2년이내', '대단지', '대형평수', '방네개이상']",남동향,31214257.893183827
경기도,용인시 기흥구,영덕동,광교풍경채어바니티(민간임대),매매,101동,35/43,1300000000,135.56,DOC,대출90가능. 시스템에어컨5 이사협의가능 무엇이든 협의해드려요,25.07.16,"['2년이내', '대단지', '대형평수', '방네개이상']",남동향,31701980.67276483
경기도,용인시 기흥구,영덕동,광교풍경채어바니티(민간임대),매매,101동,4/43,1250000000,135.56,DOC,무엇이든 협의해드려요 방4 에어컨6대 식세기 중문 줄눈,25.07.16,"['2년이내', '대단지', '대형평수', '방네개이상']",남서향,30482673.723812338
경기도,용인시 기흥구,영덕동,광교풍경채어바니티(민간임대),매매,101동,27/43,1350000000,135.56,DOC,방4 즉시입주 최고의 뷰 무엇이든 협의해드려요   풀에어컨,25.07.15,"['2년이내', '대단지', '대형평수', '방네개이상']",남서향,32921287.62171732
경기도,용인시 기흥구,영덕동,광교풍경채어바니티(민간임대),매매,102동,5/43,1170000000,135.56,DOC,교통 커뮤니티이용 최고.대출90.입주.큰평수갈아타기좋은기회,25.07.12,"['2년이내', '대단지', '대형평수', '방세개']",남동향,28531782.60548835
경기도,용인시 기흥구,영덕동,광교풍경채어바니티(민간임대),매매,103동,5/41,1140000000,135.56,DOC,뷰예븜 103타입 방3 초기자금적음 세안고매매,25.07.12,"['2년이내', '대단지', '대형평수', '방세개']",남동향,27800198.436116852
경기도,용인시 기흥구,영덕동,광교풍경채어바니티(민간임대),월세,101동,저/43,"5,000/250",135.56,DOC,융무 방3구조  저렴한임대가 에어컨풀 초중품아 실내수영장 다양한커뮤니티,25.07.18,"['2년이내', '융자금없는', '대단지', '대형평수']",남동향,
경기도,용인시 기흥구,영덕동,광교풍경채어바니티(민간임대),전세,103동,중/41,700000000,135.56,DOC,103타입 로열동로열층 풀에어컨 즉시입주가능 조망굿 조중식서비스,25.07.17,"['2년이내', '대단지', '대형평수', '방네개이상']",남동향,17070297.285334907
경기도,용인시 기흥구,영덕동,광교풍경채어바니티(민간임대),매매,103동,20/41,1230000000,135.56,DOC,,25.07.11,"['2년이내', '대단지', '대형평수', '방네개이상']",남동향,29994950.94423134
경기도,용인시 기흥구,영덕동,광교풍경채어바니티(민간임대),매매,102동,28/43,1280000000,135.56,DOC,103타입 방4개 풀에어컨 즉시입주 조식서비스 수영장 사우나,25.07.10,"['2년이내', '대단지', '대형평수', '방네개이상']",남동향,31214257.893183827
경기도,용인시 기흥구,영덕동,광교풍경채어바니티(민간임대),매매,101동,7/43,1250000000,135.56,DOC,103타입 즉시입주 90프로대출가능 방4 풀에어컨 수영장 조중식서비스,25.07.10,"['2년이내', '대단지', '대형평수', '방네개이상']",남서향,30482673.723812338
경기도,용인시 기흥구,영덕동,광교풍경채어바니티(민간임대),매매,101동,21/43,1400000000,135.56,DOC,정상입주.에어컨6대.예약금대출승계,25.07.10,"['2년이내', '대단지', '대형평수', '방네개이상']",남서향,34140594.570669815
경기도,용인시 기흥구,영덕동,광교풍경채어바니티(민간임대),월세,103동,중/41,"5,000/250",135.56,DOC,풀에어컨. 입주일 조율,25.07.16,"['2년이내', '대단지', '대형평수', '방네개이상']",남동향,
경기도,용인시 기흥구,영덕동,광교풍경채어바니티(민간임대),월세,103동,저/41,"5,000/250",135.56,DOC,"방4,에어컨6,최첨단커뮤니티 이용,초품아, 즉시입주가능",25.07.16,"['2년이내', '대단지', '대형평수', '방네개이상']",남동향,
경기도,용인시 기흥구,영덕동,광교풍경채어바니티(민간임대),월세,103동,중/41,"5,000/250",135.56,DOC,,25.07.16,"['2년이내', '대단지', '대형평수', '방네개이상']",남동향,
경기도,용인시 기흥구,영덕동,광교풍경채어바니티(민간임대),매매,101동,고/43,1400000000,135.56,DOC,무엇이든 협의해드려요 방3 즉시입주가능 대출90 전망좋은집,25.07.15,"['2년이내', '대단지', '대형평수', '방세개']",남서향,34140594.570669815
경기도,용인시 기흥구,영덕동,광교풍경채어바니티(민간임대),매매,101동,저/43,1200000000,135.56,DOC,"입주가능매물,방네개, 저럼한 매물 ,주택수미포함,카페테리아",25.07.15,"['2년이내', '대단지', '대형평수', '방네개이상']",남동향,29263366.77485984
경기도,용인시 기흥구,영덕동,광교풍경채어바니티(민간임대),월세,103동,중/41,"5,000/250",135.56,DOC,103타입 방4개 풀에어컨 즉시입주 조식서비스 수영장 사우나,25.07.15,"['2년이내', '대단지', '대형평수', '방네개이상']",남동향,
경기도,용인시 기흥구,영덕동,광교풍경채어바니티(민간임대),매매,101동,24/43,1350000000,135.56,DOC,"주인거주,방4,영구조망,식기세척기,중문,에어컨풀",25.07.07,"['2년이내', '대단지', '대형평수', '방네개이상']",남서향,32921287.62171732
경기도,용인시 기흥구,영덕동,광교풍경채어바니티(민간임대),매매,101동,고/43,1300000000,135.56,DOC,"에5,주방호수뷰,수납최고,방3,냉장고인덕션,골프수영 조중식 흥덕초고",25.07.14,"['2년이내', '대단지', '대형평수', '방세개']",남동향,31701980.67276483
경기도,용인시 기흥구,영덕동,광교풍경채어바니티(민간임대),매매,101동,고/43,1270000000,135.56,DOC,,25.07.14,"['2년이내', '대단지', '대형평수', '방네개이상']",남서향,30970396.503393333
경기도,용인시 기흥구,영덕동,광교풍경채어바니티(민간임대),매매,102동,저/43,1200000000,135.56,DOC,방4. 에어컨풀. 커뮤니티 이용편리. 대출승계,25.07.12,"['2년이내', '대단지', '대형평수', '방네개이상']",남동향,29263366.77485984
경기도,용인시 기흥구,영덕동,광교풍경채어바니티(민간임대),매매,101동,저/43,1330000000,135.56,DOC,103타입 로얄동로얄층 뻥뷰 풀에어컨 조중식서비스 수영장 사우나,25.07.12,"['2년이내', '대단지', '대형평수', '방네개이상']",남서향,32433564.842136327
경기도,용인시 기흥구,영덕동,광교풍경채어바니티(민간임대),매매,103동,고/41,1250000000,135.56,DOC,무엇이든 협의 세안고매매 26년5월 방4 최고의 뷰 주방 호수공원뷰,25.07.12,"['2년이내', '대단지', '대형평수', '방네개이상']",남동향,30482673.723812338
경기도,용인시 기흥구,영덕동,광교풍경채어바니티(민간임대),매매,103동,11/41,1240000000,135.56,DOC,"첫입주,공실,2호라인,방4,90대출",25.07.05,"['2년이내', '대단지', '대형평수', '방네개이상']",남동향,30238812.334021833
경기도,용인시 기흥구,영덕동,광교풍경채어바니티(민간임대),매매,101동,4/43,1170000000,135.56,DOC,101동  소나무뷰 입주추천1순위 대출90,25.07.04,"['2년이내', '대단지', '대형평수', '방네개이상']",남동향,28531782.60548835
경기도,용인시 기흥구,영덕동,광교풍경채어바니티(민간임대),매매,103동,13/41,1250000000,135.56,DOC,"주인거주, 방 3개, 풀 에어컨",25.07.03,"['2년이내', '대단지', '대형평수', '방세개']",남동향,30482673.723812338
경기도,용인시 기흥구,영덕동,광교풍경채어바니티(민간임대),매매,102동,중/43,1250000000,135.56,DOC,이사협의  103타입 전망좋은 최고의집 양도세X 에어컨 O,25.07.10,"['2년이내', '대단지', '대형평수', '방네개이상']",남동향,30482673.723812338
경기도,용인시 기흥구,영덕동,광교풍경채어바니티(민간임대),매매,103동,고/41,1230000000,135.56,DOC,영통빌리지와 영흥숲 고층트인뷰 방4 26년 4월 말 입주 초기비용적음,25.07.09,"['2년이내', '대단지', '대형평수', '방세개']",남동향,29994950.94423134
경기도,용인시 기흥구,영덕동,광교풍경채어바니티(민간임대),매매,101동,32/43,1280000000,135.56,DOC,"일조량풍부,방3,풀에어컨,탄성,중문,대출승계,입주협의,조정가",25.07.02,"['2년이내', '대단지', '대형평수', '방세개']",남동향,31214257.893183827
경기도,용인시 기흥구,영덕동,광교풍경채어바니티(민간임대),월세,103동,저/41,"5,000/280",135.56,DOC,풀에어컨. 방4개. 빠른입주가능,25.07.08,"['2년이내', '대단지', '대형평수', '방네개이상']",남동향,
경기도,용인시 기흥구,영덕동,광교풍경채어바니티(민간임대),월세,103동,중/41,"5,000/270",135.56,DOC,풀에어컨. 방3개. 입주일 조율,25.07.08,"['2년이내', '대단지', '대형평수', '방세개']",남동향,
경기도,용인시 기흥구,영덕동,광교풍경채어바니티(민간임대),매매,101동,38/43,1300000000,135.56,DOC,"대출승계,방4,에어컨풀,풀옵션,탁트인시야,뷰최고좋은집,세안고매매",25.06.30,"['2년이내', '대단지', '대형평수', '방네개이상']",남동향,31701980.67276483
경기도,용인시 기흥구,영덕동,광교풍경채어바니티(민간임대),매매,102동,28/43,1280000000,135.56,DOC,"하시입주 가능,방 4개, 풀 에에컨 ",25.06.27,"['2년이내', '대단지', '대형평수', '방네개이상']",남동향,31214257.893183827
경기도,용인시 기흥구,영덕동,광교풍경채어바니티(민간임대),매매,101동,25/43,1250000000,135.56,DOC,무엇이든 협의해드려요 방3대출90  즉시입주가능 풀에어컨,25.06.25,"['2년이내', '대단지', '대형평수', '방네개이상']",남동향,30482673.723812338
경기도,용인시 기흥구,영덕동,광교풍경채어바니티(민간임대),월세,102동,31/43,"3,000/200",135.56,DOC,"단기월세, 6개월. 방4개",25.06.24,"['2년이내', '대단지', '대형평수', '방네개이상']",남동향,
경기도,용인시 기흥구,영덕동,광교풍경채어바니티(민간임대),매매,103동,저/41,1160000000,135.56,DOC,103타입 세안고 방3 90프로대출가능 사우나 수영장 조중식서비스,25.06.26,"['2년이내', '대단지', '대형평수', '방세개']",남동향,28287921.215697844
경기도,용인시 기흥구,영덕동,광교풍경채어바니티(민간임대),매매,102동,중/43,1330000000,135.56,DOC,4룸. 풀시에. 월세끼고매도. 식세기탄성줄눈. 커뮤니티동 메리트,25.06.25,"['2년이내', '대단지', '대형평수', '방네개이상']",남동향,32433564.842136327
경기도,용인시 기흥구,영덕동,광교풍경채어바니티(민간임대),매매,101동,고/43,1300000000,135.56,DOC,"남서향 뻥뷰, 풀에어컨,커뮤니티굿,대출90",25.06.24,"['2년이내', '대단지', '대형평수', '방네개이상']",남서향,31701980.67276483
경기도,용인시 기흥구,영덕동,광교풍경채어바니티(민간임대),매매,101동,저/43,1150000000,135.56,DOC,,25.06.24,"['2년이내', '대단지', '대형평수', '방네개이상']",남서향,28044059.82590735
경기도,용인시 기흥구,영덕동,광교풍경채어바니티(민간임대),매매,103동,저/41,1250000000,135.56,NONE,빠른입주.간섭없는 뻥뷰.풀옵션,25.07.14,"['2년이내', '대단지', '대형평수', '방세개']",남서향,30482673.723812338
경기도,용인시 기흥구,영덕동,광교풍경채어바니티(민간임대),매매,110동,2/26,1050000000,125.02,DOC,"귀한 필로티테라스 타입, 매예대출승계,아래층걱정없이 뛸수있는 집,",25.07.18,"['2년이내', '테라스', '대단지', '필로티']",남서향,27764151.735722285
경기도,용인시 기흥구,영덕동,광교풍경채어바니티(민간임대),매매,106동,2/23,980000000,125.02,TEL,필로티2층테라스 전망예쁜 내집정원뷰 대출승계가능 즉시입주 내집마련찬스,25.06.25,"['2년이내', '테라스', '대단지', '필로티']",남서향,25913208.286674134
경기도,용인시 기흥구,영덕동,광교풍경채어바니티(민간임대),매매,104동,2/39,1100000000,124.76,DOC,테라스아늑해요 조용한 초록뷰 어서오세요,25.07.19,"['2년이내', '테라스', '대단지', '방세개']",남동향,29146869.990381535
경기도,용인시 기흥구,영덕동,광교풍경채어바니티(민간임대),월세,105동,1/25,1억/180,124.76,DOC,아이들키우기좋은 테라스 에어컨풀 입주협의,25.07.18,"['2년이내', '테라스', '대단지', '1층']",남서향,
경기도,용인시 기흥구,영덕동,광교풍경채어바니티(민간임대),월세,108동,2/43,"5,000/220",124.76,DOC,세대주 입주. 쓰임새 많은 테라스. 판상형구조 조용하고 해 잘들어요.,25.07.18,"['2년이내', '테라스', '대단지', '방세개']",남서향,
경기도,용인시 기흥구,영덕동,광교풍경채어바니티(민간임대),매매,102동,2/43,1000000000,124.76,DOC,,25.07.15,"['2년이내', '대단지', '필로티', '방세개']",남서향,26497154.536710482
경기도,용인시 기흥구,영덕동,광교풍경채어바니티(민간임대),매매,104동,2/39,1000000000,124.76,DOC,사생활 침해없는 로얄동. 조용한 공원뷰. 대출90승계,25.07.15,"['2년이내', '대단지', '방세개', '화장실두개']",남동향,26497154.536710482
경기도,용인시 기흥구,영덕동,광교풍경채어바니티(민간임대),매매,103동,2/41,1100000000,124.76,DOC,"A타입 단독 테라스, 필로티, 상가 커뮤니티 이용 접근성 굿",25.07.11,"['2년이내', '테라스', '대단지', '필로티']",남서향,29146869.990381535
경기도,용인시 기흥구,영덕동,광교풍경채어바니티(민간임대),매매,106동,2/23,1050000000,124.76,DOC,"A타입 단독 테라스, 예쁜 소나무 전망",25.07.11,"['2년이내', '테라스', '대단지', '방세개']",남서향,27822012.26354601
경기도,용인시 기흥구,영덕동,광교풍경채어바니티(민간임대),매매,107동,2/23,1100000000,124.76,DOC,,25.07.08,"['2년이내', '대단지', '방세개', '화장실두개']",남서향,29146869.990381535
경기도,용인시 기흥구,영덕동,광교풍경채어바니티(민간임대),매매,104동,1/39,1050000000,124.76,DOC,"테라스 세대, 입주 및 잔금일 협의, 풀 에어컨",25.07.07,"['2년이내', '테라스', '대단지', '1층']",남서향,27822012.26354601
경기도,용인시 기흥구,영덕동,광교풍경채어바니티(민간임대),매매,104동,저/39,1030000000,124.76,DOC,"융90승계. 즉시입주. 에어컨풀, 공원뷰 o에이스o물건",25.07.07,"['2년이내', '대단지', '방세개', '화장실두개']",남향,27292069.1728118
경기도,용인시 기흥구,영덕동,광교풍경채어바니티(민간임대),매매,105동,1/25,1100000000,124.76,DOC,테라스  94A   상태 최상  정상입주,25.06.24,"['2년이내', '테라스', '대단지', '1층']",남동향,29146869.990381535
경기도,용인시 기흥구,영덕동,광교풍경채어바니티(민간임대),월세,107동,2/23,"5,000/220",124.6,DOC,"세대주전입 8월말 입주 , 무엇이든 협의해드려요  풀에어컨",25.07.18,"['2년이내', '대단지', '방세개', '화장실두개']",남서향,
경기도,용인시 기흥구,영덕동,광교풍경채어바니티(민간임대),매매,102동,13/43,980000000,113.4,TEL,즉시입주가능 실입주투자적극추천 내집마련찬스 오늘이제일저렴대출90승계가능,25.07.21,"['2년이내', '대단지', '방세개', '화장실두개']",남서향,28568512.345679015
경기도,용인시 기흥구,영덕동,광교풍경채어바니티(민간임대),매매,104동,11/39,980000000,113.4,TEL,,25.07.21,"['2년이내', '대단지', '방세개', '화장실두개']",남서향,28568512.345679015
경기도,용인시 기흥구,영덕동,광교풍경채어바니티(민간임대),월세,102동,13/43,"5,000/210",113.4,DOC,앞동으로 커뮤니티와 주차편리 즉시입주가능,25.07.21,"['2년이내', '대단지', '방세개', '화장실두개']",남서향,
경기도,용인시 기흥구,영덕동,광교풍경채어바니티(민간임대),매매,101동,24/43,1100000000,113.4,DOC,"영구 뻥뷰, 초품아,교통편리,수영장사우나,조식,최첨단커뮤니티,흥덕역개통",25.07.21,"['2년이내', '대단지', '방세개', '화장실두개']",남서향,32066697.5308642
경기도,용인시 기흥구,영덕동,광교풍경채어바니티(민간임대),매매,101동,5/43,1000000000,113.4,DOC,"세안고매매,초품아,교통편리,수영장,사우나,조식,최첨단커뮤니티,흥덕역개통",25.07.21,"['2년이내', '대단지', '방세개', '화장실두개']",남서향,29151543.209876545
경기도,용인시 기흥구,영덕동,광교풍경채어바니티(민간임대),매매,103동,32/41,1000000000,113.4,DOC,영통빌리지와 영흥숲 최고조망 입주추천 대출90승계,25.07.21,"['2년이내', '대단지', '방세개', '화장실두개']",남서향,29151543.209876545
경기도,용인시 기흥구,영덕동,광교풍경채어바니티(민간임대),매매,102동,36/43,1050000000,113.4,DOC,"언제든입주가능,초품아,교통편리,수영장사우나,조식,최첨단커뮤니티,흥덕역개통",25.07.21,"['2년이내', '대단지', '방세개', '화장실두개']",남서향,30609120.370370373
경기도,용인시 기흥구,영덕동,광교풍경채어바니티(민간임대),매매,107동,10/23,1050000000,113.4,DOC,"풀에어컨,대출승계,탁트인단지조망권,해잘들고밝고환해요,조정가",25.07.21,"['2년이내', '대단지', '방세개', '화장실두개']",남서향,30609120.370370373
경기도,용인시 기흥구,영덕동,광교풍경채어바니티(민간임대),월세,102동,8/43,"5,000/200",113.4,DOC,즉시입주. 조망 일조 굿. 에어컨풀옵션.,25.07.19,"['2년이내', '대단지', '방세개', '화장실두개']",남서향,
경기도,용인시 기흥구,영덕동,광교풍경채어바니티(민간임대),매매,107동,12/23,1050000000,113.4,DOC,입주협의. 시에5. 최고급 최신 커뮤니티,25.07.19,"['2년이내', '대단지', '방세개', '화장실두개']",남서향,30609120.370370373
경기도,용인시 기흥구,영덕동,광교풍경채어바니티(민간임대),매매,105동,23/25,1000000000,113.4,DOC,고층뻥뷰 입주추천 매매예약금대출X 에어컨풀 중문 탄성코트,25.07.18,"['2년이내', '대단지', '방세개', '화장실두개']",남서향,29151543.209876545
경기도,용인시 기흥구,영덕동,광교풍경채어바니티(민간임대),전세,108동,28/43,500000000,113.4,DOC,,25.07.18,"['2년이내', '대단지', '방세개', '화장실두개']",남동향,14575771.604938272
경기도,용인시 기흥구,영덕동,광교풍경채어바니티(민간임대),매매,106동,9/23,1000000000,113.4,DOC,주인거주라 관리 잘된 집  무엇이든 협의해드려요 초록초록 뷰 에어컨2,25.07.17,"['2년이내', '대단지', '방세개', '화장실두개']",남서향,29151543.209876545
경기도,용인시 기흥구,영덕동,광교풍경채어바니티(민간임대),매매,108동,29/43,1050000000,113.4,DOC,인테리어 된 예쁜 집. 펜트리확장.  에어컨4대. 고층 단지뷰,25.07.17,"['2년이내', '대단지', '방세개', '화장실두개']",남동향,30609120.370370373
경기도,용인시 기흥구,영덕동,광교풍경채어바니티(민간임대),월세,108동,31/43,"3,000/220",113.4,DOC,풀에어컨. 2년계약. 저렴한 가격.입주일 조정,25.07.16,"['2년이내', '대단지', '방세개', '화장실두개']",남동향,
경기도,용인시 기흥구,영덕동,광교풍경채어바니티(민간임대),매매,101동,4/43,1130000000,113.4,DOC,신축 첫입주. 오토중문.에어컨풀.식세기. 대출90승계,25.07.15,"['2년이내', '대단지', '방세개', '화장실두개']",남서향,32941243.827160493
경기도,용인시 기흥구,영덕동,광교풍경채어바니티(민간임대),월세,104동,저/39,"5,000/210",113.4,DOC,전대동의O 2년월세 에어컨풀세대 입주협의 보증금조정가,25.07.21,"['2년이내', '대단지', '방세개', '화장실두개']",남서향,
경기도,용인시 기흥구,영덕동,광교풍경채어바니티(민간임대),매매,103동,저/41,950000000,113.4,DOC,90대출승계. 해 잘들고 트인 조망. 투자 추천,25.07.21,"['2년이내', '대단지', '방세개', '화장실두개']",남향,27693966.049382716
경기도,용인시 기흥구,영덕동,광교풍경채어바니티(민간임대),매매,101동,저/43,1050000000,113.4,DOC,최고좋은 101동 B타입 하시입주,25.07.21,"['2년이내', '대단지', '방세개', '화장실두개']",남서향,30609120.370370373
경기도,용인시 기흥구,영덕동,광교풍경채어바니티(민간임대),매매,107동,15/23,1100000000,113.4,DOC,"사파리뷰  에어컨 5대  입주협의 OK, 실거주 추천",25.07.15,"['2년이내', '대단지', '방세개', '화장실두개']",남서향,32066697.5308642
경기도,용인시 기흥구,영덕동,광교풍경채어바니티(민간임대),매매,109동,37/41,1080000000,113.4,DOC,"막힘없는탁트인시야,일조량풍부,입주일협의가,대출승계,조정가",25.07.12,"['2년이내', '대단지', '방세개', '화장실두개']",남동향,31483666.66666667
경기도,용인시 기흥구,영덕동,광교풍경채어바니티(민간임대),매매,103동,22/41,1000000000,113.4,DOC,무엇이든 협의해드려요.대출90 에어컨5대 지산과 무관한 뷰,25.07.12,"['2년이내', '대단지', '방세개', '화장실두개']",남동향,29151543.209876545
경기도,용인시 기흥구,영덕동,광교풍경채어바니티(민간임대),매매,105동,5/25,1000000000,113.4,DOC,"무엇이든 협의해드려요 월세끼고 매매 대출90가능,풀에어컨,",25.07.12,"['2년이내', '대단지', '방세개', '화장실두개']",남서향,29151543.209876545
경기도,용인시 기흥구,영덕동,광교풍경채어바니티(민간임대),매매,105동,고/25,1100000000,113.4,DOC,월세안고 매매. 풀에어컨. 초고급 최신 커뮤니티,25.07.19,"['2년이내', '대단지', '방세개', '화장실두개']",남서향,32066697.5308642
경기도,용인시 기흥구,영덕동,광교풍경채어바니티(민간임대),월세,108동,고/43,1억/160,113.4,DOC,편리한 108동 저렴한월세입니다,25.07.18,"['2년이내', '융자금없는', '대단지', '방세개']",남동향,
경기도,용인시 기흥구,영덕동,광교풍경채어바니티(민간임대),매매,101동,3/43,1000000000,113.4,TEL,,25.07.09,"['2년이내', '대단지', '방세개', '화장실두개']",남서향,29151543.209876545
경기도,용인시 기흥구,영덕동,광교풍경채어바니티(민간임대),매매,103동,저/41,1100000000,113.4,DOC,매예 대출O. 세안고 매매. 시에5대. 커뮤니티 대 만족,25.07.18,"['2년이내', '대단지', '방세개', '화장실두개']",남동향,32066697.5308642
경기도,용인시 기흥구,영덕동,광교풍경채어바니티(민간임대),월세,101동,30/43,"5,000/220",113.4,DOC,,25.07.10,"['2년이내', '대단지', '방세개', '화장실두개']",남서향,
경기도,용인시 기흥구,영덕동,광교풍경채어바니티(민간임대),매매,103동,7/41,970000000,113.4,DOC,입주추천1순위 소나무뷰예쁨,25.07.10,"['2년이내', '대단지', '방세개', '화장실두개']",남동향,28276996.913580246
경기도,용인시 기흥구,영덕동,광교풍경채어바니티(민간임대),월세,101동,39/43,1억/180,113.4,DOC,,25.07.10,"['2년이내', '대단지', '방세개', '화장실두개']",남서향,
경기도,용인시 기흥구,영덕동,광교풍경채어바니티(민간임대),매매,106동,중/23,1000000000,113.4,DOC,해 잘들고 초록초록 녹지 뷰 이뻐요. 에어컨풀. 대출승계,25.07.16,"['2년이내', '대단지', '방세개', '화장실두개']",남서향,29151543.209876545
경기도,용인시 기흥구,영덕동,광교풍경채어바니티(민간임대),매매,102동,15/43,980000000,113.4,DOC,"해잘들고밝고환한집,에어컨5,대출승계,실입주가능",25.07.08,"['2년이내', '대단지', '방세개', '화장실두개']",남서향,28568512.345679015
경기도,용인시 기흥구,영덕동,광교풍경채어바니티(민간임대),매매,102동,5/43,1000000000,113.4,DOC,26년4월만기. 세끼고 투자하세요. 풀대출 승계.,25.07.08,"['2년이내', '대단지', '방세개', '화장실두개']",남서향,29151543.209876545
경기도,용인시 기흥구,영덕동,광교풍경채어바니티(민간임대),매매,106동,13/23,1000000000,113.4,DOC,"세안고매매, 26.2월, 90대출가, 에어컨5대, 정원뷰이쁜집",25.07.08,"['2년이내', '테라스', '대단지', '화장실두개']",남서향,29151543.209876545
경기도,용인시 기흥구,영덕동,광교풍경채어바니티(민간임대),월세,103동,저/41,"3,000/220",113.4,DOC,"막힘없는 탁트인뷰 ,단기월세,풀에어컨,중문,줄눈이등",25.07.15,"['2년이내', '대단지', '방세개', '화장실두개']",남서향,
경기도,용인시 기흥구,영덕동,광교풍경채어바니티(민간임대),매매,103동,중/41,1100000000,113.4,DOC,"강추,뻥뷰,시에5, 미세방충망, 식사서비스 제공 등 커뮤니티시설 최고",25.07.15,"['2년이내', '대단지', '방세개', '화장실두개']",남동향,32066697.5308642
경기도,용인시 기흥구,영덕동,광교풍경채어바니티(민간임대),월세,104동,중/39,"5,000/220",113.4,DOC,일조 조망 좋아요. 주차편리. 에어컨 풀옵션. 입주협의.,25.07.14,"['2년이내', '대단지', '방세개', '화장실두개']",남서향,
경기도,용인시 기흥구,영덕동,광교풍경채어바니티(민간임대),매매,109동,고/41,1190000000,113.4,DOC,"호텔급 수영장, 조식 중식 카페테리아, 커뮤니티 , 숲뷰, 흥덕역개통예정",25.07.14,"['2년이내', '대단지', '방세개', '화장실두개']",동향,34690336.41975309
경기도,용인시 기흥구,영덕동,광교풍경채어바니티(민간임대),월세,103동,21/41,"3,000/220",113.4,TEL,막힘없는시원한뷰,25.07.03,"['2년이내', '대단지', '방세개', '화장실두개']",남동향,
경기도,용인시 기흥구,영덕동,광교풍경채어바니티(민간임대),매매,102동,고/43,1080000000,113.4,DOC,"강추, 탁 트인 뷰, 시에5, 커뮤니티시설 최고",25.07.12,"['2년이내', '대단지', '방세개', '화장실두개']",남서향,31483666.66666667
경기도,용인시 기흥구,영덕동,광교풍경채어바니티(민간임대),매매,109동,고/41,1100000000,113.4,DOC,고층. 뻥뷰. 월세입자 끼고 매매. 시에5대. 매예 가능,25.07.12,"['2년이내', '대단지', '방세개', '화장실두개']",남동향,32066697.5308642
경기도,용인시 기흥구,영덕동,광교풍경채어바니티(민간임대),매매,101동,22/43,1150000000,113.4,DOC,"세안고 매매, 로얄동 고층으로 뷰가 좋음  90대출가능",25.07.04,"['2년이내', '대단지', '화장실두개', '방세개']",남서향,33524274.691358026
경기도,용인시 기흥구,영덕동,광교풍경채어바니티(민간임대),전세,104동,저/39,500000000,113.4,DOC,귀한전세 에어컨풀세대 초록초록뷰,25.07.10,"['2년이내', '융자금없는', '대단지', '방세개']",남서향,14575771.604938272
경기도,용인시 기흥구,영덕동,광교풍경채어바니티(민간임대),월세,110동,12/26,"5,000/200",113.4,DOC,"풀에어컨,막힘없는탁트인조망뷰,해잘들고따뜻한집,전입안됨",25.07.02,"['2년이내', '융자금없는', '대단지', '방세개']",남서향,
경기도,용인시 기흥구,영덕동,광교풍경채어바니티(민간임대),매매,103동,저/41,990000000,113.4,DOC,빠른 입주. 에어컨5. 조용하고 환한 집.,25.07.08,"['2년이내', '대단지', '방세개', '화장실두개']",남동향,28860027.777777776
경기도,용인시 기흥구,영덕동,광교풍경채어바니티(민간임대),매매,109동,고/41,1050000000,113.4,DOC,12월 만기 짧은 세안고. 하늘 뷰. 환한 집.,25.07.08,"['2년이내', '대단지', '방세개', '화장실두개']",남동향,30609120.370370373
경기도,용인시 기흥구,영덕동,광교풍경채어바니티(민간임대),매매,103동,저/41,1100000000,113.4,DOC,저층이지만 뚫린뷰. 지산간섭 없는 라인.,25.07.08,"['2년이내', '대단지', '방세개', '화장실두개']",남동향,32066697.5308642
경기도,용인시 기흥구,영덕동,광교풍경채어바니티(민간임대),매매,103동,저/41,1010000000,113.4,DOC,"매예대출O,초품아,교통편리,수영장,사우나,조식,최첨단커뮤니티,흥덕역개통",25.07.07,"['2년이내', '대단지', '방세개', '화장실두개']",남동향,29443058.641975306
경기도,용인시 기흥구,영덕동,광교풍경채어바니티(민간임대),매매,108동,중/43,1000000000,113.4,DOC,짧은세안고매매추천  정원뷰예뻐요 대출90,25.07.07,"['2년이내', '대단지', '방세개', '화장실두개']",남동향,29151543.209876545
경기도,용인시 기흥구,영덕동,광교풍경채어바니티(민간임대),매매,103동,8/41,1050000000,113.4,DOC,해 잘들고 뷰 이뻐요. 타운하우스 같은 잔잔한 뷰.,25.06.30,"['2년이내', '대단지', '방세개', '화장실두개']",남동향,30609120.370370373
경기도,용인시 기흥구,영덕동,광교풍경채어바니티(민간임대),매매,102동,31/43,1040000000,113.4,DOC,"즉시입주,대출90가능 전면동 햇살좋은 집 무엇이든 협의해드려요",25.06.28,"['2년이내', '대단지', '방세개', '화장실두개']",남서향,30317604.938271604
경기도,용인시 기흥구,영덕동,광교풍경채어바니티(민간임대),월세,101동,저/43,1억/180,113.4,DOC,"8월초 입주 가능, 풀 에어컨",25.07.02,"['2년이내', '대단지', '방세개', '화장실두개']",남서향,
경기도,용인시 기흥구,영덕동,광교풍경채어바니티(민간임대),월세,105동,10/25,"5,000/200",113.4,DOC," 조용한단지뷰, 시스템에어컨4대, ",25.06.25,"['2년이내', '대단지', '화장실두개', '방세개']",남서향,
경기도,용인시 기흥구,영덕동,광교풍경채어바니티(민간임대),매매,110동,20/26,1100000000,113.4,DOC,"화이트톤예쁜집,초품아,수영장 사우나 등 최첨단 커뮤니티무료이용",25.06.24,"['2년이내', '대단지', '방세개', '화장실두개']",남서향,32066697.5308642
경기도,용인시 기흥구,영덕동,광교풍경채어바니티(민간임대),월세,108동,고/43,"3,000/200",113.4,DOC,풀에어컨.  시원한 뷰.   빠른입주 가능,25.06.28,"['2년이내', '대단지', '방세개', '화장실두개']",남서향,
경기도,용인시 기흥구,영덕동,광교풍경채어바니티(민간임대),매매,104동,저/39,980000000,113.4,DOC,조망 일조 확보. 환한집. 급매 추천.,25.06.27,"['2년이내', '대단지', '급매', '방세개']",남서향,28568512.345679015
경기도,용인시 기흥구,영덕동,광교풍경채어바니티(민간임대),매매,102동,중/43,1020000000,113.4,DOC,B타입 90프로대출가능 풀에어컨 중문 입주협의 사우나 수영장 조중식서비스,25.06.26,"['2년이내', '대단지', '방세개', '화장실두개']",남서향,29734574.074074075
경기도,용인시 기흥구,영덕동,광교풍경채어바니티(민간임대),매매,101동,저/43,1200000000,113.4,DOC,"조건협의 세안고, 입구동 편리, 대출90프로 수영장 커뮤니티좋아요",25.06.24,"['2년이내', '대단지', '방세개', '화장실두개']",남서향,34981851.85185185
경기도,용인시 기흥구,영덕동,광교풍경채어바니티(민간임대),매매,103동,중/41,990000000,113.4,DOC,B타입 세안고 90프로대출 풀에어컨 투자1순위 보증금높음 사우나 수영장,25.06.24,"['2년이내', '대단지', '방세개', '화장실두개']",남동향,28860027.777777776
경기도,용인시 기흥구,영덕동,광교풍경채어바니티(민간임대),월세,104동,중/39,"5,000/220",113.4,NONE,고품격커뮤니티.풀에어컨.조식.중식서비스.탁월한 공간구성.,25.07.02,"['2년이내', '대단지', '방세개', '화장실두개']",남서향,
경기도,용인시 기흥구,영덕동,광교풍경채어바니티(민간임대),월세,103동,9/41,"5,000/210",113.39,DOC,선호하는 A타입 최고급 커뮤니티 조중식 서비스 ,25.07.21,"['2년이내', '대단지', '방세개', '화장실두개']",남서향,
경기도,용인시 기흥구,영덕동,광교풍경채어바니티(민간임대),매매,110동,16/26,1100000000,113.39,DOC,"즉시 입주 가능, 풀 에어컨, 영구적인 트인 뷰, 조용한 동 ",25.07.21,"['2년이내', '대단지', '방세개', '화장실두개']",남동향,32069525.531351976
경기도,용인시 기흥구,영덕동,광교풍경채어바니티(민간임대),매매,105동,7/25,1050000000,113.39,DOC,"입주 가능, 풀 에어컨,단지 뷰 예쁜 집",25.07.21,"['2년이내', '대단지', '방세개', '화장실두개']",남서향,30611819.825381428
경기도,용인시 기흥구,영덕동,광교풍경채어바니티(민간임대),매매,108동,22/43,1100000000,113.39,DOC,"인기많은84A,12월만기 세안고매매,광교호수뷰나오는집",25.07.21,"['2년이내', '대단지', '방세개', '화장실두개']",남동향,32069525.531351976
경기도,용인시 기흥구,영덕동,광교풍경채어바니티(민간임대),매매,104동,20/39,1150000000,113.39,DOC,"인기많은84A,초품아,수영장 사우나 등 최첨단 커뮤니티무료이용",25.07.21,"['2년이내', '대단지', '방세개', '화장실두개']",남서향,33527231.237322517
경기도,용인시 기흥구,영덕동,광교풍경채어바니티(민간임대),매매,106동,4/23,1050000000,113.39,DOC,"인기많은84A,초품아,수영장 사우나 등 최첨단 커뮤니티무료이용",25.07.21,"['2년이내', '대단지', '방세개', '화장실두개']",남동향,30611819.825381428
경기도,용인시 기흥구,영덕동,광교풍경채어바니티(민간임대),매매,110동,20/26,1180000000,113.39,DOC,"로얄동로얄층,대출승계가능,26년4월만기세안고매매,광교호수뷰나오는집",25.07.21,"['2년이내', '대단지', '방세개', '화장실두개']",남동향,34401854.66090484
경기도,용인시 기흥구,영덕동,광교풍경채어바니티(민간임대),매매,103동,3/41,950000000,113.39,DOC,A타입 입주추천 에어컨풀세대,25.07.21,"['2년이내', '대단지', '방세개', '화장실두개']",남서향,27696408.41344034
경기도,용인시 기흥구,영덕동,광교풍경채어바니티(민간임대),매매,107동,8/23,1050000000,113.39,DOC,A타입 90프로대출가능 즉시입주 중문 수영장 사우나 조중식서비스,25.07.21,"['2년이내', '대단지', '방세개', '화장실두개']",남동향,30611819.825381428
경기도,용인시 기흥구,영덕동,광교풍경채어바니티(민간임대),매매,105동,13/25,1110000000,113.39,DOC,"첫입주,공실,16층에13층,공원뷰,남동향,대출90",25.07.21,"['2년이내', '대단지', '방세개', '화장실두개']",남동향,32361066.672546085
경기도,용인시 기흥구,영덕동,광교풍경채어바니티(민간임대),매매,104동,15/39,1110000000,113.39,DOC,"첫입주,공실,남동향,대출90,에어컨5,",25.07.21,"['2년이내', '대단지', '방세개', '화장실두개']",남동향,32361066.672546085
경기도,용인시 기흥구,영덕동,광교풍경채어바니티(민간임대),매매,104동,36/39,1170000000,113.39,DOC,정상입주.고층로얄뷰.대출90.에어컨5.,25.07.21,"['2년이내', '대단지', '방세개', '화장실두개']",남서향,34110313.519710734
경기도,용인시 기흥구,영덕동,광교풍경채어바니티(민간임대),매매,101동,26/43,1150000000,113.39,DOC,"공실,에어컨4대,최고조망,A타입",25.07.19,"['2년이내', '대단지', '방세개', '화장실두개']",남서향,33527231.237322517
경기도,용인시 기흥구,영덕동,광교풍경채어바니티(민간임대),매매,106동,5/23,1100000000,113.39,DOC,"편안한공원 ,단지뷰",25.07.19,"['2년이내', '대단지', '방세개', '화장실두개']",남서향,32069525.531351976
경기도,용인시 기흥구,영덕동,광교풍경채어바니티(민간임대),매매,102동,36/43,1050000000,113.39,DOC,,25.07.19,"['2년이내', '대단지', '방세개', '화장실두개']",남동향,30611819.825381428
경기도,용인시 기흥구,영덕동,광교풍경채어바니티(민간임대),매매,103동,3/41,950000000,113.39,DOC,저층이지만 예쁜뷰.,25.07.19,"['2년이내', '대단지', '방세개', '화장실두개']",남동향,27696408.41344034
경기도,용인시 기흥구,영덕동,광교풍경채어바니티(민간임대),매매,102동,7/43,1000000000,113.39,DOC,A타입 세안고 90프로대출가능 사우나 수영장 조중식서비스,25.07.19,"['2년이내', '대단지', '방세개', '화장실두개']",남서향,29154114.119410884
경기도,용인시 기흥구,영덕동,광교풍경채어바니티(민간임대),매매,104동,22/39,1070000000,113.39,DOC,신축풀옵션 풀에어컨5대 앞동해잘드는집 귀한A타입 탁트인조망,25.07.18,"['2년이내', '대단지', '방세개', '화장실두개']",남서향,31194902.10776965
경기도,용인시 기흥구,영덕동,광교풍경채어바니티(민간임대),매매,103동,4/41,1150000000,113.39,DOC,"풀에어컨5, 정상입주가능",25.07.18,"['2년이내', '대단지', '방세개', '화장실두개']",남서향,33527231.237322517
경기도,용인시 기흥구,영덕동,광교풍경채어바니티(민간임대),매매,103동,38/41,1100000000,113.39,DOC,"입주가능,조망채광좋은집,90대출가능,풀에어컨,최선을다해조율합니다",25.07.18,"['2년이내', '대단지', '방세개', '화장실두개']",남서향,32069525.531351976
경기도,용인시 기흥구,영덕동,광교풍경채어바니티(민간임대),매매,102동,40/43,1100000000,113.39,DOC,"입주가능,에어컨풀,40층",25.07.17,"['2년이내', '대단지', '방세개', '화장실두개']",남서향,32069525.531351976
경기도,용인시 기흥구,영덕동,광교풍경채어바니티(민간임대),매매,104동,26/39,1200000000,113.39,DOC,"월세끼고,최고조망",25.07.17,"['2년이내', '대단지', '방세개', '화장실두개']",남동향,34984936.943293065
경기도,용인시 기흥구,영덕동,광교풍경채어바니티(민간임대),매매,104동,3/39,1000000000,113.39,DOC,무엇이든 협의해드려요  즉시입주  시스템에어컨5대,25.07.17,"['2년이내', '대단지', '방세개', '화장실두개']",남서향,29154114.119410884
경기도,용인시 기흥구,영덕동,광교풍경채어바니티(민간임대),매매,101동,34/43,1200000000,113.39,DOC,"최상급뷰,5호라인,8월말입주가능",25.07.17,"['2년이내', '대단지', '방세개', '화장실두개']",남서향,34984936.943293065
경기도,용인시 기흥구,영덕동,광교풍경채어바니티(민간임대),매매,101동,31/43,1200000000,113.39,DOC,최상급 뷰.,25.07.17,"['2년이내', '대단지', '방세개', '화장실두개']",남서향,34984936.943293065
경기도,용인시 기흥구,영덕동,광교풍경채어바니티(민간임대),매매,109동,24/41,1200000000,113.39,DOC,정상입주.A타입.시원한고층뷰.,25.07.17,"['2년이내', '대단지', '방세개', '화장실두개']",남서향,34984936.943293065
경기도,용인시 기흥구,영덕동,광교풍경채어바니티(민간임대),매매,104동,35/39,1050000000,113.39,DOC,A타입 즉시입주 90프로대출가능 풀에어컨 수영장 사우나 조중식서비스,25.07.17,"['2년이내', '대단지', '방세개', '화장실두개']",남서향,30611819.825381428
경기도,용인시 기흥구,영덕동,광교풍경채어바니티(민간임대),매매,104동,3/39,1050000000,113.39,DOC,로얄 정원뷰.  대출90승계. 신축 커뮤니티 좋아요.,25.07.16,"['2년이내', '대단지', '방세개', '화장실두개']",남동향,30611819.825381428
경기도,용인시 기흥구,영덕동,광교풍경채어바니티(민간임대),매매,108동,32/43,1100000000,113.39,DOC,주인거주 중문 인덕션 에어컨5 무엇이든 협의해드려요  최상의 뷰,25.07.16,"['2년이내', '대단지', '방세개', '화장실두개']",남서향,32069525.531351976
경기도,용인시 기흥구,영덕동,광교풍경채어바니티(민간임대),매매,103동,41/41,1100000000,113.39,DOC,무엇이든 협의해드려요 최고의 뷰 시스템에어컨5 탑층 주인거주,25.07.16,"['2년이내', '대단지', '탑층', '방세개']",남서향,32069525.531351976
경기도,용인시 기흥구,영덕동,광교풍경채어바니티(민간임대),매매,106동,18/23,1020000000,113.39,DOC,무엇이든 협의해드려요.대출90에어컨5 즉시입주,25.07.16,"['2년이내', '대단지', '방세개', '화장실두개']",남동향,29737196.4017991
경기도,용인시 기흥구,영덕동,광교풍경채어바니티(민간임대),매매,102동,29/43,1150000000,113.39,DOC,남서향 뻥뷰. 시에 5대,25.07.16,"['2년이내', '대단지', '방세개', '화장실두개']",남서향,33527231.237322517
경기도,용인시 기흥구,영덕동,광교풍경채어바니티(민간임대),매매,108동,20/43,1050000000,113.39,DOC,"입주가능, 옵션풀시에5,조명,인덕션,식세기,중문,트인단지뷰.",25.07.15,"['2년이내', '대단지', '방세개', '화장실두개']",남동향,30611819.825381428
경기도,용인시 기흥구,영덕동,광교풍경채어바니티(민간임대),매매,104동,12/39,1050000000,113.39,DOC,"즉시입주,대출90 무엇이든 협의해드려요 전망좋은 집",25.07.15,"['2년이내', '대단지', '방세개', '화장실두개']",남동향,30611819.825381428
경기도,용인시 기흥구,영덕동,광교풍경채어바니티(민간임대),매매,104동,27/39,1100000000,113.39,DOC,"세안고,대출90 무엇이든 협의해드려요 전망좋은 집",25.07.15,"['2년이내', '대단지', '방세개', '화장실두개']",남서향,32069525.531351976
경기도,용인시 기흥구,영덕동,광교풍경채어바니티(민간임대),매매,105동,6/25,1080000000,113.39,DOC,즉시입주가능 대출90 뷰가 예쁜 집입니다. 초등자녀 두신분께 권장,25.07.15,"['2년이내', '대단지', '방세개', '화장실두개']",남서향,31486443.24896376
경기도,용인시 기흥구,영덕동,광교풍경채어바니티(민간임대),월세,104동,저/39,"1,000/190",113.39,DOC,공원뷰 A타입 단기2개월이내 협의 빠른입주,25.07.21,"['2년이내', '융자금없는', '대단지', '방세개']",남동향,
경기도,용인시 기흥구,영덕동,광교풍경채어바니티(민간임대),월세,110동,중/26,"5,000/230",113.39,DOC,A타입 2년월세 조용한녹지조망 서두르세요,25.07.21,"['2년이내', '대단지', '방세개', '화장실두개']",남동향,
경기도,용인시 기흥구,영덕동,광교풍경채어바니티(민간임대),월세,105동,저/25,"5,000/210",113.39,DOC,공원뷰예쁜집 A타입 에어컨풀세대 입주협의,25.07.21,"['2년이내', '융자금없는', '대단지', '방세개']",남동향,
경기도,용인시 기흥구,영덕동,광교풍경채어바니티(민간임대),매매,110동,중/26,1070000000,113.39,DOC,A타입 첫입주 공원뻥뷰 90프로대출가 풀에어컨 수영장 사우나 조중식서비스,25.07.21,"['2년이내', '대단지', '방세개', '화장실두개']",남서향,31194902.10776965
경기도,용인시 기흥구,영덕동,광교풍경채어바니티(민간임대),매매,109동,5/41,980000000,113.39,DOC,"최저가  에어컨5대 , 세안고매매27년5월만기 무엇이든 협의해드려요",25.07.14,"['2년이내', '대단지', '방세개', '화장실두개']",남서향,28571031.837022666
경기도,용인시 기흥구,영덕동,광교풍경채어바니티(민간임대),매매,103동,34/41,1050000000,113.39,DOC,에어컨5 식세기 품은 거실뷰 예쁜집  무엇이든 협의해드려요,25.07.14,"['2년이내', '대단지', '방세개', '화장실두개']",남서향,30611819.825381428
경기도,용인시 기흥구,영덕동,광교풍경채어바니티(민간임대),매매,102동,32/43,1080000000,113.39,TEL,,25.07.11,"['2년이내', '대단지', '방세개', '화장실두개']",남서향,31486443.24896376
경기도,용인시 기흥구,영덕동,광교풍경채어바니티(민간임대),매매,106동,18/23,1020000000,113.39,TEL,"아늑하고 예쁜 정원뷰, 남서향 초록 단지조망, 90프로 대출가능",25.07.10,"['2년이내', '대단지', '방세개', '화장실두개']",남서향,29737196.4017991
경기도,용인시 기흥구,영덕동,광교풍경채어바니티(민간임대),매매,106동,8/23,1030000000,113.39,DOC,화이트톤인테리어 예쁜집 입주추천,25.07.12,"['2년이내', '대단지', '방세개', '화장실두개']",남동향,30028737.54299321
경기도,용인시 기흥구,영덕동,광교풍경채어바니티(민간임대),매매,103동,21/41,1050000000,113.39,DOC,"탁트인시야로일조량풍부,에어컨5,대출승계,세안고매매",25.07.12,"['2년이내', '대단지', '방세개', '화장실두개']",남서향,30611819.825381428
경기도,용인시 기흥구,영덕동,광교풍경채어바니티(민간임대),매매,109동,7/41,1130000000,113.39,DOC,"정상입주,대출90,간접등,에어컨풀.",25.07.12,"['2년이내', '대단지', '방세개', '화장실두개']",남서향,32944148.954934295
경기도,용인시 기흥구,영덕동,광교풍경채어바니티(민간임대),매매,109동,22/41,1100000000,113.39,DOC,"정상입주,에어컨5대.중문,예약금대출유",25.07.12,"['2년이내', '대단지', '방세개', '화장실두개']",남서향,32069525.531351976
경기도,용인시 기흥구,영덕동,광교풍경채어바니티(민간임대),매매,103동,41/41,1100000000,113.39,DOC,무엇이든 협의해드려요 최고의 뷰 시스템에어컨5,25.07.12,"['2년이내', '대단지', '탑층', '방세개']",남서향,32069525.531351976
경기도,용인시 기흥구,영덕동,광교풍경채어바니티(민간임대),매매,102동,41/43,1050000000,113.39,DOC,무엇이든 협의 월세27년6월만기 안고 매매 에어컨5,25.07.12,"['2년이내', '대단지', '방세개', '화장실두개']",남서향,30611819.825381428
경기도,용인시 기흥구,영덕동,광교풍경채어바니티(민간임대),매매,104동,6/39,1020000000,113.39,DOC,대출90가능. 월세안고. 에어컨5대  출입구 앞. 일조량 좋은집,25.07.12,"['2년이내', '대단지', '방세개', '화장실두개']",남서향,29737196.4017991
경기도,용인시 기흥구,영덕동,광교풍경채어바니티(민간임대),매매,102동,12/43,1050000000,113.39,DOC,대출90가능. 월세안고. 에어컨5대  출입구 앞. 일조량 좋은집,25.07.12,"['2년이내', '대단지', '방세개', '화장실두개']",남서향,30611819.825381428
경기도,용인시 기흥구,영덕동,광교풍경채어바니티(민간임대),매매,109동,35/41,1150000000,113.39,DOC,25. 5월 만기. 로얄층 세끼고 투자하세요.,25.07.12,"['2년이내', '대단지', '방세개', '화장실두개']",남서향,33527231.237322517
경기도,용인시 기흥구,영덕동,광교풍경채어바니티(민간임대),매매,106동,20/23,1050000000,113.39,DOC,입주가능. 에어컨옵션. 융자90승계. 정원 뷰,25.07.12,"['2년이내', '대단지', '방세개', '화장실두개']",남향,30611819.825381428
경기도,용인시 기흥구,영덕동,광교풍경채어바니티(민간임대),매매,102동,저/43,1090000000,113.39,DOC,,25.07.19,"['2년이내', '대단지', '방세개', '화장실두개']",남서향,31777984.390157867
경기도,용인시 기흥구,영덕동,광교풍경채어바니티(민간임대),매매,103동,저/41,1100000000,113.39,DOC,선호하는 판상형. 시에5. 특급 커뮤니티 누려보세요,25.07.19,"['2년이내', '대단지', '방세개', '화장실두개']",남서향,32069525.531351976
경기도,용인시 기흥구,영덕동,광교풍경채어바니티(민간임대),매매,103동,22/41,1100000000,113.39,DOC,시에5대. 매예O. 주인거주라 관리 잘된 깨끗한 집. 입주일협의 가능,25.07.12,"['2년이내', '대단지', '방세개', '화장실두개']",남서향,32069525.531351976
경기도,용인시 기흥구,영덕동,광교풍경채어바니티(민간임대),매매,103동,23/41,1030000000,113.39,DOC,103동고층뷰 25년 12월 입주가능 대출90진행,25.07.11,"['2년이내', '대단지', '방세개', '화장실두개']",남서향,30028737.54299321
경기도,용인시 기흥구,영덕동,광교풍경채어바니티(민간임대),매매,103동,31/41,1050000000,113.39,DOC,"인기좋은 고층전망, 신축 첫입주하세요",25.07.11,"['2년이내', '대단지', '방세개', '화장실두개']",남서향,30611819.825381428
경기도,용인시 기흥구,영덕동,광교풍경채어바니티(민간임대),매매,102동,15/43,1050000000,113.39,DOC,84A타입.대출90.풀에어컨.8월중 입주 협의가능,25.07.11,"['2년이내', '대단지', '방세개', '화장실두개']",남서향,30611819.825381428
경기도,용인시 기흥구,영덕동,광교풍경채어바니티(민간임대),매매,108동,중/43,1180000000,113.39,DOC,월세 안고 매매. 인기많은 동. 커뮤니티 버스정류장 가까움.,25.07.18,"['2년이내', '대단지', '방세개', '화장실두개']",남동향,34401854.66090484
경기도,용인시 기흥구,영덕동,광교풍경채어바니티(민간임대),매매,108동,중/43,1050000000,113.39,DOC,"84A 판상형,  8월중순 이후 입주, 시스템에어컨5대",25.07.18,"['2년이내', '대단지', '방세개', '화장실두개']",남동향,30611819.825381428
경기도,용인시 기흥구,영덕동,광교풍경채어바니티(민간임대),매매,103동,18/41,1050000000,113.39,DOC,"에어컨3, 대출90프로가능, 전면동, 대중교통 상가이용편리, 입주협의",25.07.11,"['2년이내', '대단지', '방세개', '화장실두개']",남서향,30611819.825381428
경기도,용인시 기흥구,영덕동,광교풍경채어바니티(민간임대),매매,108동,31/43,1140000000,113.39,DOC,무엇이든 협의해드려요 전망 예쁜 집 즉시입주 대출90 에어컨5 호수뷰,25.07.10,"['2년이내', '대단지', '방세개', '화장실두개']",남동향,33235690.096128408
경기도,용인시 기흥구,영덕동,광교풍경채어바니티(민간임대),매매,107동,12/23,1100000000,113.39,DOC,26년2월 입주 시스템에어컨5대 대출 가능 무엇이든 협의해드려요,25.07.10,"['2년이내', '대단지', '방세개', '화장실두개']",남서향,32069525.531351976
경기도,용인시 기흥구,영덕동,광교풍경채어바니티(민간임대),매매,107동,14/23,1050000000,113.39,DOC,무엇이든 협의해드려요 대출90 즉시입주 풀에어컨 예쁜 사파리놀이터 뷰,25.07.10,"['2년이내', '대단지', '방세개', '화장실두개']",남서향,30611819.825381428
경기도,용인시 기흥구,영덕동,광교풍경채어바니티(민간임대),매매,107동,12/23,1050000000,113.39,DOC,무엇이든 협의해드려요 대출90 즉시입주 에어컨5 예쁜 거실뷰,25.07.10,"['2년이내', '대단지', '방세개', '화장실두개']",남서향,30611819.825381428
경기도,용인시 기흥구,영덕동,광교풍경채어바니티(민간임대),매매,104동,17/39,1200000000,113.39,DOC,즉시입주 에어컨5 줄눈 인덕션  무엇이든 협의해드려요,25.07.10,"['2년이내', '대단지', '방세개', '화장실두개']",남동향,34984936.943293065
경기도,용인시 기흥구,영덕동,광교풍경채어바니티(민간임대),매매,103동,32/41,1150000000,113.39,DOC,"세안고 , 대출90 무엇이든 협의해드려요",25.07.10,"['2년이내', '대단지', '방세개', '화장실두개']",남동향,33527231.237322517
경기도,용인시 기흥구,영덕동,광교풍경채어바니티(민간임대),매매,101동,21/43,1150000000,113.39,DOC,"세 안고 매수, 26년 2월 만기, 풀 에어컨, 확 트인 영구 뷰",25.07.10,"['2년이내', '대단지', '방세개', '화장실두개']",남서향,33527231.237322517
경기도,용인시 기흥구,영덕동,광교풍경채어바니티(민간임대),매매,104동,22/39,1050000000,113.39,DOC,"입주 가능, 잔금일 협의, 풀 에어컨, 가격 조정 가능",25.07.10,"['2년이내', '대단지', '방세개', '화장실두개']",남서향,30611819.825381428
경기도,용인시 기흥구,영덕동,광교풍경채어바니티(민간임대),매매,104동,12/39,1080000000,113.39,DOC,"즉시입주,대출90 무엇이든 협의해드려요 전망좋은 집",25.07.10,"['2년이내', '대단지', '방세개', '화장실두개']",남동향,31486443.24896376
경기도,용인시 기흥구,영덕동,광교풍경채어바니티(민간임대),매매,104동,11/39,1020000000,113.39,DOC,무엇이든 협의해드려요.세끼고 26년1월입주 대출90 에어컨5,25.07.10,"['2년이내', '대단지', '방세개', '화장실두개']",남서향,29737196.4017991
경기도,용인시 기흥구,영덕동,광교풍경채어바니티(민간임대),매매,101동,19/43,1150000000,113.39,DOC,무엇이든 협의해드려요 주인거주중 에어컨2 최고의 뷰,25.07.10,"['2년이내', '대단지', '방세개', '화장실두개']",남서향,33527231.237322517
경기도,용인시 기흥구,영덕동,광교풍경채어바니티(민간임대),매매,105동,16/25,1140000000,113.39,DOC,로얄동 로얄층 선호하는 타입 시원한뷰 특화된 커뮤니티,25.07.10,"['2년이내', '대단지', '방세개', '화장실두개']",남동향,33235690.096128408
경기도,용인시 기흥구,영덕동,광교풍경채어바니티(민간임대),매매,102동,중/43,1050000000,113.39,DOC,입주물건. 에어컨 풀옵. 대출90승계. 커뮤니티등 주차편리,25.07.16,"['2년이내', '대단지', '방세개', '화장실두개']",남서향,30611819.825381428
경기도,용인시 기흥구,영덕동,광교풍경채어바니티(민간임대),매매,103동,8/41,1150000000,113.39,DOC,"인기84 A 타입, 입주협의,최고의 커뮤니티, 시에5대,컨디션굿",25.07.10,"['2년이내', '대단지', '방세개', '화장실두개']",남서향,33527231.237322517
경기도,용인시 기흥구,영덕동,광교풍경채어바니티(민간임대),매매,105동,중/25,1100000000,113.39,DOC,주차편함. 조용하고 학교 가까움. 90대출가능. 햇볕잘듬. 주인거주,25.07.16,"['2년이내', '대단지', '방세개', '화장실두개']",남서향,32069525.531351976
경기도,용인시 기흥구,영덕동,광교풍경채어바니티(민간임대),매매,102동,중/43,1100000000,113.39,DOC,추천 매예90 로얄동로얄층  예쁘게 관리된 집,25.07.16,"['2년이내', '대단지', '방세개', '화장실두개']",남서향,32069525.531351976
경기도,용인시 기흥구,영덕동,광교풍경채어바니티(민간임대),매매,107동,중/23,1010000000,113.39,DOC,A타입 첫입주 즉시가능 풀에어컨 예쁜정원뷰 사우나 수영장 조중식서비스,25.07.15,"['2년이내', '대단지', '방세개', '화장실두개']",남동향,29445655.260604993
경기도,용인시 기흥구,영덕동,광교풍경채어바니티(민간임대),매매,104동,7/39,1070000000,113.39,DOC, 최고로얄물건 예쁜공원뷰 대출90 입주 ,25.07.08,"['2년이내', '대단지', '방세개', '화장실두개']",남동향,31194902.10776965
경기도,용인시 기흥구,영덕동,광교풍경채어바니티(민간임대),매매,109동,28/41,1200000000,113.39,DOC,"세안고매매, 로얄 영덕레스피아공원뷰,  시스템에어컨",25.07.08,"['2년이내', '대단지', '화장실두개', '방세개']",남서향,34984936.943293065
경기도,용인시 기흥구,영덕동,광교풍경채어바니티(민간임대),매매,110동,22/26,1200000000,113.39,DOC,"입주가능, 영덕레스피아공원뷰로 채광좋은집",25.07.08,"['2년이내', '대단지', '화장실두개', '방세개']",남서향,34984936.943293065
경기도,용인시 기흥구,영덕동,광교풍경채어바니티(민간임대),매매,102동,34/43,1150000000,113.39,DOC,"전망굿,세안고,에어컨5,예약금대출승계",25.07.08,"['2년이내', '대단지', '방세개', '화장실두개']",남서향,33527231.237322517
경기도,용인시 기흥구,영덕동,광교풍경채어바니티(민간임대),매매,110동,중/26,1100000000,113.39,DOC,"흥덕초 등하교 편한동, 수영장 사우나 커뮤니티 시설",25.07.14,"['2년이내', '대단지', '방세개', '화장실두개']",남동향,32069525.531351976
경기도,용인시 기흥구,영덕동,광교풍경채어바니티(민간임대),매매,110동,저/26,1050000000,113.39,DOC,A타입 세안고 낮지만뻥뷰 90프로대출가능 풀에어컨 사우나 수영장 조중식,25.07.12,"['2년이내', '대단지', '방세개', '화장실두개']",남서향,30611819.825381428
경기도,용인시 기흥구,영덕동,광교풍경채어바니티(민간임대),매매,104동,26/39,1040000000,113.39,DOC,"하시 입주 가능, 풀 에어컨 ",25.07.05,"['2년이내', '대단지', '방세개', '화장실두개']",남서향,30320278.68418732
경기도,용인시 기흥구,영덕동,광교풍경채어바니티(민간임대),매매,102동,중/43,1200000000,113.39,DOC,시에풀. 대출풀. 선호타입. 넓은 드레스룸. 막강커뮤니티,25.07.12,"['2년이내', '대단지', '방세개', '화장실두개']",남동향,34984936.943293065
경기도,용인시 기흥구,영덕동,광교풍경채어바니티(민간임대),매매,104동,10/39,1100000000,113.39,DOC,"입주가,인테리어이쁜집, 90대출승계가능, 에컨풀",25.07.04,"['2년이내', '대단지', '화장실두개', '방세개']",남서향,32069525.531351976
경기도,용인시 기흥구,영덕동,광교풍경채어바니티(민간임대),매매,105동,5/25,1020000000,113.39,DOC,"세안고매매, 거실뷰 소공원뷰로 쾌적함, 90대출가능",25.07.04,"['2년이내', '대단지', '화장실두개', '방세개']",남동향,29737196.4017991
경기도,용인시 기흥구,영덕동,광교풍경채어바니티(민간임대),매매,104동,10/39,1200000000,113.39,DOC,"에어컨풀, 6월입주가능, 조식중식서비스, 거실뷰뻥뷰",25.07.04,"['2년이내', '대단지', '화장실두개', '방세개']",남동향,34984936.943293065
경기도,용인시 기흥구,영덕동,광교풍경채어바니티(민간임대),매매,104동,18/39,1120000000,113.39,DOC,"첫입주,공실,남동향,매매예약금90.에어컨5대",25.07.03,"['2년이내', '대단지', '방세개', '화장실두개']",남동향,32652607.813740186
경기도,용인시 기흥구,영덕동,광교풍경채어바니티(민간임대),매매,110동,저/26,1100000000,113.39,DOC,"남서향,판상형,에어컨5대,수영장,사우나,골프등 커뮤니티,조식",25.07.10,"['2년이내', '대단지', '방세개', '화장실두개']",남서향,32069525.531351976
경기도,용인시 기흥구,영덕동,광교풍경채어바니티(민간임대),매매,103동,저/41,950000000,113.39,DOC,,25.07.09,"['2년이내', '대단지', '방세개', '화장실두개']",남서향,27696408.41344034
경기도,용인시 기흥구,영덕동,광교풍경채어바니티(민간임대),매매,108동,중/43,1050000000,113.39,DOC,"A타입,90대출,사우나 수영장 최고급커뮤니티,",25.07.09,"['2년이내', '대단지', '방세개', '화장실두개']",남동향,30611819.825381428
경기도,용인시 기흥구,영덕동,광교풍경채어바니티(민간임대),매매,109동,29/41,1200000000,113.39,DOC,"탁 트인 조망, 중문, 에어컨2대, 즉시입주가능",25.07.03,"['2년이내', '대단지', '방세개', '화장실두개']",남서향,34984936.943293065
경기도,용인시 기흥구,영덕동,광교풍경채어바니티(민간임대),매매,103동,중/41,1050000000,113.39,DOC,시에5대 l  뚫린뷰 l 하루종일 해 잘들어요,25.07.08,"['2년이내', '대단지', '방세개', '화장실두개']",남서향,30611819.825381428
경기도,용인시 기흥구,영덕동,광교풍경채어바니티(민간임대),매매,108동,중/43,1080000000,113.39,DOC,인기있는 108동 고층.  내부 사진 보세요.  막강 신축 커뮤니티,25.07.08,"['2년이내', '대단지', '방세개', '화장실두개']",남동향,31486443.24896376
경기도,용인시 기흥구,영덕동,광교풍경채어바니티(민간임대),매매,108동,저/43,1000000000,113.39,DOC,로얄동 그린그린사파리뷰 첫입주 A타입 ,25.07.07,"['2년이내', '대단지', '방세개', '화장실두개']",남동향,29154114.119410884
경기도,용인시 기흥구,영덕동,광교풍경채어바니티(민간임대),매매,108동,고/43,1050000000,113.39,DOC,광교호수뷰 입주추천 귀한A타입 대출90승계,25.07.07,"['2년이내', '대단지', '방세개', '화장실두개']",남동향,30611819.825381428
경기도,용인시 기흥구,영덕동,광교풍경채어바니티(민간임대),매매,104동,3/39,1050000000,113.39,DOC,무엇이든 협의해드려요 대출90 에어컨5,25.06.28,"['2년이내', '대단지', '방세개', '화장실두개']",남동향,30611819.825381428
경기도,용인시 기흥구,영덕동,광교풍경채어바니티(민간임대),매매,104동,21/39,1150000000,113.39,DOC,즉시입주 대출90가능. 에어컨5대 무엇이든 협의해드려요,25.06.28,"['2년이내', '대단지', '방세개', '화장실두개']",남동향,33527231.237322517
경기도,용인시 기흥구,영덕동,광교풍경채어바니티(민간임대),매매,108동,36/43,1050000000,113.39,DOC,A타입 뒤쪽호수뻥뷰 90프로대출가능 풀에어컨 수영장 사우나 조중식서비스,25.06.27,"['2년이내', '대단지', '방세개', '화장실두개']",남동향,30611819.825381428
경기도,용인시 기흥구,영덕동,광교풍경채어바니티(민간임대),매매,104동,11/39,1070000000,113.39,DOC,"하시 입주 가능, 풀 에어컨 ",25.06.26,"['2년이내', '대단지', '방세개', '화장실두개']",남서향,31194902.10776965
경기도,용인시 기흥구,영덕동,광교풍경채어바니티(민간임대),매매,102동,저/43,1030000000,113.39,DOC,A타입 편리한앞동 대출90가능 짧은세안고매매,25.07.02,"['2년이내', '대단지', '방세개', '화장실두개']",남서향,30028737.54299321
경기도,용인시 기흥구,영덕동,광교풍경채어바니티(민간임대),매매,101동,23/43,1160000000,113.39,DOC,"남서향  뻥뷰,대단지 신규입주아파트, 커뮤니티좋은단지",25.06.25,"['2년이내', '대단지', '방세개', '화장실두개']",남서향,33818772.37851662
경기도,용인시 기흥구,영덕동,광교풍경채어바니티(민간임대),매매,101동,고/43,1300000000,113.39,DOC,"탁트인  영구 뻥뷰로 최고의 로얄동 ,인테리어 예쁨, 커뮤니티시설 최고",25.07.02,"['2년이내', '대단지', '방세개', '화장실두개']",남서향,37900348.355234146
경기도,용인시 기흥구,영덕동,광교풍경채어바니티(민간임대),매매,107동,17/23,1120000000,113.39,DOC,"선호하는A타입,에어컨5대,전망좋음,흥덕역착공광교호수이용펀리 상세설명참조",25.06.25,"['2년이내', '대단지', '방세개', '화장실두개']",남서향,32652607.813740186
경기도,용인시 기흥구,영덕동,광교풍경채어바니티(민간임대),매매,104동,28/39,1050000000,113.39,DOC,로얄동 로얄층. 확트인뷰,25.06.24,"['2년이내', '대단지', '방세개', '화장실두개']",남서향,30611819.825381428
경기도,용인시 기흥구,영덕동,광교풍경채어바니티(민간임대),매매,104동,16/39,1100000000,113.39,DOC,최고의 뷰 즉시입주하세요 에어컨5대 무엇이든 협의해드려요,25.06.23,"['2년이내', '대단지', '방세개', '화장실두개']",남동향,32069525.531351976
경기도,용인시 기흥구,영덕동,광교풍경채어바니티(민간임대),매매,102동,31/43,1050000000,113.39,DOC,"첫입주가능매물, 고층으로 밝은집, 조식중식운영, 에어컨풀 ",25.06.23,"['2년이내', '대단지', '화장실두개', '방세개']",남서향,30611819.825381428
경기도,용인시 기흥구,영덕동,광교풍경채어바니티(민간임대),매매,103동,31/41,1050000000,113.39,DOC,"입주가능, 풀옵션 에어드레서 냉장고 에어컨5대 식세기등,90대출",25.06.23,"['2년이내', '대단지', '화장실두개', '방세개']",남서향,30611819.825381428
경기도,용인시 기흥구,영덕동,광교풍경채어바니티(민간임대),매매,102동,중/43,1050000000,113.39,DOC,주인거주로 컨디션굿   즉시입주가능 풀에어컨. 풀옵션  편의시설완벽,25.06.28,"['2년이내', '대단지', '방세개', '화장실두개']",남향,30611819.825381428
경기도,용인시 기흥구,영덕동,광교풍경채어바니티(민간임대),매매,102동,고/43,1060000000,113.39,DOC,"9월 이후 입주 가능, 풀 에어컨, 가격조정가능",25.06.27,"['2년이내', '대단지', '방세개', '화장실두개']",남동향,30903360.966575537
경기도,용인시 기흥구,영덕동,광교풍경채어바니티(민간임대),매매,102동,중/43,1070000000,113.39,DOC,"하시 입주 가능, 풀 에어컨, 대출 90 가능 ",25.06.26,"['2년이내', '대단지', '방세개', '화장실두개']",남동향,31194902.10776965
경기도,용인시 기흥구,영덕동,광교풍경채어바니티(민간임대),매매,103동,고/41,1050000000,113.39,DOC,"주인거주, 잔금일 협의, 풀 에어컨, 가격조정가능",25.06.26,"['2년이내', '대단지', '방세개', '화장실두개']",남서향,30611819.825381428
경기도,용인시 기흥구,영덕동,광교풍경채어바니티(민간임대),매매,108동,중/43,1150000000,113.39,DOC,주인거주. 풍경채최고뷰. 시에5대. 중문냉장고김냉.,25.06.25,"['2년이내', '대단지', '방세개', '화장실두개']",남서향,33527231.237322517
경기도,용인시 기흥구,영덕동,광교풍경채어바니티(민간임대),매매,103동,저/41,980000000,113.39,DOC,저층이지만 뚫린뷰. 종일 해 잘들어요. 주인거주,25.06.25,"['2년이내', '대단지', '방세개', '화장실두개']",남서향,28571031.837022666
경기도,용인시 기흥구,영덕동,광교풍경채어바니티(민간임대),매매,108동,고/43,1200000000,113.39,DOC,"고층남서향,막힘없는 뷰,수영장 및 사우나고급커뮤니티",25.06.25,"['2년이내', '대단지', '방세개', '화장실두개']",남서향,34984936.943293065
경기도,용인시 기흥구,영덕동,광교풍경채어바니티(민간임대),매매,104동,중/39,1100000000,113.39,DOC,에이타입 고층남서향,25.06.25,"['2년이내', '대단지', '방세개', '화장실두개']",남서향,32069525.531351976
경기도,용인시 기흥구,영덕동,광교풍경채어바니티(민간임대),매매,102동,중/43,1100000000,113.39,DOC,"짧은세안고,인덕원선공사중,대출90,수영장,골프,식사서비스,",25.06.24,"['2년이내', '대단지', '방세개', '화장실두개']",남동향,32069525.531351976
경기도,용인시 기흥구,영덕동,광교풍경채어바니티(민간임대),매매,105동,중/25,1100000000,113.39,DOC,"정원뷰, 세안고, 커뮤니티 좋아요, 수영장, 식사서비스, 대출90프로",25.06.24,"['2년이내', '대단지', '방세개', '화장실두개']",남서향,32069525.531351976
경기도,용인시 기흥구,영덕동,광교풍경채어바니티(민간임대),매매,108동,고/43,1050000000,113.39,DOC,"90대출,로얄동,로얄층,호수공원뷰나오는집",25.06.24,"['2년이내', '대단지', '방세개', '화장실두개']",남동향,30611819.825381428
경기도,용인시 기흥구,영덕동,광교풍경채어바니티(민간임대),매매,104동,중/39,1100000000,113.39,DOC,"에어컨5대, 중문, 인덕션, 줄눈, 판상형",25.06.24,"['2년이내', '대단지', '방세개', '화장실두개']",남서향,32069525.531351976
경기도,용인시 기흥구,영덕동,광교풍경채어바니티(민간임대),매매,104동,중/39,1100000000,113.39,NONE,,25.07.14,"['2년이내', '대단지', '방세개', '화장실두개']",남서향,32069525.531351976
경기도,용인시 기흥구,영덕동,광교풍경채어바니티(민간임대),매매,102동,중/43,1050000000,113.39,NONE,,25.07.14,"['2년이내', '대단지', '방세개', '화장실두개']",남서향,30611819.825381428
경기도,용인시 기흥구,영덕동,광교풍경채어바니티(민간임대),매매,109동,12/41,1100000000,112.88,DOC,"대출90승계가능,즉시입주가능,초품아,교통편리,최첨단커뮤니티,흥덕역개통",25.07.21,"['2년이내', '대단지', '방세개', '화장실두개']",남서향,32214417.965981577
경기도,용인시 기흥구,영덕동,광교풍경채어바니티(민간임대),매매,107동,3/23,950000000,112.88,DOC,예쁜정원뷰 세안고매매 추천매물,25.07.21,"['2년이내', '대단지', '방세개', '화장실두개']",남서향,27821542.788802274
경기도,용인시 기흥구,영덕동,광교풍경채어바니티(민간임대),매매,106동,15/23,980000000,112.88,DOC,"탁트인시야,단지조망권,에어컨5,대출승계,세안고매매",25.07.21,"['2년이내', '대단지', '방세개', '화장실두개']",남동향,28700117.824238133
경기도,용인시 기흥구,영덕동,광교풍경채어바니티(민간임대),전세,110동,10/26,500000000,112.88,DOC,즉시입주가능,25.07.19,"['2년이내', '대단지', '방세개', '화장실두개']",남서향,14642917.257264353
경기도,용인시 기흥구,영덕동,광교풍경채어바니티(민간임대),매매,106동,20/23,1050000000,112.88,DOC,무엇이든 협의해드려요 대출90 에어컨4,25.07.16,"['2년이내', '대단지', '방세개', '화장실두개']",남서향,30750126.240255143
경기도,용인시 기흥구,영덕동,광교풍경채어바니티(민간임대),매매,109동,16/41,1060000000,112.88,DOC,개방감 좋은 공원뷰. 조명 에어컨옵션 인테리어 예뻐요.,25.07.15,"['2년이내', '대단지', '방세개', '화장실두개']",남서향,31042984.58540043
경기도,용인시 기흥구,영덕동,광교풍경채어바니티(민간임대),매매,109동,10/41,1030000000,112.88,DOC,공원뷰. 조용하고 해 잘들어요. 에어컨 풀,25.07.15,"['2년이내', '대단지', '방세개', '화장실두개']",남향,30164409.54996457
경기도,용인시 기흥구,영덕동,광교풍경채어바니티(민간임대),월세,106동,고/23,1억/170,112.88,DOC,개방감 좋은 공원뷰. 입주 협의. 융자 적은 집.,25.07.21,"['2년이내', '융자금적은', '대단지', '방세개']",남향,
경기도,용인시 기흥구,영덕동,광교풍경채어바니티(민간임대),전세,110동,중/26,520000000,112.88,DOC,"입주협의, 근저당설정, 전대동의가 , 에어컨풀, 뻥뷰 밝음",25.07.21,"['2년이내', '대단지', '화장실두개', '방세개']",남서향,15228633.947554927
경기도,용인시 기흥구,영덕동,광교풍경채어바니티(민간임대),월세,107동,중/23,"2,000/200",112.88,DOC,"10월입주가능,1년이내단기임대,초품아,교통편리,수영장,조식,최첨단커뮤니티",25.07.21,"['2년이내', '대단지', '방세개', '화장실두개']",남서향,
경기도,용인시 기흥구,영덕동,광교풍경채어바니티(민간임대),전세,106동,고/23,530000000,112.88,DOC,융무. 전대동의 세대주입주. 귀한 전세,25.07.21,"['2년이내', '대단지', '방세개', '화장실두개']",남서향,15521492.292700214
경기도,용인시 기흥구,영덕동,광교풍경채어바니티(민간임대),매매,109동,21/41,1040000000,112.88,DOC,"예쁜 초록 전망, 풀에어컨, 대출 90 승계, 공실로 즉시입주",25.07.14,"['2년이내', '대단지', '방세개', '화장실두개']",남동향,30457267.895109855
경기도,용인시 기흥구,영덕동,광교풍경채어바니티(민간임대),매매,110동,16/26,1060000000,112.88,DOC,"방마다 전망 나오는 타워형, 초록 공원전망, 풀에어컨",25.07.14,"['2년이내', '대단지', '방세개', '화장실두개']",남서향,31042984.58540043
경기도,용인시 기흥구,영덕동,광교풍경채어바니티(민간임대),전세,109동,15/41,550000000,112.88,TEL,막힘없는파노라마뷰 초등학교가까운동정류장이마트가기편리한동,25.07.11,"['2년이내', '융자금없는', '대단지', '방세개']",남서향,16107208.982990788
경기도,용인시 기흥구,영덕동,광교풍경채어바니티(민간임대),전세,109동,13/41,550000000,112.88,DOC,귀한 전세 입주협의,25.07.12,"['2년이내', '융자금없는', '대단지', '방세개']",남동향,16107208.982990788
경기도,용인시 기흥구,영덕동,광교풍경채어바니티(민간임대),매매,107동,19/23,1020000000,112.88,DOC,"무엇이든 협의해드려요 즉시입주  대출90가능,에어컨5,스타일러",25.07.12,"['2년이내', '대단지', '방세개', '화장실두개']",남서향,29871551.20481928
경기도,용인시 기흥구,영덕동,광교풍경채어바니티(민간임대),매매,107동,17/23,1000000000,112.88,DOC,에어컨4   초록초록 예뻐요 시립어린이집 놀이터 앞 무엇이든 협의해요,25.07.12,"['2년이내', '대단지', '방세개', '화장실두개']",남서향,29285834.514528707
경기도,용인시 기흥구,영덕동,광교풍경채어바니티(민간임대),월세,106동,고/23,"3,000/220",112.88,DOC,"보증금조절가능,풀에어컨,앞뒤로 탁트인시야,일조량풍부,관리잘된집,하시입주가",25.07.17,"['2년이내', '대단지', '방세개', '화장실두개']",남서향,
경기도,용인시 기흥구,영덕동,광교풍경채어바니티(민간임대),월세,109동,저/41,"3,000/220",112.88,DOC,"보증금조절가,풀에어컨,탁트인시야 ,공원조망뷰,일조량풍부해요,주인거주입주협",25.07.17,"['2년이내', '대단지', '방세개', '화장실두개']",남서향,
경기도,용인시 기흥구,영덕동,광교풍경채어바니티(민간임대),매매,105동,11/25,1100000000,112.88,DOC,"정상입주,대출90,에어컨풀",25.07.10,"['2년이내', '대단지', '방세개', '화장실두개']",남서향,32214417.965981577
경기도,용인시 기흥구,영덕동,광교풍경채어바니티(민간임대),월세,107동,중/23,3억/100,112.88,DOC,"대출없는집,풀에어컨 즉시입주가능  무엇이든 협의해드려요",25.07.16,"['2년이내', '융자금없는', '대단지', '방세개']",남향,
경기도,용인시 기흥구,영덕동,광교풍경채어바니티(민간임대),전세,107동,중/23,500000000,112.88,DOC,"대출없는집,풀에어컨 즉시입주가능  무엇이든 협의해드려요",25.07.16,"['2년이내', '융자금없는', '대단지', '방세개']",남향,14642917.257264353
경기도,용인시 기흥구,영덕동,광교풍경채어바니티(민간임대),매매,105동,19/25,980000000,112.88,DOC,"바로입주, 방마다 예쁜전망, 수납구조 잘빠졌어요, 90프로 대출승계",25.07.08,"['2년이내', '대단지', '방세개', '화장실두개']",남서향,28700117.824238133
경기도,용인시 기흥구,영덕동,광교풍경채어바니티(민간임대),매매,108동,37/43,1050000000,112.88,DOC,"하시 입주 가능, 풀 에어컨, 입주청소 완료",25.07.08,"['2년이내', '대단지', '방세개', '화장실두개']",남동향,30750126.240255143
경기도,용인시 기흥구,영덕동,광교풍경채어바니티(민간임대),매매,110동,10/26,1050000000,112.88,DOC,"입주가능매물, 거실뷰 뻥뷰, 오후내내햇살좋음. 에어컨풀",25.07.08,"['2년이내', '대단지', '화장실두개', '방세개']",남서향,30750126.240255143
경기도,용인시 기흥구,영덕동,광교풍경채어바니티(민간임대),월세,106동,고/23,"5,000/220",112.88,DOC,전망 좋은 라인. 에어컨 풀옵션. 입주협의.,25.07.14,"['2년이내', '대단지', '방세개', '화장실두개']",남향,
경기도,용인시 기흥구,영덕동,광교풍경채어바니티(민간임대),월세,109동,저/41,"3,000/210",112.88,DOC,1년이내단기 레스피아공원뷰 ,25.07.12,"['2년이내', '융자금없는', '대단지', '방세개']",남서향,
경기도,용인시 기흥구,영덕동,광교풍경채어바니티(민간임대),매매,106동,16/23,1150000000,112.88,DOC,"84C타입추천, 최고급커뮤니티, 특화조경, 식사서비스,세금부담없음",25.07.05,"['2년이내', '대단지', '방세개', '화장실두개']",남서향,33678709.69170801
경기도,용인시 기흥구,영덕동,광교풍경채어바니티(민간임대),매매,108동,35/43,1150000000,112.88,DOC,"세안고매매, 작은방 호수뷰,  고층으로 밝음",25.07.04,"['2년이내', '대단지', '화장실두개', '방세개']",남동향,33678709.69170801
경기도,용인시 기흥구,영덕동,광교풍경채어바니티(민간임대),월세,109동,8/41,"4,000/200",112.88,DOC,"풀에어컨,막힘없는 탁트인조망굿,보증금조절가,입주협의,전입x",25.07.02,"['2년이내', '대단지', '방세개', '화장실두개']",남동향,
경기도,용인시 기흥구,영덕동,광교풍경채어바니티(민간임대),매매,110동,4/26,1000000000,112.88,DOC,"영구조망,탁트인시야 일조량풍부,중문,입주협의",25.06.28,"['2년이내', '대단지', '방세개', '화장실두개']",남서향,29285834.514528707
경기도,용인시 기흥구,영덕동,광교풍경채어바니티(민간임대),매매,108동,중/43,1000000000,112.88,DOC,광교호수뷰 환상. 에어컨 풀옵션. 실거주 만족 최고.,25.07.04,"['2년이내', '대단지', '방세개', '화장실두개']",남동향,29285834.514528707
경기도,용인시 기흥구,영덕동,광교풍경채어바니티(민간임대),매매,109동,8/41,1000000000,112.88,DOC,"대출승계,탁트인막힘없는시야,일조량풍부,입주협의",25.06.27,"['2년이내', '대단지', '방세개', '화장실두개']",남동향,29285834.514528707
경기도,용인시 기흥구,영덕동,광교풍경채어바니티(민간임대),매매,107동,16/23,1000000000,112.88,DOC,,25.06.26,"['2년이내', '대단지', '방세개', '화장실두개']",남동향,29285834.514528707
경기도,용인시 기흥구,영덕동,광교풍경채어바니티(민간임대),매매,109동,저/41,1020000000,112.88,DOC, 영덕레스피아공원뷰 세안고매매 26년 9월 입주가능,25.07.02,"['2년이내', '대단지', '방세개', '화장실두개']",남서향,29871551.20481928
경기도,용인시 기흥구,영덕동,광교풍경채어바니티(민간임대),매매,106동,12/23,1050000000,112.88,DOC,"대출90승계가능, 주인거주중입주날짜협의가,초품아,최첨단커뮤니티,흥덕역개통",25.06.25,"['2년이내', '대단지', '방세개', '화장실두개']",남동향,30750126.240255143
경기도,용인시 기흥구,영덕동,광교풍경채어바니티(민간임대),매매,107동,4/23,1150000000,112.88,DOC,"대출승계O 세안고매매,초품아,수영장,사우나,조식,최첨단커뮤니티,흥덕역개통",25.06.23,"['2년이내', '대단지', '방세개', '화장실두개']",남서향,33678709.69170801
경기도,용인시 기흥구,영덕동,광교풍경채어바니티(민간임대),매매,109동,저/41,1100000000,112.88,DOC,"앞 트임,  뻥뷰,  일조권 조망권 굿,  시스템에어컨4대",25.06.24,"['2년이내', '대단지', '방세개', '화장실두개']",남서향,32214417.965981577
경기도,용인시 기흥구,영덕동,광교풍경채어바니티(민간임대),매매,108동,고/43,1080000000,112.88,DOC,"예쁜 호수공원 전망, 대출 90프로 가능",25.06.23,"['2년이내', '대단지', '방세개', '화장실두개']",남동향,31628701.275691003
경기도,용인시 기흥구,영덕동,광교풍경채어바니티(민간임대),매매,107동,고/23,1000000000,112.88,NONE,즉시입주가능,25.07.14,"['2년이내', '대단지', '방세개', '화장실두개']",남서향,29285834.514528707
경기도,용인시 기흥구,영덕동,광교호수아델리움,전세,801동,18/20,450000000,113.23,OWNER,공가 깨끗 I 금리우대계약O  착한전세 I 위치 굿 I 파노라마 뷰,25.07.21,"['15년이내', '방세개', '화장실두개', '고층']",남향,13137889.693544114
경기도,용인시 기흥구,영덕동,광교호수아델리움,전세,807동,9/13,440000000,113.23,MOBL,"남향, 확장, 부분수리, 붙박이장, 중문, 식기세척기, 인덕션, LED",25.07.18,"['15년이내', '방세개', '화장실두개', '고층']",남향,12845936.589243134
경기도,용인시 기흥구,영덕동,광교호수아델리움,매매,803동,1/20,720000000,113.23,OWNER,"수리된 깨끗한 집. 사생활 침해 없는 1층,  남향,일조량 훌륭, 조용",25.07.15,"['15년이내', '1층', '방세개', '화장실두개']",남향,21020623.50967058
경기도,용인시 기흥구,영덕동,광교호수아델리움,매매,804동,14/18,670000000,113.23,OWNER,"전망좋음, 확장 , 시스템 에어컨 1대, 교통.상권 이용편리",25.07.14,"['15년이내', '방세개', '화장실두개', '고층']",남향,19560857.98816568
경기도,용인시 기흥구,영덕동,광교호수아델리움,매매,806동,1/16,620000000,113.23,NDOC1,"화이트톤올수리,남향,내정원같은나무전망,편하게 아이키우기좋아요",25.07.12,"['15년이내', '올수리', '마당', '1층']",남향,18101092.46666078
경기도,용인시 기흥구,영덕동,광교호수아델리움,매매,805동,고/17,680000000,113.23,OWNER,"정남향, 채광굿,일조량 많고 따뚯한 집,상권.교통이용 편리",25.07.18,"['15년이내', '방세개', '화장실두개', '고층']",남향,19852811.09246666
경기도,용인시 기흥구,영덕동,광교호수아델리움,매매,806동,10/16,720000000,113.23,OWNER,"갭3억3천만원,전세승계조건, 구조좋고,입지최고.",25.07.11,"['15년이내', '방세개', '화장실두개', '중층']",남향,21020623.50967058
경기도,용인시 기흥구,영덕동,광교호수아델리움,매매,802동,저/19,670000000,113.23,OWNER,로얄동  상태굿  조용  시원한집,25.07.17,"['15년이내', '방세개', '화장실두개', '세대당1대']",남향,19560857.98816568
경기도,용인시 기흥구,영덕동,광교호수아델리움,매매,801동,고/20,850000000,113.23,MOBL,"남향, 확장, 개방감있는 양면뷰의 밝은집, 공원 상가 이마트 체육관 인접",25.07.14,"['15년이내', '방세개', '화장실두개', '고층']",남향,24816013.865583327
경기도,용인시 기흥구,영덕동,광교호수아델리움,매매,804동,저/18,690000000,113.23,OWNER,"리모델링, 주인 거주 깨끗, 입주하시, 트인 뷰, 상가, 학교 이용 편리",25.07.15,"['15년이내', '방세개', '화장실두개', '세대당1대']",남향,20144764.19676764
경기도,용인시 기흥구,영덕동,광교호수아델리움,매매,805동,중/17,680000000,113.23,OWNER,"건설사 확장, 개방감 굿,  정남향, 빠른입주도 가능, 깨끗, 입구동",25.07.15,"['15년이내', '방세개', '화장실두개', '중층']",남향,19852811.09246666
경기도,용인시 기흥구,영덕동,광교호수아델리움,매매,804동,중/18,730000000,113.23,OWNER,"올인테리어 된 예쁜 집, 정남향, 초중교 2분내,중심상권 도보5분내",25.07.15,"['15년이내', '방세개', '화장실두개', '중층']",남향,21312576.61397156
경기도,용인시 기흥구,영덕동,광교호수아델리움,매매,802동,중/19,690000000,113.23,OWNER,"정남향으로 채광굿, 확장, 개방감 좋은구조, 초중학교 공원 상권 인접",25.07.15,"['15년이내', '방세개', '화장실두개', '중층']",남향,20144764.19676764
경기도,용인시 기흥구,영덕동,광교호수아델리움,매매,801동,17/20,720000000,113.23,MOBL,"확트인 도심과 공원의 스카이라운지 양면뷰, 남향, 밝고 따뜻한집",25.06.30,"['15년이내', '방세개', '화장실두개', '고층']",남향,21020623.50967058
경기도,용인시 기흥구,영덕동,광교호수아델리움,매매,805동,저/17,720000000,113.23,MOBL,"시스템에어컨, 화장실 수리, LED등 교체, 주인세대, 입주일협의가능",25.07.04,"['15년이내', '욕실수리', '방세개', '화장실두개']",남향,21020623.50967058
경기도,용인시 기흥구,영덕동,광교호수아델리움,전세,807동,7/13,450000000,113.23,DOC,"에어컨5대,중문등 완전 깨끗하게 관리잘된 집.9월말이후 협의 가능합니다.",25.07.07,"['15년이내', '방세개', '화장실두개', '중층']",남향,13137889.693544114
경기도,용인시 기흥구,영덕동,광교호수아델리움,매매,801동,저/20,750000000,113.23,OWNER,"정남향, 조망권훌륭, 일조량 좋은 개방감 좋은 집, 입주일 협의",25.07.01,"['15년이내', '방세개', '화장실두개', '세대당1대']",남향,21896482.82257352
경기도,용인시 기흥구,영덕동,광교호수아델리움,매매,803동,중/20,750000000,113.23,OWNER,"인테리어, 밝은집,입주가능, 2.5억 갭투 가능, 이마트,체육센터도보5분",25.07.01,"['15년이내', '방세개', '화장실두개', '중층']",남향,21896482.82257352
경기도,용인시 기흥구,영덕동,광교호수아델리움,매매,802동,고/19,660000000,113.23,OWNER,"남향,  일조량 풍부, 조용하고 밝은 집,  개방감 좋은 선호 타워형",25.07.01,"['15년이내', '방세개', '화장실두개', '고층']",남향,19268904.8838647
경기도,용인시 기흥구,영덕동,광교호수아델리움,매매,804동,중/18,700000000,113.23,OWNER,"정남향, 트인뷰, 입구동, 확장된 개방감 좋은 구조, 입주협의",25.07.01,"['15년이내', '방세개', '화장실두개', '중층']",남향,20436717.301068623
경기도,용인시 기흥구,영덕동,광교호수아델리움,매매,803동,저/20,680000000,112.45,OWNER,"4베이 판상형구조, 주인세대로 입주일 협의가능, 입구동으로 이동성 좋음",25.07.21,"['15년이내', '방세개', '화장실두개', '세대당1대']",남동향,19990518.452645622
경기도,용인시 기흥구,영덕동,광교호수아델리움,매매,802동,고/19,700000000,112.45,OWNER,"화이트톤, 판상 확장형, 세안고, 투자 굿.  조용하고 해잘드는 집",25.07.17,"['15년이내', '방세개', '화장실두개', '고층']",남향,20578474.877723433
경기도,용인시 기흥구,영덕동,광교호수아델리움,매매,805동,저/17,670000000,112.45,OWNER,"예쁜 정원뷰, 세안고, 판상형, 해잘들고 학교, 공원,상권 이용 편리",25.07.15,"['15년이내', '방세개', '화장실두개', '세대당1대']",남향,19696540.240106713
경기도,용인시 기흥구,영덕동,광교호수아델리움,매매,802동,중/19,750000000,112.45,OWNER,"리모델링, 화이트 깨끗, 개방감 좋은 선호타입, 입주일 협의",25.07.08,"['15년이내', '방세개', '화장실두개', '중층']",남향,22048365.940417964
경기도,용인시 기흥구,영덕동,광교호수아델리움,매매,803동,저/20,640000000,112.45,OWNER,"판상형 선호타입,  입구동, 흥덕상권 가까움,세안고 매매",25.07.08,"['15년이내', '방세개', '화장실두개', '세대당1대']",남향,18814605.602489997
경기도,용인시 기흥구,영덕동,광교호수아델리움,매매,806동,중/16,740000000,112.45,MOBL,"4베이판상형구조, 전체시스템에어컨, 리모델링된집, 주인세대, 입주일협의가",25.07.03,"['15년이내', '방세개', '화장실두개', '중층']",남서향,21754387.72787906
경기도,용인시 기흥구,영덕동,광교호수아델리움,매매,806동,1/16,700000000,112.45,OWNER,"최근년도 인테리어, 선호타입, 4bay 판상형, 푸른 정원조망",25.06.26,"['15년이내', '마당', '1층', '방세개']",남향,20578474.877723433
경기도,용인시 기흥구,영덕동,광교호수아델리움,매매,803동,고/20,770000000,112.45,OWNER,"시에5대, 붙박이장, 확장,  깨끗, 뷰 일조량 훌륭, 입구동",25.07.01,"['15년이내', '방세개', '화장실두개', '고층']",남향,22636322.36549578
경기도,용인시 기흥구,영덕동,광교호수아델리움,매매,801동,고/20,830000000,112.45,OWNER,방별시스템에어컨 올인테리어 로얄동 로얄라인 탁트인조망권,25.06.28,"['15년이내', '방세개', '화장실두개', '고층']",남서향,24400191.640729215
경기도,용인시 기흥구,영덕동,광교호수아델리움,매매,804동,중/18,750000000,112.45,OWNER,인테리어되어 예쁜집  거실 주방넓고 주인거주중 입주맞춰드려요,25.06.28,"['15년이내', '방세개', '화장실두개', '중층']",남서향,22048365.940417964
경기도,용인시 기흥구,영덕동,광교호수아델리움,매매,804동,중/18,750000000,112.45,OWNER,"인기동 선호타입,판상형,시스템에어컨,집상태좋음",25.06.24,"['15년이내', '방세개', '화장실두개', '중층']",남동향,22048365.940417964
경기도,용인시 기흥구,영덕동,광교호수아델리움,매매,802동,고/19,720000000,112.45,OWNER,"로얄동, 고층,  입주일 협의, 4bay, 조용, 깨끗",25.06.24,"['15년이내', '방세개', '화장실두개', '고층']",남향,21166431.302801248
경기도,용인시 기흥구,영덕동,광교호수아델리움,매매,804동,고/18,730000000,112.45,OWNER,"추천. 특올수리, 시에4대, 붙박이장, 구조 훌륭, 입주일 협의",25.06.24,"['15년이내', '올수리', '방세개', '화장실두개']",남향,21460409.515340153
경기도,용인시 기흥구,영덕동,기흥푸르지오포레피스,매매,103동,고/28,720000000,110.74,NDOC1,"시스템에어컨 4대, 중문, 새집컨디션",25.07.16,"['4년이내', '화장실두개', '방세개', '고층']",남동향,21493274.33628319
경기도,용인시 기흥구,영덕동,기흥푸르지오포레피스,매매,103동,고/28,740000000,110.74,OWNER,시스템에어컨5대.귀한C타입.탁트인전망좋은집,25.06.24,"['4년이내', '방세개', '화장실두개', '고층']",남서향,22090309.734513275
경기도,용인시 기흥구,영덕동,기흥푸르지오포레피스,매매,102동,8/31,670000000,110.11,OWNER,"적극추천,탁트인전망굿,시스템에어컨5,중문,냉장고,스타일러,거실타일,",25.07.19,"['4년이내', '방세개', '화장실두개', '세대당1대']",남서향,20115120.788302608
경기도,용인시 기흥구,영덕동,기흥푸르지오포레피스,매매,103동,1/28,700000000,110.11,NDOC1,"입주협의,귀한필로티,층간소음해방,시스템5,중문등 옵션굿",25.07.17,"['4년이내', '1층', '방세개', '화장실두개']",남서향,21015797.838525113
경기도,용인시 기흥구,영덕동,기흥푸르지오포레피스,매매,103동,고/28,770000000,110.11,OWNER,탁트인 시원한뷰 시스템에어컨5대 식세기 줄눈 탄성  가스레인지부착,25.07.15,"['4년이내', '방세개', '화장실두개', '고층']",남서향,23117377.622377623
경기도,용인시 기흥구,영덕동,기흥푸르지오포레피스,매매,103동,20/28,730000000,110.11,NDOC1,"조망권 좋은집, 빠른입주가능,인덕션,식세기,중문등 집상대 굿",25.07.08,"['4년이내', '방세개', '화장실두개', '고층']",남서향,21916474.888747618
경기도,용인시 기흥구,영덕동,기흥푸르지오포레피스,월세,103동,중/28,2억/150,110.11,OWNER,시원한 뷰 시템에어컨5대 실링팬 오븐 가스레인지 장착거실마루 중문 식세기,25.07.15,"['4년이내', '방세개', '화장실두개', '중층']",남서향,
경기도,용인시 기흥구,영덕동,기흥푸르지오포레피스,매매,102동,고/31,750000000,110.11,NDOC1,"입주협의 탁트인 숲전망굿,중문,동선등진출입편리,",25.07.03,"['4년이내', '방세개', '화장실두개', '고층']",남서향,22516926.25556262
경기도,용인시 기흥구,영덕동,기흥푸르지오포레피스,월세,103동,저/28,"1억 5,000/170",110,OWNER,시스템에어컨풀 귀한 알파룸 음식뭁처리기  식세기 인덕션 간접조명 입주일협,25.07.18,"['4년이내', '방세개', '화장실두개', '세대당1대']",남동향,
경기도,용인시 기흥구,영덕동,기흥푸르지오포레피스,매매,103동,저/28,700000000,110,OWNER,산책로 산뷰  시스템에어컨3대 식세기 중문 인덕션  귀한알파룸 입주일협의,25.07.02,"['4년이내', '방세개', '화장실두개', '세대당1대']",남동향,21036813.636363637
경기도,용인시 기흥구,영덕동,기흥푸르지오포레피스,매매,102동,중/31,750000000,110,OWNER,시스템에어컨5  해잘들고 반짝반짝  중문 식세기 오븐 붙박이장,25.06.26,"['4년이내', '방세개', '화장실두개', '중층']",남서향,22539443.181818184
경기도,용인시 기흥구,영덕동,기흥푸르지오포레피스,매매,104동,16/27,630000000,98.39,OWNER,시스템에어컨4대 확트인 전망과 산뷰 알파룸 작은방 붙박이장 설치,25.07.19,"['4년이내', '방세개', '화장실두개', '중층']",남동향,21167238.032320358
경기도,용인시 기흥구,영덕동,기흥푸르지오포레피스,매매,104동,중/27,650000000,98.39,OWNER,전망굿 시스템에어컨4대  알파룸 팬트리로이용가  귀한타입 입주일협의가  ,25.07.19,"['4년이내', '방세개', '화장실두개', '중층']",남서향,21839213.84287021
경기도,용인시 기흥구,영덕동,기흥푸르지오포레피스,매매,104동,중/27,650000000,98.39,OWNER,시스템에어컨4대 바닥포세린타일 식세기 오븐설치인덕션 중문 탄성 입주일협의,25.07.16,"['4년이내', '방세개', '화장실두개', '중층']",남서향,21839213.84287021
경기도,용인시 기흥구,영덕동,기흥푸르지오포레피스,매매,104동,10/27,630000000,98.39,NDOC1,"최상의컨디션,시스템에어컨4,식세기,인덕션,풀옵션",25.07.09,"['4년이내', '화장실두개', '방세개', '중층']",남향,21167238.032320358
경기도,용인시 기흥구,영덕동,기흥푸르지오포레피스,전세,104동,중/27,460000000,98.39,OWNER,,25.07.11,"['4년이내', '방세개', '화장실두개', '중층']",남서향,15455443.642646613
경기도,용인시 기흥구,영덕동,기흥푸르지오포레피스,매매,104동,저/27,640000000,98.39,OWNER,시스템에어컨2  스타일러 식세기 드레스룸제습기능  바닥타일  가스쿡탑장착,25.07.08,"['4년이내', '방세개', '화장실두개', '세대당1대']",남동향,21503225.937595285
경기도,용인시 기흥구,영덕동,기흥푸르지오포레피스,매매,104동,저/27,650000000,98.39,OWNER,시스템4.식세기.인덕션.엔지니어스톤.방충망.줄눈,25.07.04,"['4년이내', '방세개', '화장실두개', '세대당1대']",남서향,21839213.84287021
경기도,용인시 기흥구,영덕동,기흥푸르지오포레피스,매매,101동,6/30,650000000,97.51,OWNER,2년된신축 중문 시스템에어컨4대,25.07.19,"['4년이내', '방세개', '화장실두개', '세대당1대']",남향,22036306.53266332
경기도,용인시 기흥구,영덕동,기흥푸르지오포레피스,매매,102동,22/31,630000000,97.51,OWNER,"추천,풀옵션 탁트인전망,주인거주,시에4,식세기,제습기,한번 보면 반할집",25.07.18,"['4년이내', '방세개', '화장실두개', '고층']",남동향,21358266.33165829
경기도,용인시 기흥구,영덕동,기흥푸르지오포레피스,월세,101동,중/30,"5,000/160",97.51,OWNER,시스템에어컨4대 식세기 오븐 입구동 도서관 커뮤니티시설  버스정류장 편리,25.07.19,"['4년이내', '방세개', '화장실두개', '중층']",남서향,
경기도,용인시 기흥구,영덕동,기흥푸르지오포레피스,매매,101동,고/30,650000000,97.51,DOCV2,입구동  로얄층  앞트인조망  중문  줄눈  입주협의,25.07.04,"['4년이내', '방세개', '화장실두개', '고층']",남향,22036306.53266332
경기도,용인시 기흥구,영덕동,기흥푸르지오포레피스,월세,101동,고/30,1억/150,97.51,DOCV2,해잘드는 남향  융무  중문설치  탄성코트 ,25.07.04,"['4년이내', '융자금없는', '방세개', '화장실두개']",남서향,
경기도,용인시 기흥구,영덕동,기흥푸르지오포레피스,매매,101동,21/30,620000000,97.23,OWNER,7월말입주 짧은세안고 여유있는 입주,25.07.19,"['4년이내', '방세개', '화장실두개', '고층']",남서향,21079776.817854572
경기도,용인시 기흥구,영덕동,기흥푸르지오포레피스,매매,101동,23/30,700000000,97.23,OWNER,,25.07.17,"['4년이내', '방세개', '화장실두개', '고층']",남동향,23799748.020158388
경기도,용인시 기흥구,영덕동,기흥푸르지오포레피스,매매,101동,16/30,700000000,97.23,OWNER,"시스템에어컨4대,냉장고,중문,인덕션,식세기화이트톤의풀옵션,한번보면반할집",25.07.17,"['4년이내', '방세개', '화장실두개', '중층']",남서향,23799748.020158388
경기도,용인시 기흥구,영덕동,기흥푸르지오포레피스,매매,101동,고/30,620000000,97.23,NDOC1,"탁트인전망굿,시스템에어컨4,거실타일,주방엔지니어스톤,집관리굿",25.07.19,"['4년이내', '방세개', '화장실두개', '고층']",남서향,21079776.817854572
경기도,용인시 기흥구,영덕동,기흥푸르지오포레피스,매매,104동,고/27,650000000,97.23,OWNER,입주협의.포쉐린타일.채광좋은집.시원한고층뷰,25.07.19,"['4년이내', '방세개', '화장실두개', '고층']",남서향,22099766.018718503
경기도,용인시 기흥구,영덕동,기흥푸르지오포레피스,매매,102동,중/31,650000000,97.23,OWNER,2in1에어컨 뷰좋은 깨끗한집,25.07.18,"['4년이내', '방세개', '화장실두개', '중층']",남동향,22099766.018718503
경기도,용인시 기흥구,영덕동,기흥푸르지오포레피스,전세,101동,중/30,460000000,97.23,NDOC1,"환상적인숲조망굿,시스템에어컨4,주방엔지니어스톤,집아주깨끗",25.07.16,"['4년이내', '방세개', '화장실두개', '중층']",남동향,15639834.41324694
경기도,용인시 기흥구,영덕동,기흥푸르지오포레피스,매매,101동,고/30,610000000,97.23,OWNER,"추천, 즉시입주가능, 시스템에어컨4,식세기 최상의 컨디션",25.07.15,"['4년이내', '방세개', '화장실두개', '고층']",남동향,20739780.417566594
경기도,용인시 기흥구,영덕동,기흥푸르지오포레피스,월세,101동,고/30,"6,000/160",97.23,OWNER,시스템에어컨4대 식세기 인덕션음식물처리기  미세안전방충망 간접등 거실타일,25.07.15,"['4년이내', '방세개', '화장실두개', '고층']",남서향,
경기도,용인시 기흥구,영덕동,기흥푸르지오포레피스,월세,102동,고/31,1억/150,97.23,NDOC1,"적극추천,탁트인환상적인전망굿,기본의최상의컨디션,",25.07.12,"['4년이내', '방세개', '화장실두개', '고층']",동향,
경기도,용인시 기흥구,영덕동,기흥푸르지오포레피스,매매,104동,고/27,640000000,97.23,OWNER, 시스템에어컨4대 탄성 줄눈 간접등 주방 엔지니어드스톤 냉장고2확보,25.07.08,"['4년이내', '방세개', '화장실두개', '고층']",남서향,21759769.618430525
경기도,용인시 기흥구,영덕동,기흥푸르지오포레피스,매매,102동,저/31,605000000,97.23,OWNER,정원같은 숲뷰.시스템에어컨4대.주방특화.안전방충망등 관리최상,25.07.05,"['4년이내', '마당', '방세개', '화장실두개']",남동향,20569782.21742261
경기도,용인시 기흥구,영덕동,기흥푸르지오포레피스,매매,104동,중/27,650000000,97.23,OWNER,시원한전망 시스템에어컨 풀장착 식세기 오븐 거실타일 주방엔지니어드스톤 줄,25.07.02,"['4년이내', '방세개', '화장실두개', '중층']",남서향,22099766.018718503
경기도,용인시 기흥구,영덕동,기흥푸르지오포레피스,매매,104동,고/27,650000000,97.23,NDOC1,"입주협의,탁트인전망굿,시스템4,식세기등,집아주깨끗",25.07.01,"['4년이내', '방세개', '화장실두개', '고층']",남동향,22099766.018718503
경기도,용인시 기흥구,영덕동,기흥푸르지오포레피스,매매,102동,중/31,620000000,97.23,OWNER,투윈에어컨 중문 탄성 줄눈시공 어린이집 돌봄센타잘 갖쳐진 수원ic바로단지,25.06.24,"['4년이내', '방세개', '화장실두개', '중층']",남동향,21079776.817854572
경기도,용인시 기흥구,영덕동,기흥푸르지오포레피스,매매,106동,16/29,570000000,78.69,OWNER,시스템에어컨4대  초록하늘거실뷰  중문  오븐 식세기  조명 ,25.07.21,"['4년이내', '방세개', '화장실두개', '중층']",남동향,23945831.1094167
경기도,용인시 기흥구,영덕동,기흥푸르지오포레피스,매매,106동,24/29,570000000,78.69,OWNER,,25.07.19,"['4년이내', '방세개', '화장실두개', '고층']",남서향,23945831.1094167
경기도,용인시 기흥구,영덕동,기흥푸르지오포레피스,매매,106동,3/29,580000000,78.69,OWNER,시스템에어컨4대 중문 천장조명 인덕션  오늘의집에 소개된 예쁜집,25.07.19,"['4년이내', '방세개', '화장실두개', '세대당1대']",남서향,24365933.409581907
경기도,용인시 기흥구,영덕동,기흥푸르지오포레피스,월세,106동,25/29,1억/150,78.69,OWNER,빠른입주가능 시스템에어컨2대 식세기 탄성 줄눈 영덕도서관 광역버스정류장,25.07.18,"['4년이내', '방세개', '화장실두개', '고층']",남서향,
경기도,용인시 기흥구,영덕동,기흥푸르지오포레피스,매매,106동,7/29,560000000,78.69,OWNER,,25.07.15,"['4년이내', '방세개', '화장실두개', '세대당1대']",남서향,23525728.809251495
경기도,용인시 기흥구,영덕동,기흥푸르지오포레피스,매매,105동,저/30,570000000,78.69,OWNER,급추천.시스템에어컨4대.중문.간접조명등 관리최상,25.07.19,"['4년이내', '방세개', '화장실두개', '세대당1대']",남동향,23945831.1094167
경기도,용인시 기흥구,영덕동,기흥푸르지오포레피스,월세,106동,중/29,"3,000/150",78.69,NDOC1,"입주협의,탁트인전망굿,시스템에어컨4,작은방붙박이,중문,집아주깨끗",25.07.19,"['4년이내', '방세개', '화장실두개', '중층']",남동향,
경기도,용인시 기흥구,영덕동,기흥푸르지오포레피스,매매,106동,중/29,565000000,78.69,OWNER,"시스템에어컨4대,중문,작은방 붙박이,줄눈,주방엔지리어닝스톤",25.07.15,"['4년이내', '방세개', '화장실두개', '중층']",남서향,23735779.959334098
경기도,용인시 기흥구,영덕동,기흥푸르지오포레피스,매매,105동,고/30,580000000,78.69,OWNER,시스템에어컨2대 간접등새로 작은방드레스룸설치 아트홀새로 엔지니어드스톤,25.07.05,"['4년이내', '방세개', '화장실두개', '고층']",남서향,24365933.409581907
경기도,용인시 기흥구,영덕동,기흥푸르지오포레피스,매매,106동,3/29,580000000,78.69,NONE,시스템에어컨4대  거실타일시공  엔지니어드스톤 중문 ,25.07.05,"['4년이내', '방세개', '화장실두개', '세대당1대']",남서향,24365933.409581907
경기도,용인시 기흥구,영덕동,기흥푸르지오포레피스,매매,105동,중/30,550000000,78.61,OWNER,신축저렴.세안고갭투자추천.시스템4대등풀옵션,25.07.19,"['4년이내', '방세개', '화장실두개', '중층']",남서향,23129140.69456812
경기도,용인시 기흥구,영덕동,기흥푸르지오포레피스,매매,105동,중/30,580000000,78.61,DOC,"탁트인전망굿, 시스템에어컨4,옵션굿,관리굿",25.06.28,"['4년이내', '방세개', '화장실두개', '중층']",남서향,24390730.186999112
경기도,용인시 기흥구,영덕동,더헤이븐(도시형),매매,107동,2/4,290000000,82.43,MOBL,"시스템에어컨2 방3 화2 2년된신축으로 아주 깨끗하고 좋아요, 입주일협의",25.07.10,"['10년이내', '방세개', '화장실두개', '중층']",남향,11630203.202717457
경기도,용인시 기흥구,영덕동,더헤이븐(도시형),매매,103동,고/4,260000000,61.85,MOBL,"총10동 116세대,방3화2,정상입주,중문,수원신갈ic인접,강남30분",25.07.19,"['10년이내', '소형평수', '방세개', '화장실두개']",서향,13896590.137429265
경기도,용인시 기흥구,영덕동,더헤이븐(도시형),매매,103동,1/4,260000000,61.85,MOBL,"단지형 다세대 시스템에어컨2,화장실2 층간소음걱정없는 아주 깨끗한 집",25.07.04,"['10년이내', '1층', '소형평수', '방세개']",서향,13896590.137429265
경기도,용인시 기흥구,영덕동,더헤이븐(도시형),매매,106동,4/4,280000000,61.79,NDOC1,"세안고,시스템2,방3,화2,남향,준신축급으로 집아주깨끗",25.07.16,"['10년이내', '소형평수', '탑층', '방두개']",남향,14980090.629551709
경기도,용인시 기흥구,영덕동,더헤이븐(도시형),매매,109동,2/4,280000000,61.79,OWNER,"정상입주,준신축,가격조정가능,시스템에어컨 2,방3, 화2",25.07.15,"['10년이내', '소형평수', '방세개', '화장실두개']",남향,14980090.629551709
경기도,용인시 기흥구,영덕동,더헤이븐(도시형),매매,108동,고/4,280000000,61.79,DOC,시스템2 청명산조망권굿 단지형다세대 집상태아주깨끗 이사일협의가능,25.07.18,"['10년이내', '소형평수', '방세개', '화장실두개']",남향,14980090.629551709
경기도,용인시 기흥구,영덕동,더헤이븐(도시형),매매,105동,3/4,250000000,61.61,NDOC1,"입주협의,탁트인전망굿,시스템에어컨2,집아주깨끗,",25.07.16,"['10년이내', '소형평수', '방두개', '화장실한개']",남향,13414157.604285019
경기도,용인시 기흥구,영덕동,더헤이븐(도시형),매매,105동,4/4,260000000,61.61,OWNER,"준신축, 시스템에어컨2,방3,화2, 주인거주로 관리 잘 된 집",25.07.08,"['10년이내', '소형평수', '탑층', '방세개']",남향,13950723.90845642
경기도,용인시 기흥구,영덕동,더헤이븐(도시형),매매,110동,1/4,205000000,41.37,OWNER,월세안고테라스있는1층 남향으로 일조량좋으며 현공실 혼자살기좋은내집마련,25.07.15,"['10년이내', '테라스', '1층', '소형평수']",남향,16381095.600676822
경기도,용인시 기흥구,영덕동,더헤이븐(도시형),매매,106동,4/4,180000000,41.37,OWNER,준신축급 남향 시스템에어컨 빠른입주가,25.07.12,"['10년이내', '소형평수', '탑층', '방두개']",남향,14383401.01522843
경기도,용인시 기흥구,영덕동,더헤이븐(도시형),매매,106동,2/4,185000000,41.37,DOC,"입주빠를수록굿, 남향, 시스템에어컨1,방2,화장실1,신축5년차강남역30분",25.07.15,"['10년이내', '소형평수', '방두개', '화장실한개']",남향,14782939.932318106
경기도,용인시 기흥구,영덕동,더헤이븐(도시형),매매,109동,1/4,210000000,41.37,NDOC1,테라스있는 1층 남향. 전세1억9천 갭투자 안고 매매가능해요,25.06.28,"['10년이내', '테라스', '1층', '소형평수']",남향,16780634.517766498
경기도,용인시 기흥구,영덕동,더헤이븐(도시형),매매,103동,3/4,189000000,41.37,DOC,IC인접 단지형 고급빌라 시스템1 즉시입주가능한집,25.06.26,"['10년이내', '소형평수', '방두개', '화장실한개']",서향,15102571.065989852
경기도,용인시 기흥구,영덕동,두진,매매,102동,13/20,360000000,108.04,OWNER,탁트인거실뷰 방1확장 보일러 및 씽크대교체 주인거주 깨끗,25.07.21,"['25년이상', '방세개', '화장실두개', '중층']",남향,11015203.62828582
경기도,용인시 기흥구,영덕동,두진,매매,102동,17/20,330000000,108.04,OWNER,"급매,빠른입주가능,기본집으로 관리잘됨",25.07.19,"['25년이상', '급매', '방세개', '화장실두개']",서향,10097269.992595334
경기도,용인시 기흥구,영덕동,두진,매매,102동,1/20,320000000,108.04,OWNER,1층 층간소음걱정끝 시세보다저렴  내집마련 교육교통 생활편리 숲세권,25.07.19,"['25년이상', '1층', '방세개', '화장실두개']",서향,9791292.11403184
경기도,용인시 기흥구,영덕동,두진,매매,101동,19/20,380000000,108.04,OWNER,"짧은 세안고 매매,샤시교체,  일부 수리된 남향 집, 수원신갈ic인접",25.07.19,"['25년이상', '방세개', '화장실두개', '고층']",남향,11627159.38541281
경기도,용인시 기흥구,영덕동,두진,매매,101동,5/20,360000000,108.04,OWNER,뷰좋은 정남향집 라인굿월세안고 거실확장 씽크대교체 수원ic바로단지 ,25.07.15,"['25년이상', '방세개', '화장실두개', '주차가능']",남향,11015203.62828582
경기도,용인시 기흥구,영덕동,두진,매매,102동,20/20,360000000,108.04,OWNER,뷰가 좋은 남향집 거실확장 방1확장 집상태깨끗,25.07.14,"['25년이상', '탑층', '방세개', '화장실두개']",남향,11015203.62828582
경기도,용인시 기흥구,영덕동,두진,매매,103동,중/20,360000000,108.04,OWNER,남향 샷시교체 올수리 방1확장 깨끗하게 관리잘됨  신갈IC초입 편리,25.07.19,"['25년이상', '올수리', '방세개', '화장실두개']",남향,11015203.62828582
경기도,용인시 기흥구,영덕동,두진,매매,102동,고/20,350000000,108.04,OWNER,올수리됨전세26년3월입주 가능한 깨끗한 투자매물 입니다.,25.07.19,"['25년이상', '올수리', '방세개', '화장실두개']",서향,10709225.749722324
경기도,용인시 기흥구,영덕동,두진,월세,102동,3/20,"5,000/100",108.04,NDOC1,"빠른입주가능, 방1확장, 중문교체등 일부수리되어 집상태 좋아요",25.07.12,"['25년이상', '방세개', '화장실두개', '저층']",서향,
경기도,용인시 기흥구,영덕동,두진,전세,102동,3/20,300000000,108.04,NDOC1,"즉시입주가능,방1확장, 중문등 일부 수리 되어 집상태 좋아요",25.07.12,"['25년이상', '방세개', '화장실두개', '주차가능']",서향,9179336.35690485
경기도,용인시 기흥구,영덕동,두진,매매,102동,고/20,380000000,108.04,OWNER,샤시제외올수리한집 깨끗하고 좋아요 월세안고진행,25.07.18,"['25년이상', '올수리', '방세개', '화장실두개']",서향,11627159.38541281
경기도,용인시 기흥구,영덕동,두진,매매,102동,중/20,360000000,108.04,OWNER,씽크대 화장실 수리함 집깨끗 내집마련의기회 수원ic바로단지,25.07.18,"['25년이상', '욕실수리', '방세개', '화장실두개']",서향,11015203.62828582
경기도,용인시 기흥구,영덕동,두진,매매,102동,중/20,360000000,108.04,OWNER,강추 수리없이 바로 입주 가능  씽크대 화장실 등 올수리 하여 깨끗,25.07.16,"['25년이상', '올수리', '방세개', '화장실두개']",서향,11015203.62828582
경기도,용인시 기흥구,영덕동,두진,매매,102동,저/20,360000000,108.04,OWNER,언제든지 입주가 방1확장 욕실교체 집상태깔끔 단지뷰,25.07.16,"['25년이상', '방세개', '화장실두개', '주차가능']",서향,11015203.62828582
경기도,용인시 기흥구,영덕동,두진,전세,103동,7/20,300000000,108.04,OWNER,"입주일협의가능, 방1확장, 수원신갈IC인접,광역버스정류장 단지앞",25.07.09,"['25년이상', '방세개', '화장실두개', '중층']",남향,9179336.35690485
경기도,용인시 기흥구,영덕동,두진,매매,102동,저/20,380000000,108.04,OWNER,거실 및 방1확장 집상태 깔끔  단지뷰,25.07.15,"['25년이상', '방세개', '화장실두개', '저층']",서향,11627159.38541281
경기도,용인시 기흥구,영덕동,두진,매매,102동,중/20,360000000,108.04,NDOC1,공가샷시교체올수리거실폴더도어남향으로 전망최고,25.07.15,"['25년이상', '올수리', '방세개', '화장실두개']",남향,11015203.62828582
경기도,용인시 기흥구,영덕동,두진,매매,103동,중/20,370000000,108.04,OWNER,"남향,방1확장및 최근 올수리되어 집상태 최상입니다., 이사협의가능",25.07.12,"['25년이상', '올수리', '방세개', '화장실두개']",남향,11321181.506849315
경기도,용인시 기흥구,영덕동,두진,월세,102동,저/20,"5,000/100",108.04,OWNER,샷시교체 화장실교체 씽크대교체 도배시공 빠른입주가능 수원ic바로단지 ,25.07.10,"['25년이상', '방세개', '화장실두개', '주차가능']",남향,
경기도,용인시 기흥구,영덕동,두진,매매,102동,중/20,360000000,108.04,OWNER,전세안고 집상태굿 거실 및 방1확장  전체샷시교체,25.07.10,"['25년이상', '방세개', '화장실두개', '중층']",서향,11015203.62828582
경기도,용인시 기흥구,영덕동,두진,매매,103동,5/20,397000000,108.04,OWNER,JJ남향 방1개확장 올수리되어 깨끗하게 관리잘됨 사통팔달 교통좋음,25.07.01,"['25년이상', '올수리', '방한개', '화장실두개']",남향,12147321.778970752
경기도,용인시 기흥구,영덕동,두진,매매,103동,중/20,380000000,108.04,DOC,씽크대 욕실 신발장 교체 집상태굿,25.07.16,"['25년이상', '방세개', '화장실두개', '중층']",남향,11627159.38541281
경기도,용인시 기흥구,영덕동,두진,매매,101동,저/20,350000000,108.04,DOC,앞샷시교체 방1확장 정남향집 일조량좋음 수리한집,25.07.15,"['25년이상', '방세개', '화장실두개', '주차가능']",남향,10709225.749722324
경기도,용인시 기흥구,영덕동,두진,매매,102동,1/20,330000000,108.04,OWNER,1층이라 층간소음 걱정없어요 집상태굿,25.06.28,"['25년이상', '1층', '방세개', '화장실두개']",서향,10097269.992595334
경기도,용인시 기흥구,영덕동,두진,매매,102동,고/20,350000000,108.04,DOC,"방1확장, 중문교체,싱크대교체등 수리해서 집상태 깔끔하고 좋아요,",25.07.10,"['25년이상', '주방교체', '방세개', '화장실두개']",서향,10709225.749722324
경기도,용인시 기흥구,영덕동,두진,전세,102동,16/20,330000000,108.04,DOC,"특수리, 빠른입주가능, 광역버스고속도로이용편리,신혼부부추천",25.07.03,"['25년이상', '융자금없는', '방세개', '화장실두개']",서향,10097269.992595334
경기도,용인시 기흥구,영덕동,두진,매매,101동,20/20,350000000,108.04,DOC,고층 뷰 거실확장 방1확장 일부수리 ,25.07.01,"['25년이상', '탑층', '방세개', '화장실두개']",남향,10709225.749722324
경기도,용인시 기흥구,영덕동,두진,월세,102동,3/20,"5,000/100",108.04,NONE,방 1개 확장 중문 화장실 싱크대수리깨끗함,25.07.10,"['25년이상', '방한개', '화장실두개', '관리비20만원이하']",서향,
경기도,용인시 기흥구,영덕동,두진,전세,102동,3/20,300000000,108.04,NONE,즉시 입주 깨끗하게 관리됨 방1확장되어 넓게사용 중문,25.07.10,"['25년이상', '방세개', '화장실두개', '관리비20만원이하']",서향,9179336.35690485
경기도,용인시 기흥구,영덕동,두진,매매,104동,9/20,310000000,80.31,NDOC1,"정남향, 올수리, 갭투자, 수원ic입구",25.07.21,"['25년이상', '올수리', '방세개', '화장실한개']",남향,12760470.053542523
경기도,용인시 기흥구,영덕동,두진,매매,103동,4/20,300000000,80.31,OWNER,"급매 집장만기회 거실 확장, 방1개 확장되어 넓게 사용가능,화장실 수리",25.07.19,"['25년이상', '욕실수리', '급매', '방한개']",서향,12348841.987299217
경기도,용인시 기흥구,영덕동,두진,매매,104동,5/20,310000000,80.31,OWNER,샷시제외 최근올수리 트인뷰 언제든지 입주가능,25.07.14,"['25년이상', '올수리', '방세개', '화장실한개']",서향,12760470.053542523
경기도,용인시 기흥구,영덕동,두진,월세,104동,중/20,"2,000/110",80.31,NDOC1,"올리모델링,수리, 좋은기운 남향집",25.07.21,"['25년이상', '방세개', '화장실한개', '중층']",남향,
경기도,용인시 기흥구,영덕동,두진,매매,104동,고/20,350000000,80.31,OWNER,남향 거실확장 방1확장 라인굿,25.07.16,"['25년이상', '방세개', '화장실한개', '고층']",남향,14406982.318515753
경기도,용인시 기흥구,영덕동,두진,전세,103동,17/20,250000000,80.31,OWNER,"올수리, 고층뷰, 신혼부부 강추, 광역버스정류장 및 수원신갈IC인접",25.07.09,"['25년이상', '융자금없는', '올수리', '방세개']",서향,10290701.65608268
경기도,용인시 기흥구,영덕동,두진,월세,103동,저/20,"2,000/100",80.31,OWNER,남향 방1확장 씽크대 욕실교체 LED조명 집상태깔끔 입주일협의가능,25.07.14,"['25년이상', '융자금없는', '방세개', '화장실한개']",남향,
경기도,용인시 기흥구,영덕동,두진,매매,103동,7/20,295000000,80.31,DOC,시원하게 트인 뷰 올수리된집 집상태깔끔,25.07.16,"['25년이상', '올수리', '방세개', '화장실한개']",서향,12143027.954177562
경기도,용인시 기흥구,영덕동,두진,매매,103동,고/20,295000000,80.31,NDOC1,"층,라인좋은 남향, 샷시까지 올수리되어 집상태 최상,이사협의 가능해요",25.07.12,"['25년이상', '올수리', '방세개', '화장실한개']",남향,12143027.954177562
경기도,용인시 기흥구,영덕동,두진,매매,104동,18/20,300000000,80.31,DOC,전망좋은정남향집 전세안고수리한집 로얄동로얄층  깨끗 좋음 수원ic바로단지,25.07.15,"['25년이상', '방세개', '화장실한개', '고층']",남향,12348841.987299217
경기도,용인시 기흥구,영덕동,두진,매매,104동,중/20,300000000,80.31,OWNER,샷시제외올수리한집 정남향 전세안고  수원ic바로단지 서울강남출퇴근용,25.07.11,"['25년이상', '올수리', '방세개', '화장실한개']",남향,12348841.987299217
경기도,용인시 기흥구,영덕동,두진,매매,104동,고/20,300000000,80.31,OWNER,샷시제외올수리한집 전세안고 투자하세요,25.07.11,"['25년이상', '올수리', '방세개', '화장실한개']",서향,12348841.987299217
경기도,용인시 기흥구,영덕동,두진,매매,103동,중/20,285000000,80.31,OWNER,전세가로 내집마련하세요 방1확장 씽크대 욕실교체 집상태깨끗,25.07.09,"['25년이상', '방세개', '화장실한개', '중층']",서향,11731399.887934254
경기도,용인시 기흥구,영덕동,두진,전세,103동,중/20,230000000,80.31,OWNER,저렴한 전세  방1확장 씽크대교체 욕실 LED등  버스정류장하고 가까워요,25.07.09,"['25년이상', '방세개', '화장실한개', '중층']",서향,9467445.523596065
경기도,용인시 기흥구,영덕동,두진,매매,103동,중/20,300000000,80.31,OWNER,방1확장 씽크대 욕실교체 집깨끗 트인뷰 입주일협의가,25.07.09,"['25년이상', '방세개', '화장실한개', '중층']",서향,12348841.987299217
경기도,용인시 기흥구,영덕동,두진,월세,104동,고/20,"2,000/100",80.31,DOC,일부 수리 집상태깨끗 이사일협의가능,25.07.18,"['25년이상', '융자금없는', '방세개', '화장실한개']",서향,
경기도,용인시 기흥구,영덕동,두진,매매,103동,중/20,290000000,80.31,DOC,,25.07.18,"['25년이상', '방세개', '화장실한개', '중층']",서향,11937213.92105591
경기도,용인시 기흥구,영덕동,두진,매매,104동,3/20,290000000,80.31,DOC,전세안고 투자하세요 집상태깨끗,25.07.11,"['25년이상', '방세개', '화장실한개', '관리비20만원이하']",서향,11937213.92105591
경기도,용인시 기흥구,영덕동,두진,매매,104동,20/20,295000000,80.31,DOC,층간소음없이 탑층으로 뷰좋음 수원ic바로단지 서울강남출퇴근용이,25.07.11,"['25년이상', '탑층', '방세개', '화장실한개']",서향,12143027.954177562
경기도,용인시 기흥구,영덕동,두진,매매,103동,고/20,340000000,80.31,DOC,"남향 ,거실, 방1 확장,올수리, 주인거주로 깨끗하게 관리된 집",25.07.15,"['25년이상', '올수리', '방세개', '화장실한개']",남향,13995354.252272444
경기도,용인시 기흥구,영덕동,두진,매매,104동,고/20,310000000,80.31,OWNER,중문 싱크대 화장실교체 집상태 좋아요 트인뷰,25.07.04,"['25년이상', '방세개', '화장실한개', '고층']",남서향,12760470.053542523
경기도,용인시 기흥구,영덕동,두진,매매,103동,5/20,285000000,80.31,NDOC1,"방1 확장 ,중문등 수리되어 집상태 깔끔, 집주인 거주로 깨끗",25.06.27,"['25년이상', '방세개', '화장실한개', '주차가능']",서향,11731399.887934254
경기도,용인시 기흥구,영덕동,두진,매매,104동,저/20,280000000,80.31,NDOC1,"ㅂ전세안고매매가능 거실확장및 방1확장,싱크대화장실수리됨, 집상태 좋아",25.07.03,"['25년이상', '욕실수리', '방세개', '화장실한개']",서향,11525585.854812602
경기도,용인시 기흥구,영덕동,두진,매매,104동,중/20,310000000,80.31,OWNER,샷시교체 거실확장 방1개 확장된 깔끔하고 좋은집 시원하고 통풍 잘됨,25.07.01,"['25년이상', '방한개', '화장실한개', '중층']",서향,12760470.053542523
경기도,용인시 기흥구,영덕동,두진,매매,104동,중/20,290000000,80.31,OWNER,트인뷰 인테리어예쁜집 라인굿 강남출퇴근편리,25.06.28,"['25년이상', '방세개', '화장실한개', '중층']",서향,11937213.92105591
경기도,용인시 기흥구,영덕동,두진,매매,103동,저/20,280000000,80.31,OWNER,방확장  한번수리한집  세안고 확틔인앞전망 버스정류장 편의시설 가까운동 ,25.06.27,"['25년이상', '방세개', '화장실한개', '주차가능']",서향,11525585.854812602
경기도,용인시 기흥구,영덕동,두진,매매,103동,고/20,310000000,80.31,OWNER,트인 고층 뷰 방1확장 씽크대 욕실교체 집상태깨끗 라인굿,25.06.24,"['25년이상', '방세개', '화장실한개', '고층']",서향,12760470.053542523
경기도,용인시 기흥구,영덕동,두진,월세,103동,저/20,"2,000/90",80.31,NONE,저렴한 월세 씽크대 욕실교체 조명교체 도배새로,25.07.08,"['25년이상', '융자금없는', '방세개', '화장실한개']",남향,
경기도,용인시 기흥구,영덕동,두진,전세,103동,고/20,230000000,80.31,NONE,샷시제외 올수리 집상태굿 탁트인뷰 버팀목대출가능,25.07.05,"['25년이상', '올수리', '방세개', '화장실한개']",서향,9467445.523596065
경기도,용인시 기흥구,영덕동,바른하우스(도시형),매매,301동,1/4,170000000,85.03,DOC,"2층집 타입의 복층구조로 넓은집, 공실로 빠른입주 가능, IC인접으로편리",25.07.11,"['10년이내', '1층', '복층', '방두개']",남향,6609237.328001882
경기도,용인시 기흥구,영덕동,바른하우스(도시형),매매,302동,3/4,200000000,62.81,OWNER,"정상입주가능, 방2,화1,  가격조정가, 조용하고 쾌적한 단지",25.07.12,"['10년이내', '방두개', '화장실한개', '고층']",남향,10526301.544340074
경기도,용인시 기흥구,영덕동,바른하우스(도시형),매매,303동,2/4,150000000,42.48,MOBL,"저렴한 매매가,숲조망,방1,화1,수원신갈ic인접,강남30분",25.07.19,"['10년이내', '소형평수', '방한개', '화장실한개']",남향,11672969.632768363
경기도,용인시 기흥구,영덕동,바른하우스(도시형),매매,302동,3/4,140000000,42.48,DOC,IC인접교통편리 집상태굿 빠른입주가능,25.07.01,"['10년이내', '소형평수', '방한개', '화장실한개']",남향,10894771.657250473
경기도,용인시 기흥구,영덕동,세종그랑시아,매매,106동,1/4,1100000000,263.48,DOC,"테라스가 있는 2층 구조로 대가족 거주가능, 깨끗, 입주 협의가능",25.07.01,"['25년이내', '테라스', '1층', '복층']",남향,13801288.522848034
경기도,용인시 기흥구,영덕동,세종그랑시아,매매,102동,1/4,950000000,261.62,DOC,"2개층 사용, 테라스가 있는 구조로  대가족 거주가능, 착한관리비 ",25.07.01,"['25년이내', '테라스', '1층', '복층']",남향,12004035.433070866
경기도,용인시 기흥구,영덕동,세종그랑시아,전세,103동,3/4,600000000,184.57,DOC,이사는 협의올수리되어 아주 깨끗숲세권으로 공기도 좋음정남향,25.07.19,"['25년이내', '올수리', '대형평수', '방네개이상']",남향,10746443.083924798
경기도,용인시 기흥구,영덕동,세종그랑시아,매매,101동,중/4,750000000,184.57,DOC,"숲세권의 연립, 올수리 상태 굿 , 주차편리, 정남 채광굿",25.06.24,"['25년이내', '올수리', '대형평수', '방네개이상']",남향,13433053.854905998
경기도,용인시 기흥구,영덕동,세종그랑시아,전세,102동,고/4,500000000,184.57,DOC,정남향으로 햇살이 좊구 집 상태는 깨끗산이 있어서 공기가 좋음,25.06.23,"['25년이내', '융자금적은', '대형평수', '방네개이상']",남향,8955369.236604
경기도,용인시 기흥구,영덕동,세종그랑시아,매매,107동,2/4,670000000,165.98,DOC,"빠른 입주 가능, 나무 뷰 전망, 정남, 조용하고 채광좋은집,올수리 깨끗",25.07.14,"['25년이내', '올수리', '대형평수', '방네개이상']",남향,13344233.943848658
경기도,용인시 기흥구,영덕동,세종그랑시아,매매,107동,2/4,670000000,165.98,NDOC1,수리 잘 되어 있음이사는협의정남향으로 햇살이 좋음쾌적한주거 환경,25.06.23,"['25년이내', '대형평수', '방네개이상', '화장실두개']",남향,13344233.943848658
경기도,용인시 기흥구,영덕동,세종그랑시아,매매,106동,2/4,650000000,165.98,DOC,"입주 협의 가능, 전망나오는 라인, 조용하고 채광좋은집",25.06.27,"['25년이내', '대형평수', '방네개이상', '화장실두개']",남향,12945898.602241235
경기도,용인시 기흥구,영덕동,세종그랑시아,전세,107동,2/4,500000000,165.98,DOC,"나무 뷰 전망, 정남, 조용하고 채광좋은집,올수리 깨끗,빠른입주가능",25.06.27,"['25년이내', '융자금없는', '올수리', '대형평수']",남향,9958383.540185567
경기도,용인시 기흥구,영덕동,세종그랑시아,매매,106동,4/4,660000000,162.33,DOC,복층 넓은 다락방정남향숲세권지정주차장 있음,25.07.15,"['25년이내', '복층', '대형평수', '탑층']",남향,13440633.893919794
경기도,용인시 기흥구,영덕동,세종그랑시아,전세,106동,4/4,450000000,162.33,DOC,이사는 협의복층구조로 다락방이 있음숲세권으로 아주 조용한 주거지,25.07.10,"['25년이내', '융자금없는', '복층', '대형평수']",남향,9164068.564036222
경기도,용인시 기흥구,영덕동,영통빌리지,매매,114동,7/7,550000000,104.84,NDOC1,이사는 협의올수리최고의 전망주차도 좋음,25.07.05,"['25년이상', '올수리', '탑층', '방세개']",남서향,17342443.24685235
경기도,용인시 기흥구,영덕동,영통빌리지,매매,111동,3/7,720000000,104.84,DOC,"전원주택형 아파트,올수리, 예쁜 테라스가 있는 집, 입주협의 ",25.07.14,"['25년이상', '올수리', '테라스', '방세개']",남동향,22702834.795879435
경기도,용인시 기흥구,영덕동,영통빌리지,매매,111동,7/7,520000000,104.84,DOC,"전세안고, 올수리되어 아주 깨끗, 펜션같은 아파트 전망, 채광굿 ",25.07.11,"['25년이상', '올수리', '탑층', '방세개']",남동향,16396491.797024036
경기도,용인시 기흥구,영덕동,영통빌리지,매매,113동,1/7,750000000,104.84,DOC,예쁜테라스가 있는 도심속의 전원주택집 상태 아주 좋음조용한 주거지,25.07.09,"['25년이상', '테라스', '1층', '방세개']",남향,23648786.245707747
경기도,용인시 기흥구,영덕동,영통빌리지,매매,112동,3/7,750000000,104.84,DOC,올수리 된 전원주택형 아파트. 정원테라스 분위기 있는 예쁜 집.,25.07.08,"['25년이상', '올수리', '테라스', '마당']",남향,23648786.245707747
경기도,용인시 기흥구,영덕동,영통빌리지,매매,126동,2/4,530000000,104.46,NDOC1,,25.07.15,"['25년이상', '방세개', '화장실두개', '중층']",남서향,16772602.43155275
경기도,용인시 기흥구,영덕동,영통빌리지,매매,119동,1/4,480000000,104.46,NDOC1,이사는 협의도시속 전원주택 뷴위기지하주차장도 옆에 있음,25.07.09,"['25년이상', '1층', '방세개', '화장실두개']",남동향,15190281.447444
경기도,용인시 기흥구,영덕동,영통빌리지,매매,120동,1/4,510000000,104.46,DOC,이사는 협의 가능정남향으로 햇살이 좋음지하주차장도 있음집 깨끗,25.07.19,"['25년이상', '1층', '방세개', '화장실두개']",남향,16139674.037909249
경기도,용인시 기흥구,영덕동,영통빌리지,전세,122동,4/4,330000000,104.46,DOC,이사는 협의올수리 샷시교체지하주차장도 있음정남향으로 햇살이 좋음,25.07.19,"['25년이상', '융자금없는', '올수리', '탑층']",남향,10443318.495117748
경기도,용인시 기흥구,영덕동,영통빌리지,매매,122동,중/4,480000000,104.46,DOC,이사는 협의집 아주깨끗정남향으로 햇살도 좋구 지하주차장도 있음,25.07.17,"['25년이상', '방세개', '화장실두개', '중층']",남향,15190281.447444
경기도,용인시 기흥구,영덕동,영통빌리지,매매,130동,1/4,530000000,104.46,DOC,"Run 교통,입지 좋고 내부 올리모델링 된 전세안고 매매",25.07.11,"['25년이상', '1층', '방세개', '화장실두개']",남서향,16772602.43155275
경기도,용인시 기흥구,영덕동,영통빌리지,매매,130동,고/4,490000000,104.46,DOC,"숲세권의 조용한 입지좋은 동, 주차편리, 입주협의가능",25.07.14,"['25년이상', '방세개', '화장실두개', '고층']",남서향,15506745.644265749
경기도,용인시 기흥구,영덕동,영통빌리지,매매,130동,1/4,500000000,104.46,DOC,이사는 협의조용한 주거지로 최고햇살가득영통입구 대중교통 이용편리,25.07.05,"['25년이상', '1층', '방세개', '화장실두개']",남서향,15823209.8410875
경기도,용인시 기흥구,영덕동,영통빌리지,매매,126동,3/4,550000000,104.46,OWNER,"내부올수리,주인거주,조용한 전원주택같은집",25.06.23,"['25년이상', '올수리', '방세개', '화장실두개']",남서향,17405530.82519625
경기도,용인시 기흥구,영덕동,영통빌리지,매매,115동,중/4,500000000,104.46,DOC,정남향으로  주출입구와 가까워서 대중교통 이용 편리전세안고 가능,25.07.01,"['25년이상', '방세개', '화장실두개', '중층']",남향,15823209.8410875
경기도,용인시 기흥구,영덕동,영통빌리지,매매,123동,3/4,510000000,104.46,DOC,내부 올수리 깨끗함 ,25.06.25,"['25년이상', '올수리', '방세개', '화장실두개']",남서향,16139674.037909249
경기도,용인시 기흥구,영덕동,영통빌리지,매매,102동,4/4,420000000,73.96,DOC,"층고 높여 펜션같은 집, 특올수리, 아주 깨끗, 주차편리",25.07.14,"['25년이상', '올수리', '복층', '탑층']",남서향,18772710.92482423
경기도,용인시 기흥구,영덕동,영통빌리지,매매,102동,1/4,410000000,73.96,DOC,"수리되어 깨끗, 거실 작은방 확장, 구조좋음, 주차편리",25.07.01,"['25년이상', '1층', '복층', '방세개']",남서향,18325741.617090322
경기도,용인시 기흥구,영덕동,영통빌리지,매매,102동,1/4,390000000,73.95,DOC,정상입주추츨입구와 가까움주차도 아주좋음전원분위기,25.07.19,"['25년이상', '1층', '방세개', '화장실한개']",남향,17434160.243407708
경기도,용인시 기흥구,영덕동,영통빌리지,매매,102동,4/4,380000000,73.95,DOC,이사는 협의거실이 넓은 구조주차 좋음아주 깨끗하고 비유도 좋음,25.07.15,"['25년이상', '탑층', '방세개', '화장실한개']",남향,16987130.49357674
경기도,용인시 기흥구,영덕동,영통빌리지,매매,128동,4/4,410000000,73.48,DOC,뻥뚫린 최상뷰 깔끔하고  세련된 인테리어 힐링되는아파트 어서오세요,25.07.18,"['25년이상', '탑층', '방세개', '화장실한개']",남향,18445452.504082743
경기도,용인시 기흥구,영덕동,영통빌리지,월세,104동,4/4,"3,000/90",73.48,DOC,8월중으로 협의조용한 주거지지하주차장도 옆에 있음,25.07.15,"['25년이상', '탑층', '방세개', '화장실한개']",남동향,
경기도,용인시 기흥구,영덕동,영통빌리지,매매,107동,1/4,400000000,73.48,DOC,"이사는협의피로티 1층아주조용한 주거지로 최고광교,흥덕지구 근접성 굿",25.07.11,"['25년이상', '1층', '방세개', '화장실한개']",남동향,17995563.418617312
경기도,용인시 기흥구,영덕동,영통빌리지,매매,106동,저/4,390000000,73.48,DOC,"집 깨끗, 나무 뷰, 조용한 숲세권,주차편리",25.07.14,"['25년이상', '복층', '방세개', '화장실한개']",남서향,17545674.33315188
경기도,용인시 기흥구,영덕동,영통빌리지,매매,105동,고/4,380000000,73.48,DOC,"전세안고 가능,수리되어 깨끗, 동남, 주차편리,햇살밝은집",25.07.01,"['25년이상', '방세개', '화장실한개', '고층']",남동향,17095785.247686446
경기도,용인시 기흥구,영덕동,영통빌리지,매매,103동,고/4,410000000,73.48,DOC,"거실 작은방 확장,주출구 인접 편리, 햇살밝은집, 주차편리",25.06.24,"['25년이상', '방세개', '화장실한개', '고층']",남서향,18445452.504082743
경기도,용인시 기흥구,영덕동,용인기흥효성해링턴플레이스,매매,T105동,1/3,930000000,163.74,OWNER,귀한테라스하우스  시스템에어컨5대 거실웨인스코팅 내집앞예쁜정원 컨디션짱,25.07.19,"['10년이내', '테라스', '마당', '대단지']",남동향,18775986.62513741
경기도,용인시 기흥구,영덕동,용인기흥효성해링턴플레이스,매매,T106동,2/2,970000000,163.74,OWNER,예쁜테라스하우스 전체시스템에어컨 중문 대형커뮤니티 관리잘된집,25.07.19,"['10년이내', '테라스', '대단지', '대형평수']",남동향,19583555.942347627
경기도,용인시 기흥구,영덕동,용인기흥효성해링턴플레이스,매매,T105동,1/3,950000000,163.74,OWNER,커뮤니티시설편리 도심속 전원테라스 인테리어,25.07.18,"['10년이내', '테라스', '대단지', '1층']",남동향,19179771.283742517
경기도,용인시 기흥구,영덕동,용인기흥효성해링턴플레이스,전세,T106동,중/2,545000000,163.74,OWNER,공동관리받는 타운하우스 감성.방4개로 넓은 테라스와넓은 거실.,25.07.08,"['10년이내', '테라스', '대단지', '대형평수']",남동향,11003131.94698913
경기도,용인시 기흥구,영덕동,용인기흥효성해링턴플레이스,월세,T106동,중/2,"5,000/184",163.74,OWNER,귀한 넓은테라스  방4개 넓은거실 공간  팬트리 바로앞산책로 신갈호수공원,25.06.28,"['10년이내', '테라스', '대단지', '대형평수']",남동향,
경기도,용인시 기흥구,영덕동,용인기흥효성해링턴플레이스,매매,105동,6/26,620000000,113.32,OWNER,기본.확장형.예쁜단지뷰.주인거주.집아주깨끗,25.07.19,"['10년이내', '대단지', '방세개', '화장실두개']",남서향,18086716.37839746
경기도,용인시 기흥구,영덕동,용인기흥효성해링턴플레이스,매매,114동,1/26,610000000,113.32,OWNER,필로티1층세대 실5층높이 시스템3대 식기세척기 중문 층간소음걱정없이 뛰어,25.07.18,"['10년이내', '대단지', '1층', '필로티']",남동향,17794995.146487825
경기도,용인시 기흥구,영덕동,용인기흥효성해링턴플레이스,매매,111동,14/26,630000000,113.32,OWNER,전망좋은집.호수뷰.시스템4.내부관리굿.채광굿,25.07.18,"['10년이내', '대단지', '방세개', '화장실두개']",남서향,18378437.610307097
경기도,용인시 기흥구,영덕동,용인기흥효성해링턴플레이스,매매,111동,3/26,595000000,113.32,OWNER,정원뷰아늑함.주방한샘.시스템4.다수옵션인테리어,25.07.18,"['10년이내', '대단지', '방세개', '화장실두개']",남서향,17357413.29862337
경기도,용인시 기흥구,영덕동,용인기흥효성해링턴플레이스,매매,108동,20/26,630000000,113.32,NDOC1,트인거실전망 커뮤니티 주출입구 이용편리 중문 붙박이장 주인거주 깨끗,25.07.18,"['10년이내', '대단지', '방세개', '화장실두개']",남서향,18378437.610307097
경기도,용인시 기흥구,영덕동,용인기흥효성해링턴플레이스,매매,107동,26/26,620000000,113.32,OWNER,"34A, 효성헤링턴 호수뷰 굿, 강남30분, 내부관리굿, 9월입주,추천",25.07.18,"['10년이내', '대단지', '탑층', '방세개']",남서향,18086716.37839746
경기도,용인시 기흥구,영덕동,용인기흥효성해링턴플레이스,매매,108동,10/26,599000000,113.32,OWNER,"늦은입주가능,알파룸포함방4개,로얄동가운데라인,새집같은깨끗함,갭투자2.5억",25.07.17,"['10년이내', '대단지', '방네개이상', '화장실두개']",남향,17474101.791387223
경기도,용인시 기흥구,영덕동,용인기흥효성해링턴플레이스,매매,108동,24/26,610000000,113.32,OWNER,세안고,25.07.16,"['10년이내', '대단지', '방세개', '화장실두개']",남동향,17794995.146487825
경기도,용인시 기흥구,영덕동,용인기흥효성해링턴플레이스,매매,113동,고/26,610000000,113.32,OWNER,세안고 .탁트인 시원한 전망.커뮤니티 이용 편리동.,25.07.19,"['10년이내', '대단지', '방세개', '화장실두개']",남동향,17794995.146487825
경기도,용인시 기흥구,영덕동,용인기흥효성해링턴플레이스,전세,107동,26/26,440000000,113.32,OWNER,탑층. 층간소음 문제X. 트인 전망. 채광 굿. 9월 입주. 커뮤니티인접,25.07.12,"['10년이내', '융자금없는', '대단지', '탑층']",남서향,12835734.204024004
경기도,용인시 기흥구,영덕동,용인기흥효성해링턴플레이스,매매,108동,26/26,610000000,113.32,OWNER,탑층으로 층간소음해방.고층뷰로  채광굿.,25.07.11,"['10년이내', '대단지', '탑층', '방세개']",남서향,17794995.146487825
경기도,용인시 기흥구,영덕동,용인기흥효성해링턴플레이스,매매,113동,저/26,610000000,113.32,NDOC1,"확트인뷰,시스템에어컨5대, 중문, 옵션좋고 깨끗해요.",25.07.18,"['10년이내', '대단지', '화장실두개', '방세개']",남서향,17794995.146487825
경기도,용인시 기흥구,영덕동,용인기흥효성해링턴플레이스,매매,104동,고/26,600000000,113.32,OWNER,"전세안고,선호타입,상가이용편리동,채광좋은집,고층뻥뷰",25.07.18,"['10년이내', '대단지', '방세개', '화장실두개']",남향,17503273.91457819
경기도,용인시 기흥구,영덕동,용인기흥효성해링턴플레이스,매매,111동,2/26,620000000,113.32,NDOC1,"입주협의,탁트인전망굿,팬트리확장,중문등집아주깨끗",25.07.10,"['10년이내', '대단지', '필로티', '방세개']",남서향,18086716.37839746
경기도,용인시 기흥구,영덕동,용인기흥효성해링턴플레이스,매매,108동,저/26,615000000,113.32,OWNER,"시스템에어컨3, 중문,탄성, 확트인뷰, 집 컨디션 좋아요",25.07.16,"['10년이내', '대단지', '방세개', '화장실두개']",남동향,17940855.762442645
경기도,용인시 기흥구,영덕동,용인기흥효성해링턴플레이스,매매,114동,고/26,620000000,113.32,OWNER,추천.투인원에어컨.식세기.인덕션등 주인거주로 관리최상.,25.07.15,"['10년이내', '대단지', '방세개', '화장실두개']",남서향,18086716.37839746
경기도,용인시 기흥구,영덕동,용인기흥효성해링턴플레이스,매매,114동,저/26,630000000,113.32,OWNER,커뮤니티연결동.에어컨.중문.붙박이장.안전방충망.사생활보호필름.탄성,25.07.15,"['10년이내', '대단지', '방세개', '화장실두개']",남동향,18378437.610307097
경기도,용인시 기흥구,영덕동,용인기흥효성해링턴플레이스,매매,108동,고/26,610000000,113.32,OWNER,시스템에어컨5.중문.인덕션.붙박이장.탄성.줄눈.탁트인뷰,25.07.15,"['10년이내', '대단지', '방세개', '화장실두개']",남동향,17794995.146487825
경기도,용인시 기흥구,영덕동,용인기흥효성해링턴플레이스,매매,108동,저/26,620000000,113.32,OWNER,입주협의.주인거주.아주깨끗한집.줄눈.채광굿,25.07.15,"['10년이내', '대단지', '방세개', '화장실두개']",남서향,18086716.37839746
경기도,용인시 기흥구,영덕동,용인기흥효성해링턴플레이스,매매,105동,중/26,600000000,113.32,OWNER,출입 편리동. 멀리 호수뷰.남서로 채광굿.세안고.,25.07.11,"['10년이내', '대단지', '방세개', '화장실두개']",남서향,17503273.91457819
경기도,용인시 기흥구,영덕동,용인기흥효성해링턴플레이스,매매,108동,중/26,630000000,113.32,OWNER,호수뷰전망으로  채광좋고 중문 미세방충망.탄성으로 관리최상,25.07.11,"['10년이내', '대단지', '방세개', '화장실두개']",남서향,18378437.610307097
경기도,용인시 기흥구,영덕동,용인기흥효성해링턴플레이스,매매,105동,중/26,620000000,113.32,OWNER,출입 편리한  선호동 .귀한 방4개 .안방붙박이장.탄성등 관리최상,25.07.11,"['10년이내', '대단지', '방네개이상', '화장실두개']",남서향,18086716.37839746
경기도,용인시 기흥구,영덕동,용인기흥효성해링턴플레이스,매매,113동,고/26,650000000,113.32,NDOC1,"입주협의,탁트인인전망굿, 귀한알파룸방4,시스템3,중문,",25.07.10,"['10년이내', '대단지', '방세개', '화장실두개']",남동향,18961880.07412637
경기도,용인시 기흥구,영덕동,용인기흥효성해링턴플레이스,매매,115동,고/26,630000000,113.32,NDOC1,막힘없는거실전망 시스템에어컨4대 엘베2대사용 안방붙박이장 중문 주인,25.07.10,"['10년이내', '대단지', '방세개', '화장실두개']",남서향,18378437.610307097
경기도,용인시 기흥구,영덕동,용인기흥효성해링턴플레이스,월세,107동,고/26,"3억 5,000/35",113.32,OWNER,동사이호수전망 층간소음프리 커뮤니티가까운동 집상태 좋아요.,25.07.05,"['10년이내', '대단지', '방세개', '화장실두개']",남서향,
경기도,용인시 기흥구,영덕동,용인기흥효성해링턴플레이스,매매,104동,중/26,620000000,113.32,OWNER,"세안고 매매, 탁트인 전망, 깨끗하고 관리 잘 된 집,주출입구 가까운 동",25.07.05,"['10년이내', '대단지', '방세개', '화장실두개']",남동향,18086716.37839746
경기도,용인시 기흥구,영덕동,용인기흥효성해링턴플레이스,월세,107동,중/26,1억/140,113.32,OWNER,융자x 안방붙박이장 투인원에어컨 거실실링팬 일부인테리어로 아주깨끗,25.07.03,"['10년이내', '융자금없는', '대단지', '방세개']",남서향,
경기도,용인시 기흥구,영덕동,용인기흥효성해링턴플레이스,매매,110동,고/26,650000000,113.32,OWNER,"짧은 전세안고 매매, 탁트인 전망뷰,관리 잘 된 집,수원신갈IC인접",25.07.01,"['10년이내', '대단지', '방세개', '화장실두개']",남동향,18961880.07412637
경기도,용인시 기흥구,영덕동,용인기흥효성해링턴플레이스,매매,112동,중/26,610000000,113.32,OWNER,세안고.방4.커뮤니티연결동.탁트인호수전망,25.07.01,"['10년이내', '대단지', '방네개이상', '화장실두개']",남서향,17794995.146487825
경기도,용인시 기흥구,영덕동,용인기흥효성해링턴플레이스,매매,115동,중/26,600000000,113.32,OWNER,추천.전세안고 . 엘베 2대로 편리동.관리굿.,25.06.26,"['10년이내', '대단지', '방세개', '화장실두개']",남동향,17503273.91457819
경기도,용인시 기흥구,영덕동,용인기흥효성해링턴플레이스,월세,107동,고/26,"3억 5,000/35",113.32,NONE,층간소음없는세대  산 호수뷰 넉넉한 펜트리 넓은거실공간,25.07.01,"['10년이내', '대단지', '방세개', '화장실두개']",남서향,
경기도,용인시 기흥구,영덕동,용인기흥효성해링턴플레이스,전세,107동,고/26,440000000,113.32,NONE,"팬트리, 호수, 산 뷰맛집, 9월 중순 입주 협의",25.07.01,"['10년이내', '대단지', '방세개', '화장실두개']",남서향,12835734.204024004
경기도,용인시 기흥구,영덕동,용인기흥효성해링턴플레이스,매매,108동,5/26,590000000,113.31,OWNER,기본.확장형.예쁜 단지뷰.채광굿.깨끗한집,25.07.19,"['10년이내', '대단지', '방세개', '화장실두개']",남서향,17213071.661812726
경기도,용인시 기흥구,영덕동,용인기흥효성해링턴플레이스,매매,115동,20/26,590000000,113.31,OWNER,엘베2개동.중문.빌트인냉장고3대.탁트인전망굿,25.07.19,"['10년이내', '대단지', '방세개', '화장실두개']",남서향,17213071.661812726
경기도,용인시 기흥구,영덕동,용인기흥효성해링턴플레이스,매매,107동,2/26,570000000,113.31,OWNER,화이트톤수리 안방붙박이장 중문 넓은동간 예쁜정원뷰 주인거주 추천,25.07.18,"['10년이내', '대단지', '방세개', '화장실두개']",남서향,16629577.707175005
경기도,용인시 기흥구,영덕동,용인기흥효성해링턴플레이스,매매,110동,24/26,610000000,113.31,NDOC1,26년1월이후입주 탁트인 거실전망 커뮤니티바로앞 중문 인테리어된집,25.07.18,"['10년이내', '대단지', '방세개', '화장실두개']",남동향,17796565.616450448
경기도,용인시 기흥구,영덕동,용인기흥효성해링턴플레이스,매매,105동,23/26,585000000,113.31,OWNER,"고층뷰,깨끗한 집,시스템3,중문,다양한 커뮤니티 굿, 수원신갈IC인접",25.07.18,"['10년이내', '대단지', '방세개', '화장실두개']",남서향,17067198.173153296
경기도,용인시 기흥구,영덕동,용인기흥효성해링턴플레이스,매매,112동,7/26,620000000,113.31,NDOC1,에어컨5대. 줄눈. 확트인뷰. 햇살이 좋아요,25.07.16,"['10년이내', '대단지', '화장실두개', '방세개']",남동향,18088312.59376931
경기도,용인시 기흥구,영덕동,용인기흥효성해링턴플레이스,매매,115동,중/26,600000000,113.31,OWNER,"세안고매매,탁트인숲조망,엘리베이터2대,집아주깨끗",25.07.19,"['10년이내', '대단지', '방세개', '화장실두개']",남서향,17504818.639131587
경기도,용인시 기흥구,영덕동,용인기흥효성해링턴플레이스,매매,112동,고/26,600000000,113.31,OWNER,세안고.시스템에어컨2.2in1에어컨.중문.전망굿.뻥뚫린호수뷰,25.07.19,"['10년이내', '대단지', '방세개', '화장실두개']",남서향,17504818.639131587
경기도,용인시 기흥구,영덕동,용인기흥효성해링턴플레이스,매매,107동,고/26,630000000,113.31,OWNER,세안고갭투.커뮤니티이용편리.채광굿,25.07.18,"['10년이내', '대단지', '방세개', '화장실두개']",남서향,18380059.571088165
경기도,용인시 기흥구,영덕동,용인기흥효성해링턴플레이스,매매,104동,고/26,590000000,113.31,NDOC1,고층 남동향 뷰 좋음 .관리 상태 우수 .출입 편리한 동  착한금액 강추,25.07.18,"['10년이내', '대단지', '방세개', '화장실두개']",남동향,17213071.661812726
경기도,용인시 기흥구,영덕동,용인기흥효성해링턴플레이스,매매,108동,저/26,580000000,113.31,NDOC1,필로티2층 시스템에어컨3대 중문 작은방2개를 1개로틈 주인 깨끗,25.07.18,"['10년이내', '대단지', '필로티', '방두개']",남서향,16921324.684493866
경기도,용인시 기흥구,영덕동,용인기흥효성해링턴플레이스,매매,107동,고/26,605000000,113.31,OWNER,,25.07.15,"['10년이내', '대단지', '방세개', '화장실두개']",남서향,17650692.127791017
경기도,용인시 기흥구,영덕동,용인기흥효성해링턴플레이스,매매,115동,17/26,585000000,113.31,OWNER,"로얄층,주인거주로 깨끗한 집상태,햇볕잘드는집",25.07.08,"['10년이내', '대단지', '방세개', '화장실두개']",남서향,17067198.173153296
경기도,용인시 기흥구,영덕동,용인기흥효성해링턴플레이스,매매,110동,저/26,610000000,113.31,NDOC1,"입주협의,탁트인전망굿,중문,집아주깨끗",25.07.10,"['10년이내', '대단지', '방세개', '화장실두개']",남동향,17796565.616450448
경기도,용인시 기흥구,영덕동,용인기흥효성해링턴플레이스,매매,108동,저/26,700000000,113.31,OWNER,세안고매매 안정적투자 기흥ic초근접 따듯한채광 아이들키우기아주좋음,25.07.10,"['10년이내', '대단지', '방세개', '화장실두개']",남서향,20422288.412320185
경기도,용인시 기흥구,영덕동,용인기흥효성해링턴플레이스,매매,109동,저/26,600000000,113.31,OWNER,추천.단차있어 8층높이로 전망채광굿.시스템에어컨3대.중문등 관리최상,25.07.05,"['10년이내', '대단지', '방세개', '화장실두개']",남동향,17504818.639131587
경기도,용인시 기흥구,영덕동,용인기흥효성해링턴플레이스,매매,108동,고/26,620000000,113.31,NDOC1,"입주협의,탁트인전망굿,사통팔달진출입편리,집아주깨끗",25.07.05,"['10년이내', '대단지', '방세개', '화장실두개']",남서향,18088312.59376931
경기도,용인시 기흥구,영덕동,용인기흥효성해링턴플레이스,매매,114동,저/26,620000000,113.31,OWNER,단차높은 층고높은전원 주택뷰.시스템에어컨5대.빌트인냉장고등 인테리어최상,25.07.04,"['10년이내', '대단지', '방세개', '화장실두개']",남동향,18088312.59376931
경기도,용인시 기흥구,영덕동,용인기흥효성해링턴플레이스,전세,107동,중/26,450000000,113.31,OWNER,강추.시스템에어컨.중문 바닥타일.올인테리어예쁜집,25.07.04,"['10년이내', '대단지', '방세개', '화장실두개']",남서향,13128613.97934869
경기도,용인시 기흥구,영덕동,용인기흥효성해링턴플레이스,매매,104동,고/26,590000000,113.31,OWNER,세안고갭투자.시스템에어컨4대.집아주깨끗.채광굿,25.07.01,"['10년이내', '대단지', '방세개', '화장실두개']",남서향,17213071.661812726
경기도,용인시 기흥구,영덕동,용인기흥효성해링턴플레이스,매매,115동,중/26,605000000,113.31,OWNER,추천.청명산 전망.최근 시스템에어컨4대.도배해 관리최상.,25.07.01,"['10년이내', '대단지', '방세개', '화장실두개']",남서향,17650692.127791017
경기도,용인시 기흥구,영덕동,용인기흥효성해링턴플레이스,전세,117동,9/26,400000000,99.15,OWNER,"정문가까운 생활하기 편리한동,중문,탄성, 집 컨디션 좋아요",25.07.21,"['10년이내', '대단지', '방세개', '화장실두개']",남서향,13336500.252143217
경기도,용인시 기흥구,영덕동,용인기흥효성해링턴플레이스,매매,116동,26/26,550000000,99.15,OWNER,고층뷰추천.중문.상가동가까움.내부관리최상.주인거주,25.07.19,"['10년이내', '대단지', '탑층', '방세개']",남동향,18337687.846696924
경기도,용인시 기흥구,영덕동,용인기흥효성해링턴플레이스,매매,103동,12/26,550000000,99.15,NDOC1,"입주협의,탁트인전망굿,중문,탄성,줄눈등 집아주깨끗",25.07.19,"['10년이내', '대단지', '방세개', '화장실두개']",남동향,18337687.846696924
경기도,용인시 기흥구,영덕동,용인기흥효성해링턴플레이스,매매,116동,8/26,570000000,99.15,OWNER,추천.빠른입주가능.예쁜산전망.채광굿.집아주깨끗,25.07.19,"['10년이내', '대단지', '방세개', '화장실두개']",남서향,19004512.859304085
경기도,용인시 기흥구,영덕동,용인기흥효성해링턴플레이스,매매,106동,21/26,540000000,99.15,OWNER,세안고매매.공원옆동.동간사이호수뷰.채광굿.집상태깨끗,25.07.19,"['10년이내', '대단지', '방세개', '화장실두개']",남서향,18004275.340393346
경기도,용인시 기흥구,영덕동,용인기흥효성해링턴플레이스,매매,103동,15/26,580000000,99.15,NDOC1,주출입구 가까운동으로 편의시설 이용편리 중문 단지조경 주인거주,25.07.18,"['10년이내', '대단지', '방세개', '화장실두개']",남서향,19337925.365607664
경기도,용인시 기흥구,영덕동,용인기흥효성해링턴플레이스,매매,106동,18/26,560000000,99.15,OWNER,"고층기흥호수전망과우수한채광, 관리잘된깨끗한집, 즉시입주가능",25.07.17,"['10년이내', '대단지', '방세개', '화장실두개']",남서향,18671100.353000503
경기도,용인시 기흥구,영덕동,용인기흥효성해링턴플레이스,매매,116동,고/26,560000000,99.15,OWNER,시원한청명산뷰 중문 음식물처리기 안방붙박이장 투인원 주인 아주깨끗,25.07.19,"['10년이내', '대단지', '방세개', '화장실두개']",남서향,18671100.353000503
경기도,용인시 기흥구,영덕동,용인기흥효성해링턴플레이스,매매,106동,중/26,560000000,99.15,OWNER,탁트인시티뷰 중문 탄성 줄눈 주출입구 연결동 주인거주 깨끗,25.07.19,"['10년이내', '대단지', '방세개', '화장실두개']",남동향,18671100.353000503
경기도,용인시 기흥구,영덕동,용인기흥효성해링턴플레이스,매매,101동,저/23,570000000,99.15,NDOC1,"세안고매매,탁트인전망,중문,집관리굿",25.07.18,"['10년이내', '대단지', '방세개', '화장실두개']",남서향,19004512.859304085
경기도,용인시 기흥구,영덕동,용인기흥효성해링턴플레이스,매매,106동,중/26,550000000,99.15,NDOC1,"입주협의,예쁜단지조망,투윈원,식세기,인덕션,안방붙박이,집아주깨끗",25.07.12,"['10년이내', '대단지', '방세개', '화장실두개']",남서향,18337687.846696924
경기도,용인시 기흥구,영덕동,용인기흥효성해링턴플레이스,매매,103동,저/26,550000000,99.15,OWNER,세안고 매매 초입으로 인기동 중문 탄성 줄눈 단지조망 깨끗,25.07.12,"['10년이내', '대단지', '방세개', '화장실두개']",남서향,18337687.846696924
경기도,용인시 기흥구,영덕동,용인기흥효성해링턴플레이스,매매,106동,저/26,550000000,99.15,OWNER,시야 트인 예쁜  단지뷰로  여유있는 하반기 입주.산옆으로 쾌적해요.,25.07.11,"['10년이내', '대단지', '방세개', '화장실두개']",남서향,18337687.846696924
경기도,용인시 기흥구,영덕동,용인기흥효성해링턴플레이스,매매,106동,중/26,560000000,99.15,OWNER,11월경 입주.투인원에어컨.식세기.중문2.간접조명.미세방충망등 관리최상,25.07.11,"['10년이내', '대단지', '방세개', '화장실두개']",남서향,18671100.353000503
경기도,용인시 기흥구,영덕동,용인기흥효성해링턴플레이스,매매,106동,중/26,550000000,99.15,OWNER,탁트인 시야로 채광굿.중문.투인원에어컨.관리최상,25.07.11,"['10년이내', '대단지', '방세개', '화장실두개']",남서향,18337687.846696924
경기도,용인시 기흥구,영덕동,용인기흥효성해링턴플레이스,월세,101동,고/23,"5,000/140",99.15,NDOC1,"입주협의,탁트인단지조망,시스템에어컨3,집아주깨끗",25.07.11,"['10년이내', '대단지', '방세개', '화장실두개']",남동향,
경기도,용인시 기흥구,영덕동,용인기흥효성해링턴플레이스,매매,106동,고/26,530000000,99.15,NDOC1,"세안고매매,탁트인전망굿,사통팔달진출입편리,집아주깨끗",25.07.10,"['10년이내', '대단지', '방세개', '화장실두개']",남동향,17670862.834089763
경기도,용인시 기흥구,영덕동,용인기흥효성해링턴플레이스,매매,102동,중/26,550000000,99.15,NDOC1,"세안고,예쁜단지조망,집아주깨끗,사통팔달진출입편리",25.07.10,"['10년이내', '대단지', '방세개', '화장실두개']",남서향,18337687.846696924
경기도,용인시 기흥구,영덕동,용인기흥효성해링턴플레이스,월세,116동,고/26,"3,000/160",99.15,OWNER,빠른입주.탁트인 청명산뷰로 전망최고.투인원에어컨.가전제품도 완비.,25.07.10,"['10년이내', '대단지', '방세개', '화장실두개']",남서향,
경기도,용인시 기흥구,영덕동,용인기흥효성해링턴플레이스,매매,103동,고/26,580000000,99.15,OWNER,"주인직접의뢰,탁 트인동,시스템 AC 3대,깨끗,모든 조건 협의가",25.07.07,"['10년이내', '대단지', '방세개', '화장실두개']",남서향,19337925.365607664
경기도,용인시 기흥구,영덕동,용인기흥효성해링턴플레이스,전세,102동,저/26,410000000,99.15,OWNER,빠른입주가능.거실에어컨.식세기.안방붙박이장.음식물탈수기등관리최상,25.07.03,"['10년이내', '대단지', '방세개', '화장실두개']",남서향,13669912.758446798
경기도,용인시 기흥구,영덕동,용인기흥효성해링턴플레이스,매매,101동,고/23,560000000,99.15,NDOC1,선호하는초입동 식세기 인덕션 투인원 안전방충망 도배새로 주인 깨끗,25.07.03,"['10년이내', '대단지', '방세개', '화장실두개']",남동향,18671100.353000503
경기도,용인시 기흥구,영덕동,용인기흥효성해링턴플레이스,매매,106동,고/26,560000000,99.15,NDOC1,"입주협의,탁트인조망굿,시스템2,중문,안방붙박이,집아주깨끗,",25.07.01,"['10년이내', '대단지', '방세개', '화장실두개']",남동향,18671100.353000503
경기도,용인시 기흥구,영덕동,용인기흥효성해링턴플레이스,매매,117동,저/26,550000000,99.15,NDOC1,"입주협의,예쁜단지조망, 투윈원,중문,안방붙박이,집아주깨끗",25.06.24,"['10년이내', '대단지', '방세개', '화장실두개']",남동향,18337687.846696924
경기도,용인시 기흥구,영덕동,용인기흥효성해링턴플레이스,매매,116동,19/26,560000000,99.03,OWNER,청명산숲조망.중문.안방붙박이.내부관리아주깨끗,25.07.19,"['10년이내', '대단지', '방세개', '화장실두개']",남서향,18693725.13379784
경기도,용인시 기흥구,영덕동,용인기흥효성해링턴플레이스,매매,103동,26/26,560000000,99.03,OWNER,상가동가까움.선호동.중문.주인거주내부상태굿,25.07.18,"['10년이내', '대단지', '탑층', '방세개']",남서향,18693725.13379784
경기도,용인시 기흥구,영덕동,용인기흥효성해링턴플레이스,매매,103동,8/26,540000000,99.03,OWNER,투인원에어컨 중문  새집컨디션,25.07.18,"['10년이내', '대단지', '방세개', '화장실두개']",남서향,18026092.09330506
경기도,용인시 기흥구,영덕동,용인기흥효성해링턴플레이스,매매,102동,1/26,530000000,99.03,NDOC1,"층간소음걱정무,단지조망,시스템에어컨3,중문,집아주깨끗",25.07.17,"['10년이내', '대단지', '1층', '방세개']",남서향,17692275.57305867
경기도,용인시 기흥구,영덕동,용인기흥효성해링턴플레이스,매매,117동,9/26,560000000,99.03,OWNER,"정문가까운동, 확트인뷰,중문,식세기,인덕션,2in1,시스템장등 옵션좋아요",25.07.16,"['10년이내', '대단지', '방세개', '화장실두개']",남향,18693725.13379784
경기도,용인시 기흥구,영덕동,용인기흥효성해링턴플레이스,매매,106동,저/26,550000000,99.03,NDOC1,"입주협의,예쁜단지조망,투윈원에어컨,중문,탄성,집아주깨끗,",25.07.10,"['10년이내', '대단지', '방세개', '화장실두개']",남서향,18359908.61355145
경기도,용인시 기흥구,영덕동,용인기흥효성해링턴플레이스,매매,101동,저/23,560000000,99.03,OWNER,주출입구.엘베2.시스템에어컨3.붙박이장.푸른산전망,25.07.02,"['10년이내', '대단지', '방세개', '화장실두개']",남서향,18693725.13379784
경기도,용인시 기흥구,영덕동,용인기흥효성해링턴플레이스,매매,117동,9/26,560000000,99.03,NONE,편리한 입구동 투인원에어컨 식기세척기  인덕션 ,25.07.08,"['10년이내', '대단지', '방세개', '화장실두개']",남서향,18693725.13379784
경기도,용인시 기흥구,영덕동,용인영덕신일1단지,매매,101동,4/20,570000000,155.27,NDOC1,"입주협의,전망나와요,올인테리어되어집아주깨끗,방1확장,",25.07.17,"['25년이상', '대형평수', '방네개이상', '화장실두개']",남향,12135618.277838603
경기도,용인시 기흥구,영덕동,용인영덕신일1단지,매매,101동,19/20,535000000,155.27,OWNER,"급매, 빠른입주 가능, 주인거주로 깨끗하고 관리 잘 된 집, 개방감 좋음",25.07.16,"['25년이상', '급매', '대형평수', '방네개이상']",남향,11390448.734462548
경기도,용인시 기흥구,영덕동,용인영덕신일1단지,매매,101동,13/20,550000000,155.27,OWNER,추천.트인 산전망으로.거실작은방확장.화장실 씽크대교체로 깨끗해요.,25.07.15,"['25년이상', '대형평수', '방네개이상', '화장실두개']",남향,11709807.110195143
경기도,용인시 기흥구,영덕동,용인영덕신일1단지,매매,101동,고/20,560000000,155.27,OWNER,"올수리, 주인거주로 깨끗 관리 굿, 개방감 좋음, 수원신갈IC인접",25.07.16,"['25년이상', '올수리', '대형평수', '방네개이상']",남향,11922712.694016874
경기도,용인시 기흥구,영덕동,용인영덕신일1단지,매매,103동,저/20,510000000,155.27,OWNER,"월세안고최근샷시까지올수리한집 화이트톤으로 밝고화사함 거실,방확장 ",25.07.15,"['25년이상', '올수리', '대형평수', '방네개이상']",남향,10858184.774908224
경기도,용인시 기흥구,영덕동,용인영덕신일1단지,매매,101동,고/20,530000000,155.27,OWNER,산뷰좋은정남향집 방4개화2개넉넉한구조 수원ic바로단지 서울강남출퇴근용이,25.07.11,"['25년이상', '대형평수', '방네개이상', '화장실두개']",남향,11283995.942551684
경기도,용인시 기흥구,영덕동,용인영덕신일1단지,매매,101동,6/20,550000000,155.27,OWNER,정남향 한번수리한집 넉넉한공간 방4개화2개 수원ic바로단지,25.07.01,"['25년이상', '대형평수', '방네개이상', '화장실두개']",남향,11709807.110195143
경기도,용인시 기흥구,영덕동,용인영덕신일1단지,매매,103동,9/20,600000000,155.27,DOC,최근샷시까지올수리 거실확장 방1확장 화이트톤으로 화사한집 서울강남출퇴근용,25.07.11,"['25년이상', '올수리', '대형평수', '방네개이상']",남향,12774335.029303793
경기도,용인시 기흥구,영덕동,용인영덕신일1단지,매매,101동,고/20,535000000,155.27,OWNER,탑으로 층간소음 해방. 트인 전망으로  올인테리어 .,25.07.05,"['25년이상', '대형평수', '방네개이상', '화장실두개']",남향,11390448.734462548
경기도,용인시 기흥구,영덕동,용인영덕신일1단지,매매,103동,저/20,460000000,155.27,DOC,방4개화2개넉넉한구조  현공실로 인테리어협조가능 수원ic바로단지 ,25.07.15,"['25년이상', '대형평수', '방네개이상', '화장실두개']",남향,9793656.855799574
경기도,용인시 기흥구,영덕동,용인영덕신일1단지,매매,103동,16/20,520000000,155.27,DOC,IC인접교통편리 남향 방4화장실2 입주일협의가능 주인거주로 집상태좋아요,25.07.08,"['25년이상', '대형평수', '방네개이상', '화장실두개']",서향,11071090.358729953
경기도,용인시 기흥구,영덕동,용인영덕신일1단지,매매,103동,2/20,460000000,155.27,NONE,"입주시기협의가능,급매입니다,현재 공실입니다",25.07.18,"['25년이상', '급매', '대형평수', '방네개이상']",남향,9793656.855799574
경기도,용인시 기흥구,영덕동,용인영덕신일1단지,매매,101동,16/20,530000000,155.27,NONE,"현재공실,잔금전에 인테리어가능,동과 층수 매가 최상입니다",25.07.10,"['25년이상', '대형평수', '방네개이상', '화장실두개']",남향,11283995.942551684
경기도,용인시 기흥구,영덕동,용인영덕신일1단지,매매,101동,저/20,560000000,155.27,NONE,"빠른입주가능,집 전체 최상으로 올수리됨,입주시기협의가능",25.06.28,"['25년이상', '올수리', '대형평수', '방네개이상']",남향,11922712.694016874
경기도,용인시 기흥구,영덕동,용인영덕신일1단지,매매,102동,6/17,400000000,108.17,OWNER,"탁트인전망굿,샷시제외 올수리,입주협의,집아주깨끗",25.07.19,"['25년이상', '올수리', '방세개', '화장실두개']",동향,12224406.02754923
경기도,용인시 기흥구,영덕동,용인영덕신일1단지,매매,105동,6/20,380000000,108.17,OWNER,남향 방1확장 집상태 깔끔 짧은 세안고,25.07.16,"['25년이상', '방세개', '화장실두개', '세대당1대']",남향,11613185.726171767
경기도,용인시 기흥구,영덕동,용인영덕신일1단지,매매,109동,6/20,410000000,108.17,OWNER,최근올수리 집상태최상 정남향집 방1확장 수원ic바로단지 서울강남출퇴,25.07.15,"['25년이상', '올수리', '방세개', '화장실두개']",남향,12530016.17823796
경기도,용인시 기흥구,영덕동,용인영덕신일1단지,매매,102동,고/17,400000000,108.17,NDOC1,"적극추천,샷시까지 올수리 집아주깨끗,탁트인전망굿,입주협의",25.07.17,"['25년이상', '올수리', '방세개', '화장실두개']",동향,12224406.02754923
경기도,용인시 기흥구,영덕동,용인영덕신일1단지,매매,109동,고/20,410000000,108.17,OWNER,정남향집 뷰좋음 씽크대교체 방1확장 수원ic바로단지 ,25.07.15,"['25년이상', '방세개', '화장실두개', '고층']",남향,12530016.17823796
경기도,용인시 기흥구,영덕동,용인영덕신일1단지,월세,109동,12/20,"5,000/110",108.17,DOC,"입주시기 협의가능,최근 욕실수리 씽크대교체,내부 수리되어 깨끗해요",25.07.16,"['25년이상', '욕실수리', '방세개', '화장실두개']",남향,
경기도,용인시 기흥구,영덕동,용인영덕신일1단지,매매,106동,저/20,400000000,108.17,NDOC1,"남향, 즉시입주가능, 방1확장, 집상태 깨끗",25.07.10,"['25년이상', '방세개', '화장실두개', '세대당1대']",남향,12224406.02754923
경기도,용인시 기흥구,영덕동,용인영덕신일1단지,매매,106동,3/20,365000000,108.17,DOC,"남향,원하는 입주시기 맞춰드릴 수 있습니다,계약 후 인테리어 가능합니다",25.07.05,"['25년이상', '방세개', '화장실두개', '세대당1대']",남향,11154770.50013867
경기도,용인시 기흥구,영덕동,용인영덕신일1단지,매매,105동,고/20,370000000,108.17,NONE,"정상입주,입주시기 월,일 협의가능,방1확장됨",25.06.24,"['25년이상', '방세개', '화장실두개', '고층']",남향,11307575.575483035
경기도,용인시 기흥구,영덕동,용인영덕신일1단지,매매,107동,13/19,340000000,80.73,NDOC1,싱크대교체 도배 장판 인덕션 중문 주인거주 관리잘된집,25.07.21,"['25년이상', '주방교체', '방세개', '화장실한개']",동향,13922543.044716958
경기도,용인시 기흥구,영덕동,용인영덕신일1단지,매매,104동,10/19,320000000,80.73,NDOC1,"전세안고 갭투자 가능, 집상태 깨끗",25.07.10,"['25년이상', '방세개', '화장실한개', '중층']",남향,13103569.92443949
경기도,용인시 기흥구,영덕동,용인영덕신일1단지,매매,107동,10/19,300000000,80.73,NDOC1,트인거실전망 청곡초인접 수원신갈IC 광역버스정류장 빠른입주가능,25.07.05,"['25년이상', '방세개', '화장실한개', '중층']",동향,12284596.804162022
경기도,용인시 기흥구,영덕동,용인영덕신일1단지,매매,107동,고/19,320000000,80.73,OWNER,세안고  올수리한집 방확장 앞 뒤 탁트인동 판상형 대단지아파트,25.07.08,"['25년이상', '올수리', '방세개', '화장실한개']",동향,13103569.92443949
경기도,용인시 기흥구,영덕동,용인영덕신일1단지,매매,107동,저/19,310000000,80.73,OWNER,중문설치 방2확장 led등교체 화장실 일부교체 짧은 세안고,25.07.08,"['25년이상', '방세개', '화장실한개', '세대당1대']",동향,12694083.364300756
경기도,용인시 기흥구,영덕동,용인영덕신일1단지,매매,107동,16/19,310000000,80.73,DOC,전망좋은집 전세안고 도배새로 씽크대교체 화장실교체되어있습니다,25.07.11,"['25년이상', '방세개', '화장실한개', '고층']",동향,12694083.364300756
경기도,용인시 기흥구,영덕동,용인영덕신일1단지,매매,104동,14/19,320000000,80.73,DOC,"짧은 세안고 매매, 갭투추천,집상태 깨끗하고 관리굿,수원신갈IC인접",25.07.03,"['25년이상', '방세개', '화장실한개', '고층']",동향,13103569.92443949
경기도,용인시 기흥구,영덕동,용인영덕신일1단지,매매,109동,고/20,325000000,80.73,OWNER,정남향집 방1확장 화장실교체 LED교체 수원ic바로단지 서울강남출퇴근용이,25.06.24,"['25년이상', '방세개', '화장실한개', '고층']",남향,13308313.204508856
경기도,용인시 기흥구,영덕동,용인영덕신일1단지,매매,107동,10/19,299000000,80.73,NONE,현재공실입니다.계약하시면 수리하기 좋아요,25.07.10,"['25년이상', '방세개', '화장실한개', '중층']",동향,12243648.148148147
경기도,용인시 기흥구,영덕동,용인영덕신일2단지,매매,202동,3/19,375000000,108.43,OWNER,작은방확장 씽크대 도배 장판교체 입구동 버스정류장 편의시설이둉편리,25.07.18,"['25년이상', '방세개', '화장실두개', '세대당1대']",남동향,11432900.258231116
경기도,용인시 기흥구,영덕동,용인영덕신일2단지,매매,202동,18/19,380000000,108.43,OWNER,전망좋은 정남향집 방1확장 수원ic바로단지 서울강남출퇴근용이,25.07.15,"['25년이상', '방세개', '화장실두개', '고층']",남향,11585338.928340865
경기도,용인시 기흥구,영덕동,용인영덕신일2단지,매매,202동,5/19,400000000,108.43,OWNER,"세안고매매,갭1억1천,최신올리모델링,집상태최상,투자추천",25.07.14,"['25년이상', '방세개', '화장실두개', '세대당1대']",남향,12195093.608779859
경기도,용인시 기흥구,영덕동,용인영덕신일2단지,매매,202동,중/19,420000000,108.43,OWNER,씽크대 화장실 교체 한번수리한집  햇볕잘드는집 입구동편리  라인굿,25.07.18,"['25년이상', '방세개', '화장실두개', '중층']",남동향,12804848.28921885
경기도,용인시 기흥구,영덕동,용인영덕신일2단지,매매,202동,저/19,360000000,108.43,OWNER,샷시제외올수리한집 전세안고진행 수원ic바로단지,25.07.15,"['25년이상', '올수리', '방세개', '화장실두개']",남향,10975584.247901872
경기도,용인시 기흥구,영덕동,용인영덕신일2단지,월세,202동,저/19,"4,000/100",108.43,DOC,"빠른입주가능,입구동으로 생활편리, 깨끗하고 관리굿, 수원신갈ic인접",25.07.10,"['25년이상', '융자금없는', '방세개', '화장실두개']",남향,
경기도,용인시 기흥구,영덕동,용인영덕신일2단지,매매,201동,14/19,330000000,82.51,OWNER,방2개확장 화장실 씽크대 리모델링 식세기포함 보일러교체  전망 좋은 뷰,25.07.18,"['25년이상', '보일러교체', '방두개', '화장실한개']",동향,13221537.389407344
경기도,용인시 기흥구,영덕동,용인영덕신일2단지,매매,203동,5/18,310000000,82.51,OWNER,방2확장  씽크대한번교체  입구동  버스정류장 편의시설 편리 초교인접,25.07.15,"['25년이상', '방세개', '화장실한개', '세대당1대']",동향,12420232.093079627
경기도,용인시 기흥구,영덕동,용인영덕신일2단지,매매,201동,5/19,312000000,82.51,OWNER,로얄동 트인뷰 관리상태 좋은 올수리된 집,25.07.11,"['25년이상', '올수리', '방세개', '화장실한개']",동향,12500362.622712398
경기도,용인시 기흥구,영덕동,용인영덕신일2단지,매매,201동,고/19,330000000,82.51,OWNER,확트인 앞전망 야경도굿 한번수리한집 방확장 하시입주 안방붙박이설치,25.07.18,"['25년이상', '방세개', '화장실두개', '고층']",동향,13221537.389407344
경기도,용인시 기흥구,영덕동,용인영덕신일2단지,매매,203동,중/18,305000000,82.51,OWNER,수리한번한집 씽크대 화장실교체 전등교체 수원ic바로단지 ,25.07.15,"['25년이상', '방세개', '화장실한개', '중층']",동향,12219905.768997697
경기도,용인시 기흥구,영덕동,용인영덕신일2단지,매매,203동,중/18,315000000,82.51,NDOC1,"전망좋아요, 방1확장및 올수리되어 집상태 굿, 주인거주 이사협의가능",25.07.08,"['25년이상', '올수리', '방세개', '화장실한개']",동향,12620558.417161556
경기도,용인시 기흥구,영덕동,용인영덕신일2단지,매매,201동,저/19,290000000,82.51,OWNER,전세안고 투자굿,25.07.01,"['25년이상', '방세개', '화장실한개', '세대당1대']",동향,11618926.796751909
경기도,용인시 기흥구,영덕동,우남퍼스트빌리젠트,매매,1504동,2/4,1500000000,271.35,OWNER,초록초록 시원한 숲 조망. 태광골프장을 보고있는  집,25.07.11,"['25년이내', '대형평수', '방네개이상', '화장실세개']",동향,18274101.713653952
경기도,용인시 기흥구,영덕동,우남퍼스트빌리젠트,매매,1505동,2/4,1700000000,255.38,OWNER,"태광CC조망의 조용한 유럽형타운하우스,숲세권과 도심의 편리함이 있어요.",25.07.18,"['25년이내', '대형평수', '방네개이상', '화장실세개']",남향,22005773.748923175
경기도,용인시 기흥구,영덕동,우남퍼스트빌리젠트,매매,1507동,4/4,2000000000,255.38,OWNER,"입구동, 옥상 다락 전망 좋은집  ,가족실 태광골프장뷰, 동간거리 넓은집",25.07.12,"['25년이내', '대형평수', '탑층', '방네개이상']",남동향,25889145.58696844
경기도,용인시 기흥구,영덕동,우남퍼스트빌리젠트,매매,1502동,1/4,1550000000,231.19,OWNER,"실개천뷰, 장독대 정원형테라스세대, 조용하고 밝은집",25.07.19,"['25년이내', '테라스', '마당', '1층']",남동향,22163444.569401793
경기도,용인시 기흥구,영덕동,우남퍼스트빌리젠트,전세,1502동,2/4,1200000000,231.19,OWNER,"귀한전세, 깨끗한집, 숲세권",25.07.19,"['25년이내', '대형평수', '방네개이상', '화장실세개']",남동향,17158795.7956659
경기도,용인시 기흥구,영덕동,우남퍼스트빌리젠트,매매,1502동,2/4,1700000000,231.19,OWNER,"흥덕유럽형 타운하우스 l 고급인테리어 l 샘말초,흥덕중",25.07.18,"['25년이내', '대형평수', '방네개이상', '화장실세개']",남향,24308294.04386003
경기도,용인시 기흥구,영덕동,우남퍼스트빌리젠트,매매,1502동,1/4,1720000000,231.19,OWNER,올수리 특 리모델링 l 멀티룸 ＆ 테라스 l 국토부 계약 우대금리,25.07.12,"['25년이내', '올수리', '테라스', '1층']",남동향,24594273.973787796
경기도,용인시 기흥구,영덕동,우남퍼스트빌리젠트,매매,1503동,1/4,1700000000,231.19,OWNER,테라스있는 햇살좋은집. 인테리어 잘되어있고 전망좋은 집.,25.07.11,"['25년이내', '테라스', '1층', '대형평수']",남동향,24308294.04386003
경기도,용인시 기흥구,영덕동,우남퍼스트빌리젠트,매매,1503동,2/4,1500000000,231.19,DOC,숲속별장 고요한 산세권의여유로운 고급형타운하우스,25.07.12,"['25년이내', '대형평수', '방네개이상', '화장실세개']",남동향,21448494.74458238
경기도,용인시 기흥구,영덕동,우남퍼스트빌리젠트,매매,1503동,3/4,1700000000,231.19,OWNER,조용한 태광cc조망 타운하우스. 단지앞에서 광교호수공원까지 산책길.,25.06.30,"['25년이내', '대형평수', '방네개이상', '화장실세개']",남향,24308294.04386003
경기도,용인시 기흥구,영덕동,우남퍼스트빌리젠트,매매,1502동,3/4,1650000000,231.19,DOC,"태광CC 살개천 정원뷰, 밝고환한 유럽형타운하우스, 입구동",25.07.08,"['25년이내', '대형평수', '방네개이상', '화장실세개']",남동향,23593344.219040617
경기도,용인시 기흥구,영덕동,우남퍼스트빌리젠트,매매,1501동,1/4,1250000000,216.63,OWNER,"일조량풍부 고급스런 유럽형고급타운하우스,세끼고",25.07.16,"['25년이내', '1층', '대형평수', '방세개']",남서향,19075064.62632138
경기도,용인시 기흥구,영덕동,우남퍼스트빌리젠트,매매,1501동,1/4,1250000000,216.63,OWNER,풀옵션 조용하고 전망좋은 유럽형타운하우스,25.07.12,"['25년이내', '1층', '대형평수', '방세개']",남동향,19075064.62632138
경기도,용인시 기흥구,영덕동,우남퍼스트빌리젠트,매매,1501동,2/4,1400000000,216.63,OWNER,"투자물건, 조용하고 전망 좋은집",25.07.02,"['25년이내', '대형평수', '방세개', '화장실두개']",남향,21364072.381479945
경기도,용인시 기흥구,영덕동,우남퍼스트빌리젠트,매매,1501동,3/4,1230000000,216.63,OWNER,"임구동, 밝고 환한집, 각방 에어컨 모두있음",25.07.01,"['25년이내', '대형평수', '방세개', '화장실두개']",남서향,18769863.592300236
경기도,용인시 기흥구,영덕동,청현마을기흥데시앙,매매,207동,1/16,400000000,108.09,OWNER,씽크대교체 거실욕실수리 안방붙박이장 LED 도배 장판 주인거주 깨끗,25.07.21,"['25년이내', '1층', '욕실수리', '방세개']",남향,12233453.603478583
경기도,용인시 기흥구,영덕동,청현마을기흥데시앙,매매,206동,14/16,440000000,108.09,MOBL,청명산 조망권 굿 화이트로 집상태 깨끗 로얄동 로얄층 교통편리 입주일협의,25.07.18,"['25년이내', '방세개', '화장실두개', '고층']",남향,13456798.963826442
경기도,용인시 기흥구,영덕동,청현마을기흥데시앙,매매,202동,12/18,400000000,108.09,OWNER,주인거주 로얄층 채광굿 아주깨끗 입주일협의가능,25.07.18,"['25년이내', '방세개', '화장실두개', '중층']",남향,12233453.603478583
경기도,용인시 기흥구,영덕동,청현마을기흥데시앙,매매,203동,16/17,430000000,108.09,OWNER,"거실,방1확장. 깨끗하고 관리잘 된 집. 청명산숲세권.수원신갈IC인접",25.07.15,"['25년이내', '방세개', '화장실두개', '고층']",남향,13150962.623739477
경기도,용인시 기흥구,영덕동,청현마을기흥데시앙,매매,202동,중/18,420000000,108.09,MOBL,입구동으로 생활편리 주인거주로 집상태 아주 깨끗 이사일협의가능,25.07.19,"['25년이내', '방세개', '화장실두개', '중층']",남향,12845126.283652512
경기도,용인시 기흥구,영덕동,청현마을기흥데시앙,매매,205동,5/16,460000000,108.09,NDOC1,"남향,전세안고 갭투자가능, 숲속전망굿",25.07.12,"['25년이내', '방세개', '화장실두개', '세대당1대']",남향,14068471.64400037
경기도,용인시 기흥구,영덕동,청현마을기흥데시앙,매매,205동,중/16,450000000,108.09,OWNER,숲전망 굿 세안고 또는 정상입주  관리잘된집 넓은공간  일부수리된집  ,25.07.19,"['25년이내', '방세개', '화장실두개', '중층']",남향,13762635.303913407
경기도,용인시 기흥구,영덕동,청현마을기흥데시앙,매매,207동,13/16,450000000,108.09,MOBL,"화단철거,깨끗,입주는 나가는데로,수원신갈ic인접,강남 30분",25.07.09,"['25년이내', '방세개', '화장실두개', '고층']",남향,13762635.303913407
경기도,용인시 기흥구,영덕동,청현마을기흥데시앙,매매,203동,6/17,410000000,108.09,DOC,"남향으로 채광좋고 일부수리로 집상태 깨끗해요, 입주일협의가능",25.07.21,"['25년이내', '방세개', '화장실두개', '중층']",남향,12539289.943565547
경기도,용인시 기흥구,영덕동,청현마을기흥데시앙,매매,203동,고/17,450000000,108.09,OWNER,"정상입주, 주인거주로 깨끗하고 관리 잘 된 집, 쾌적한 단지,청명산숲세권",25.07.12,"['25년이내', '방세개', '화장실두개', '고층']",남향,13762635.303913407
경기도,용인시 기흥구,영덕동,청현마을기흥데시앙,월세,205동,1/16,"5,000/130",108.09,DOC,거실확장 방1확장 층간소음걱정없이 맘껏 뛰어놀수 있는 정원있는 예쁜집,25.07.15,"['25년이내', '융자금없는', '마당', '1층']",남향,
경기도,용인시 기흥구,영덕동,청현마을기흥데시앙,매매,206동,저/16,385000000,108.09,OWNER,뷰좋은정남향집 전세안고 투자굿 일조량좋음 수원ic바로단지 ,25.07.11,"['25년이내', '방세개', '화장실두개', '세대당1대']",남향,11774699.093348136
경기도,용인시 기흥구,영덕동,청현마을기흥데시앙,매매,206동,11/16,470000000,108.09,MOBL,세안고 3.1 거실폴딩도어 방1확장 화장실수리 주방인덕션식기세척기등 전망,25.07.02,"['25년이내', '욕실수리', '방세개', '화장실두개']",남향,14374307.984087337
경기도,용인시 기흥구,영덕동,청현마을기흥데시앙,매매,203동,3/17,420000000,108.09,DOC,최근수리로 집상태 깨끗 입구동으로 생활편리 주차장연결 주인거주로 이사협의,25.07.14,"['25년이내', '방세개', '화장실두개', '세대당1대']",남향,12845126.283652512
경기도,용인시 기흥구,영덕동,청현마을기흥데시앙,매매,203동,저/17,370000000,108.09,OWNER,"급매,정원뷰, 조용하고 쾌적한 단지, 주인거주로 관리 잘 된 집",25.07.08,"['25년이내', '급매', '방세개', '화장실두개']",남향,11315944.58321769
경기도,용인시 기흥구,영덕동,청현마을기흥데시앙,매매,203동,14/17,395000000,108.09,MOBL,베란다화단철거 보일러교체 화장실일부수리등 주인거주로 집상태굿 이사협의가능,25.06.25,"['25년이내', '보일러교체', '방세개', '화장실두개']",남향,12080535.433435101
경기도,용인시 기흥구,영덕동,청현마을기흥데시앙,매매,205동,저/16,450000000,108.09,OWNER,"거실확장,방1확장,정원뷰,로얄동, 청명산숲세권,수원신갈IC인접",25.07.03,"['25년이내', '방세개', '화장실두개', '세대당1대']",남향,13762635.303913407
경기도,용인시 기흥구,영덕동,청현마을기흥데시앙,매매,207동,중/16,450000000,108.09,OWNER,"정상입주, 조용하고 쾌적한 단지, 주인거주로 관리굿, 수원신갈ic인접",25.07.03,"['25년이내', '방세개', '화장실두개', '중층']",남향,13762635.303913407
경기도,용인시 기흥구,영덕동,청현마을기흥데시앙,매매,203동,9/17,430000000,108.09,MOBL,"남향,방1확장,안방,거실 실크벽지도배,붙밖이장,수원신갈IC인접 강남30분",25.06.24,"['25년이내', '방세개', '화장실두개', '중층']",남향,13150962.623739477
경기도,용인시 기흥구,영덕동,청현마을기흥데시앙,매매,205동,1/16,390000000,108.09,DOC,정상입주. 주인거주. 애키우기좋은집.,25.07.03,"['25년이내', '1층', '방세개', '화장실두개']",남동향,11927617.263391618
경기도,용인시 기흥구,영덕동,청현마을기흥데시앙,매매,203동,16/17,420000000,108.09,DOC,"방3화2, 깨끗한집, 입주기간조정가능",25.06.27,"['25년이내', '방세개', '화장실두개', '고층']",남향,12845126.283652512
경기도,용인시 기흥구,영덕동,청현마을기흥데시앙,매매,206동,9/16,460000000,108.09,DOC,"로얄동로얄층,청명산뷰,입주는 집나가는대로,수원신갈ic인접,강남 30분",25.06.25,"['25년이내', '방세개', '화장실두개', '중층']",남향,14068471.64400037
경기도,용인시 기흥구,영덕동,청현마을기흥데시앙,매매,201동,9/20,340000000,80.17,OWNER,예쁜 산전망 주인거주 깨끗 청곡초앞 서울접근성 좋아요 빠른입주가능,25.07.21,"['25년이내', '방세개', '화장실두개', '중층']",동향,14019794.187351877
경기도,용인시 기흥구,영덕동,청현마을기흥데시앙,매매,204동,6/21,360000000,80.17,OWNER,예쁘게 집주인용으로 올수리된 뷰 좋은집 라인굿  전세안고,25.07.18,"['25년이내', '올수리', '방세개', '화장실두개']",동향,14844487.963078458
경기도,용인시 기흥구,영덕동,청현마을기흥데시앙,매매,201동,중/20,335000000,80.17,NDOC1,"적극추천,탁트인전망굿, 작은방1확장,세안고 ,집아주깨긋",25.07.19,"['25년이내', '방세개', '화장실두개', '중층']",동향,13813620.743420232
경기도,용인시 기흥구,영덕동,청현마을기흥데시앙,월세,204동,고/21,"5,000/100",80.17,OWNER,"빠른입주 가능, 개방감 좋은 집,청명산 숲세권, 수원신갈IC인접",25.07.18,"['25년이내', '융자금없는', '방세개', '화장실두개']",동향,
경기도,용인시 기흥구,영덕동,청현마을기흥데시앙,월세,201동,9/20,"5,000/100",80.17,OWNER,"빠른입주가능,입구동으로 출퇴근시 용이함.수원신갈ic인접",25.07.11,"['25년이내', '방세개', '화장실두개', '중층']",동향,
경기도,용인시 기흥구,영덕동,청현마을기흥데시앙,매매,201동,중/20,350000000,80.17,OWNER,앞산전망  화장실2 넓은거실공간 작은방확장  세안고 통풀잘되는 판상형구조,25.07.18,"['25년이내', '방세개', '화장실두개', '중층']",동향,14432141.075215168
경기도,용인시 기흥구,영덕동,청현마을기흥데시앙,매매,204동,20/21,340000000,80.17,DOC,빠른입주가능 거실확장 라인굿 전망완전굿,25.07.12,"['25년이내', '방세개', '화장실두개', '고층']",동향,14019794.187351877
경기도,용인시 기흥구,영덕동,청현마을기흥데시앙,매매,201동,20/20,350000000,80.17,OWNER,거실확장 방2확장등 주인거주로 깨끗 전망좋아요 다락방있어 층간소음없어요,25.07.01,"['25년이내', '탑층', '방세개', '화장실두개']",동향,14432141.075215168
경기도,용인시 기흥구,영덕동,청현마을기흥데시앙,월세,204동,20/21,"3,000/110",80.17,DOC,빠른입주가능 거실확장 라인굿 전망완전굿,25.07.11,"['25년이내', '융자금없는', '방세개', '화장실두개']",동향,
경기도,용인시 기흥구,영덕동,청현마을기흥데시앙,매매,204동,고/21,340000000,80.17,DOC,전세안고 소액투자로 아주 좋아요 깨끗하게 사용한 전망아주좋은집,25.07.10,"['25년이내', '방세개', '화장실두개', '고층']",동향,14019794.187351877
경기도,용인시 기흥구,영덕동,청현마을기흥데시앙,매매,204동,중/21,330000000,80.17,OWNER,"전세2억6천안고 갭투자 가능, 거실확장되어 집상태 굿,전망및라인좋아요",25.06.27,"['25년이내', '방세개', '화장실두개', '중층']",동향,13607447.299488587
경기도,용인시 기흥구,영덕동,청현마을기흥데시앙,매매,201동,20/20,360000000,80.17,DOC,"현공실,복층.기본 ",25.06.30,"['25년이내', '복층', '화장실두개', '탑층']",남동향,14844487.963078458
경기도,용인시 기흥구,영덕동,청현마을기흥데시앙,매매,204동,18/21,350000000,80.17,DOC,"현공실,전망,기본",25.06.30,"['25년이내', '화장실두개', '방세개', '고층']",남동향,14432141.075215168
경기도,용인시 기흥구,영덕동,청현마을기흥데시앙,매매,204동,고/21,350000000,80.17,OWNER,"개방감 좋음, 주인거주로 관리잘 된집, 지하주차장연결,청명산숲세권",25.06.24,"['25년이내', '방세개', '화장실두개', '고층']",동향,14432141.075215168
경기도,용인시 기흥구,영덕동,청현마을대명레이크빌,매매,107동,8/19,400000000,107.1,OWNER,청명산이 배경이되고 팬션 같은  편안함과 힐링이되는집 기본구조 깨끗함,25.07.19,"['25년이내', '방세개', '화장실두개', '중층']",남향,12346535.94771242
경기도,용인시 기흥구,영덕동,청현마을대명레이크빌,매매,103동,6/20,410000000,107.1,OWNER,산조망 작은방1확장 씽크대 화장실 수리함,25.07.19,"['25년이내', '욕실수리', '방세개', '화장실두개']",남향,12655199.34640523
경기도,용인시 기흥구,영덕동,청현마을대명레이크빌,매매,105동,14/17,450000000,107.1,MOBL,"남향,융자무,숲조망,led전등,베란다타일깜,수원신갈ic인접,강남 30분",25.07.16,"['25년이내', '방세개', '화장실두개', '고층']",남향,13889852.941176472
경기도,용인시 기흥구,영덕동,청현마을대명레이크빌,매매,105동,4/17,360000000,107.1,MOBL,"초급매,가격조정가,남향,숲조망거실뷰,화장실수리,수원신갈ic인접,강남30분",25.07.16,"['25년이내', '욕실수리', '급매', '방세개']",남향,11111882.352941178
경기도,용인시 기흥구,영덕동,청현마을대명레이크빌,월세,103동,11/20,"4,000/150",107.1,MOBL,인덕션 중문 붙박이장등 올수리로 아주 깨끗 주차장연결동 이사일협의가능,25.07.15,"['25년이내', '올수리', '방세개', '화장실두개']",남향,
경기도,용인시 기흥구,영덕동,청현마을대명레이크빌,매매,102동,고/18,400000000,107.1,MOBL,입구동으로 주차장연결 상태굿 세안고 투자로 아주 좋아요,25.07.21,"['25년이내', '방세개', '화장실두개', '고층']",남향,12346535.94771242
경기도,용인시 기흥구,영덕동,청현마을대명레이크빌,매매,106동,10/20,400000000,107.1,OWNER,"세안고 매매,조망권 좋음. 조용하고 쾌적한 단지, 청명산숲세권",25.07.15,"['25년이내', '방세개', '화장실두개', '중층']",남향,12346535.94771242
경기도,용인시 기흥구,영덕동,청현마을대명레이크빌,매매,106동,4/20,400000000,107.1,MOBL,거실확장 방확장 집상태 아주깨끗 청명산 조망굿 라인굿 이사일협의가능,25.07.11,"['25년이내', '방세개', '화장실두개', '세대당1대']",남향,12346535.94771242
경기도,용인시 기흥구,영덕동,청현마을대명레이크빌,매매,106동,12/20,390000000,107.1,OWNER,"급매,조용하고 쾌적한 단지,  청명산뷰,개방감 좋음,수원신갈ic인접",25.07.12,"['25년이내', '급매', '방세개', '화장실두개']",남향,12037872.549019609
경기도,용인시 기흥구,영덕동,청현마을대명레이크빌,월세,103동,15/20,"5,000/120",107.1,OWNER,"빠른입주 가능, 깨끗하고 관리굿, 방1확장, 수원신갈ic인접",25.07.10,"['25년이내', '융자금없는', '방세개', '화장실두개']",남향,
경기도,용인시 기흥구,영덕동,청현마을대명레이크빌,매매,106동,고/20,400000000,107.1,OWNER,"탁트인뷰, 남향,주인거주로 깨끗 관리 잘 된 집, 수원신갈IC인접",25.07.16,"['25년이내', '방세개', '화장실두개', '고층']",남향,12346535.94771242
경기도,용인시 기흥구,영덕동,청현마을대명레이크빌,매매,103동,19/20,410000000,107.1,DOC,남향 입구동 주차장연결 생활편리 방1확장등 집상태 깨끗 이사일협의가능,25.07.19,"['25년이내', '방세개', '화장실두개', '고층']",남향,12655199.34640523
경기도,용인시 기흥구,영덕동,청현마을대명레이크빌,매매,103동,고/20,420000000,107.1,OWNER,"정상입주, 주인거주로 깨끗,조용하고 쾌적한 단지, 청명산숲세권",25.07.15,"['25년이내', '방세개', '화장실두개', '고층']",남향,12963862.745098041
경기도,용인시 기흥구,영덕동,청현마을대명레이크빌,매매,103동,9/20,430000000,107.1,OWNER,"방2확장,화단 및 보조 주방 철거, 씽크대 교체, 주인거주로 깨끗 관리굿",25.07.08,"['25년이내', '방세개', '화장실두개', '중층']",남향,13272526.14379085
경기도,용인시 기흥구,영덕동,청현마을대명레이크빌,매매,105동,중/17,420000000,107.1,OWNER,시원한 산뷰 남향  씽크대 화장실 올수리한집 입주일협의가 바로앞초교,25.07.15,"['25년이내', '올수리', '방세개', '화장실두개']",남향,12963862.745098041
경기도,용인시 기흥구,영덕동,청현마을대명레이크빌,매매,107동,16/19,440000000,107.1,OWNER,"정상입주,전체 올수리, 주인거주로 깨끗한 집, 청명산뷰, 수원신갈IC인접",25.07.05,"['25년이내', '올수리', '방세개', '화장실두개']",남향,13581189.542483661
경기도,용인시 기흥구,영덕동,청현마을대명레이크빌,매매,106동,9/20,400000000,107.1,DOC,"가성비 좋은단지,청명산뷰,거실 ,방확장, 주인거주로 관리 잘 된 집",25.07.15,"['25년이내', '방세개', '화장실두개', '중층']",남향,12346535.94771242
경기도,용인시 기흥구,영덕동,청현마을대명레이크빌,매매,102동,4/18,395000000,107.1,DOC,"수원IC인근, 빠른입주 가능,입구동으로 진출입 편리, 주차장 연결동",25.07.15,"['25년이내', '방세개', '화장실두개', '세대당1대']",남향,12192204.248366015
경기도,용인시 기흥구,영덕동,청현마을대명레이크빌,매매,106동,8/20,420000000,107.1,OWNER,"세안고 매매, 방1개확장, 개방감 있는 라인, 청명산숲세권",25.07.02,"['25년이내', '방한개', '화장실두개', '중층']",남향,12963862.745098041
경기도,용인시 기흥구,영덕동,청현마을대명레이크빌,매매,103동,3/20,400000000,107.1,DOC,남향 거실확장 방1확장 매도전세앉는것가능 수원ic바로단지 서울강남출퇴,25.07.11,"['25년이내', '방세개', '화장실두개', '세대당1대']",남향,12346535.94771242
경기도,용인시 기흥구,영덕동,청현마을대명레이크빌,매매,106동,18/20,420000000,107.1,DOC,Run 로얄동. 로얄층. 소음없고 전망좋은라인 매매,25.07.11,"['25년이내', '방세개', '화장실두개', '고층']",남향,12963862.745098041
경기도,용인시 기흥구,영덕동,청현마을대명레이크빌,매매,107동,고/19,390000000,107.1,DOC,"전세안고 투자매매 가능, 일부수리됨, 숲속전망굿",25.07.15,"['25년이내', '방세개', '화장실두개', '고층']",남향,12037872.549019609
경기도,용인시 기흥구,영덕동,청현마을대명레이크빌,매매,106동,8/20,420000000,107.1,MOBL,방1확장 전망굿 집상태 아주 깨끗 IC인접교통편리,25.06.25,"['25년이내', '방세개', '화장실두개', '중층']",남향,12963862.745098041
경기도,용인시 기흥구,영덕동,청현마을대명레이크빌,전세,106동,저/20,300000000,107.1,DOC,일부수리로 집상태 아주 깨끗 청명산 조망권굿 이사일협의가능,25.07.10,"['25년이내', '융자금없는', '방세개', '화장실두개']",남향,9259901.960784316
경기도,용인시 기흥구,영덕동,청현마을대명레이크빌,매매,106동,고/20,400000000,107.1,OWNER,세안고매매 탁트인 시원한 전망 일부수리로 깨끗한집 청곡초 영덕도서관,25.06.28,"['25년이내', '방세개', '화장실두개', '고층']",남향,12346535.94771242
경기도,용인시 기흥구,영덕동,청현마을대명레이크빌,매매,104동,4/20,350000000,91.9,MOBL,정상입주 집상태 굿 입주일 협의가능,25.07.18,"['25년이내', '방세개', '화장실두개', '세대당1대']",동향,12590040.805223068
경기도,용인시 기흥구,영덕동,청현마을대명레이크빌,매매,104동,7/20,350000000,91.9,OWNER,"올확장, 3룸화2, 수리된 깨끗한 집, 주인거주 세대로 관리 잘 된 집",25.07.18,"['25년이내', '방세개', '화장실두개', '중층']",동향,12590040.805223068
경기도,용인시 기흥구,영덕동,청현마을대명레이크빌,매매,101동,11/17,400000000,91.9,MOBL,거실확장 씽크대 화장실등 수리로 집상태 아주깨끗 주인거주로 이사일협의가능,25.07.12,"['25년이내', '방세개', '화장실두개', '중층']",동향,14388618.06311208
경기도,용인시 기흥구,영덕동,청현마을대명레이크빌,매매,104동,중/20,350000000,91.9,MOBL,방2확장등 주인거주로 이사일협의가능,25.07.01,"['25년이내', '방세개', '화장실두개', '중층']",동향,12590040.805223068
경기도,용인시 기흥구,영덕동,청현마을대명레이크빌,매매,104동,고/20,380000000,91.9,OWNER,거실확장 화장실수리 씽그대수리등 집상태깨끗 라인굿 주차장연결등 생활편리,25.06.26,"['25년이내', '욕실수리', '방세개', '화장실두개']",동향,13669187.159956474
경기도,용인시 기흥구,영덕동,청현마을대명레이크빌,매매,101동,저/17,340000000,91.9,DOC,최하층   소음걱정없음   협의입주,25.07.03,"['25년이내', '방세개', '화장실두개', '세대당1대']",남동향,12230325.353645267
경기도,용인시 기흥구,영덕동,호반써밋레이크파크,매매,508동,중/19,830000000,112.82,NDOC1,"주인분,최근올수리,양면뷰최고,씨에4대,상가 호수접근성좋은 선호도높은동",25.07.08,"['25년이내', '올수리', '방세개', '화장실두개']",남동향,24320169.73940791
경기도,용인시 기흥구,영덕동,호반써밋레이크파크,매매,508동,고/19,880000000,112.82,NDOC1,"탁트인 뷰 답답함없이 모든곳이 트인 밝은 전망 주출입구동 로얄동,층.",25.06.25,"['25년이내', '방세개', '화장실두개', '고층']",남서향,25785240.205637302
경기도,용인시 기흥구,영덕동,호반써밋레이크파크,매매,502동,11/20,830000000,112.32,NDOC1,시스템 에어컨 채광좋고 편의시설 인접한 정남향 역세권 세안고,25.07.17,"['25년이내', '방세개', '화장실두개', '중층']",남향,24428432.603276357
경기도,용인시 기흥구,영덕동,호반써밋레이크파크,매매,503동,19/20,850000000,112.32,MOBL,"짧은 세안고 매매, 고층뷰 정남향,",25.07.14,"['25년이내', '방세개', '화장실두개', '고층']",남향,25017069.533475786
경기도,용인시 기흥구,영덕동,호반써밋레이크파크,매매,501동,17/19,830000000,112.32,NDOC1,초역세권 시원하게 트인전망 호수공원 편의시설 인접 일부수리된집,25.07.15,"['25년이내', '방세개', '화장실두개', '고층']",남향,24428432.603276357
경기도,용인시 기흥구,영덕동,호반써밋레이크파크,전세,502동,고/20,500000000,112.32,NDOC1,정남향 입구동으로 출입하기좋고 화이트 도배로 집 깨끗해요,25.07.18,"['25년이내', '방세개', '화장실두개', '고층']",남향,14715923.254985759
경기도,용인시 기흥구,영덕동,호반써밋레이크파크,매매,504동,고/15,810000000,112.32,NDOC1,화이트톤 세련된 인테리어 ㄷ자주방 싱크대 교체 화장실 수리 필름지,25.07.18,"['25년이내', '욕실수리', '주방교체', '방세개']",남동향,23839795.673076928
경기도,용인시 기흥구,영덕동,호반써밋레이크파크,매매,502동,고/20,830000000,112.32,NDOC1,화이트톤 올 인테리어된집 정남향 층간소음 걱정없는집 밝고 깨끗해요,25.07.18,"['25년이내', '방세개', '화장실두개', '고층']",남향,24428432.603276357
경기도,용인시 기흥구,영덕동,호반써밋레이크파크,매매,501동,19/19,850000000,112.32,NDOC1,정남향 햇살좋은 고층 뻥뷰.교통.상권이용 편리한 주출입구동.흥덕역호재,25.07.10,"['25년이내', '탑층', '방세개', '화장실두개']",남향,25017069.533475786
경기도,용인시 기흥구,영덕동,호반써밋레이크파크,전세,502동,저/20,460000000,112.32,OWNER,"정남향 판상형 도배,전등교체로 깔끔하고 앞,뒤 트인 정원전망이 예뻐요",25.07.16,"['25년이내', '마당', '방세개', '화장실두개']",남향,13538649.394586897
경기도,용인시 기흥구,영덕동,호반써밋레이크파크,매매,508동,고/19,850000000,112.32,OWNER,"세안고매매,뻥뷰,호수생활권,관리잘된집",25.07.15,"['25년이내', '방세개', '화장실두개', '고층']",남동향,25017069.533475786
경기도,용인시 기흥구,영덕동,호반써밋레이크파크,매매,502동,고/20,820000000,112.32,NDOC1,"정남향,화이트씻트지 벽지교체,채광굿,접근성굿,주인분거주관리잘된 예쁜집",25.07.15,"['25년이내', '방세개', '화장실두개', '고층']",남향,24134114.13817664
경기도,용인시 기흥구,영덕동,호반써밋레이크파크,매매,508동,고/19,860000000,112.32,NDOC1,화이트톤 올인테리어 선호동 선호라인 대면형주방 예쁜집 호수공원인접,25.07.15,"['25년이내', '방세개', '화장실두개', '고층']",남서향,25311387.9985755
경기도,용인시 기흥구,영덕동,호반써밋레이크파크,매매,505동,중/20,790000000,112.32,NDOC1,조용하고 전망 예쁜 집  채광좋고 호수공원 편의시설 인접,25.07.15,"['25년이내', '방세개', '화장실두개', '중층']",남동향,23251158.742877495
경기도,용인시 기흥구,영덕동,호반써밋레이크파크,매매,502동,고/20,800000000,112.32,NDOC1,탁트인뷰가 시원하게보이는 아주 예쁜집 신혼부부거주로 깨끗해요,25.07.11,"['25년이내', '방세개', '화장실두개', '고층']",남향,23545477.207977213
경기도,용인시 기흥구,영덕동,호반써밋레이크파크,매매,508동,중/19,800000000,112.32,NDOC1,주출입구동 탁트인 뷰 상권이용 호수공원이용편리 밝고 깔끔해요,25.07.11,"['25년이내', '방세개', '화장실두개', '중층']",남서향,23545477.207977213
경기도,용인시 기흥구,영덕동,호반써밋레이크파크,매매,502동,중/20,800000000,112.32,NDOC1,정남향 밝은집 흥덕역 상권이용편리 호수공원이용편리 세안고매매,25.07.10,"['25년이내', '방세개', '화장실두개', '중층']",남향,23545477.207977213
경기도,용인시 기흥구,영덕동,호반써밋레이크파크,매매,508동,저/19,780000000,112.32,NDOC1,"주출입구,정원전망이예쁜집,광교호수공원,산책로,상권이용편리,밝은집이예요",25.07.10,"['25년이내', '마당', '방세개', '화장실두개']",남서향,22956840.27777778
경기도,용인시 기흥구,영덕동,호반써밋레이크파크,매매,508동,중/19,850000000,112.32,NDOC1,흥덕역초역세권 주출입구동으로 상권이용편리 전망좋고 밝은집입니다,25.07.10,"['25년이내', '방세개', '화장실두개', '중층']",남동향,25017069.533475786
경기도,용인시 기흥구,영덕동,호반써밋레이크파크,매매,503동,저/20,800000000,112.32,OWNER,"정원이예쁘게보이는집,중문설치,정남향,광교호수생활권을누릴수있는단지",25.07.10,"['25년이내', '마당', '방세개', '화장실두개']",남향,23545477.207977213
경기도,용인시 기흥구,영덕동,호반써밋레이크파크,전세,502동,저/20,420000000,112.32,NDOC1,빠른입주가능.화장실2곳 수리.도배.led조명 교체.정남향.상권이용편리,25.07.10,"['25년이내', '방세개', '화장실두개', '세대당1대']",남향,12361375.534188036
경기도,용인시 기흥구,영덕동,호반써밋레이크파크,전세,501동,고/19,520000000,112.32,NDOC1,화이트톤 인테리어 ㄷ자 주방 화장실 수리 시원한 전망 편의시설 인접,25.07.10,"['25년이내', '욕실수리', '방세개', '화장실두개']",남향,15304560.185185187
경기도,용인시 기흥구,영덕동,호반써밋레이크파크,월세,504동,고/15,2억/130,112.32,NDOC1,"최근 화이트톤 올 인테리어 한집 ,앞,뒤 탁트인 뷰 너무 예쁜집입니다",25.07.09,"['25년이내', '방세개', '화장실두개', '고층']",남동향,
경기도,용인시 기흥구,영덕동,호반써밋레이크파크,전세,504동,고/15,520000000,112.32,NDOC1,"화이트톤 올 인테리어 한집 ,앞,뒤 탁트인 뷰 호수공원,너무 예쁜집",25.07.08,"['25년이내', '방세개', '화장실두개', '고층']",남동향,15304560.185185187
경기도,용인시 기흥구,영덕동,호반써밋레이크파크,매매,501동,고/19,850000000,112.32,NDOC1,초역세권 앞 뒤 시원하게 트인전망 화장실 리모델링,25.07.08,"['25년이내', '방세개', '화장실두개', '고층']",남향,25017069.533475786
경기도,용인시 기흥구,영덕동,호반써밋레이크파크,전세,506동,저/20,500000000,112.32,NDOC1,실개천 뷰 아주예쁜집 화이트중문 led 전등교체 깨끗해요,25.07.05,"['25년이내', '방세개', '화장실두개', '세대당1대']",남서향,14715923.254985759
경기도,용인시 기흥구,영덕동,호반써밋레이크파크,매매,503동,저/20,850000000,112.32,NDOC1,"정남향 ,정원전망 예쁜집 밝고 깨끗해요",25.07.03,"['25년이내', '마당', '방세개', '화장실두개']",남향,25017069.533475786
경기도,용인시 기흥구,영덕동,호반써밋레이크파크,매매,505동,중/20,850000000,112.32,DOC,실개천뷰  전망좋은집 호수공원 도서관 인접 일부수리 밝고 깨끗해요,25.07.11,"['25년이내', '방세개', '화장실두개', '중층']",남서향,25017069.533475786
경기도,용인시 기흥구,영덕동,호반써밋레이크파크,전세,504동,고/15,520000000,112.32,NDOC1,"화이트톤 올인테리어된 앞,뒤 트인전망,호수공원,복합체육시설가까운동",25.06.26,"['25년이내', '방세개', '화장실두개', '고층']",남동향,15304560.185185187
경기도,용인시 기흥구,영덕동,호반써밋레이크파크,매매,508동,저/19,780000000,112.32,NDOC1,역세권 급매 호수공원 편의시설인접 채광좋고 정원전망 세안고 깨끗,25.06.26,"['25년이내', '마당', '급매', '방세개']",남동향,22956840.27777778
경기도,용인시 기흥구,영덕동,호반써밋레이크파크,매매,506동,저/20,830000000,112.32,NDOC1,"흥덕역호재,실개천 전망이아주예쁜집,산책로 도서관 수영장등 밝고깨끗해요",25.06.25,"['25년이내', '방세개', '화장실두개', '세대당1대']",남서향,24428432.603276357
경기도,용인시 기흥구,영덕동,호반써밋레이크파크,매매,506동,저/20,830000000,112.32,NDOC1,선호동 트인전망으로 실개천이 예쁜집 집 도배 시트지교체로 깨끗 세안고,25.06.24,"['25년이내', '방세개', '화장실두개', '세대당1대']",남서향,24428432.603276357
경기도,용인시 기흥구,영덕동,호반써밋레이크파크,매매,503동,저/20,800000000,112.32,NONE,,25.07.09,"['25년이내', '방세개', '화장실두개', '세대당1대']",남향,23545477.207977213
경기도,용인시 기흥구,영덕동,흥덕마을10단지동원로얄듀크,매매,1008동,20/20,650000000,120.4,OWNER,동원단지 첫번째 사무실 l  국토부계약 l 대출 우대금리 l 시원한 조망,25.07.19,"['15년이내', '탑층', '방세개', '화장실두개']",남향,17846845.93023256
경기도,용인시 기흥구,영덕동,흥덕마을10단지동원로얄듀크,매매,1005동,2/20,635000000,120.4,OWNER,"깨끗, 조용, 예쁜뷰, 전실, 지하창고 수납풍부, 세안고",25.07.18,"['15년이내', '방세개', '화장실두개', '세대당1대']",남서향,17434995.639534883
경기도,용인시 기흥구,영덕동,흥덕마을10단지동원로얄듀크,매매,1007동,12/20,620000000,120.4,OWNER,급매 l 입주협의 l 최근 도배 l 대출금리우대 l 넓은전실 지하창고 O,25.07.18,"['15년이내', '급매', '방세개', '화장실두개']",남향,17023145.348837208
경기도,용인시 기흥구,영덕동,흥덕마을10단지동원로얄듀크,매매,1003동,17/20,700000000,120.4,OWNER,l 동원우리 l 로얄층 l 해 잘드는 집 l 중품아 l 대출금리우대,25.07.15,"['15년이내', '방세개', '화장실두개', '고층']",남향,19219680.232558142
경기도,용인시 기흥구,영덕동,흥덕마을10단지동원로얄듀크,매매,1002동,13/20,680000000,120.4,OWNER,"주차편리동,전실공사,전체화이트로수리잘된집,입주협의",25.07.15,"['15년이내', '방세개', '화장실두개', '중층']",남향,18670546.511627905
경기도,용인시 기흥구,영덕동,흥덕마을10단지동원로얄듀크,매매,1009동,저/20,650000000,120.4,OWNER,전실 인테리어 l 일조량  거실뷰 좋음 l 입주협의 l 금리우대계약서작성,25.07.19,"['15년이내', '방세개', '화장실두개', '세대당1대']",남향,17846845.93023256
경기도,용인시 기흥구,영덕동,흥덕마을10단지동원로얄듀크,매매,1001동,저/20,670000000,120.4,OWNER,"동원단지 첫번째 사무실 l 지하1,2층 주차장 사용 l 학교 가까운선호동",25.07.18,"['15년이내', '방세개', '화장실두개', '세대당1대']",남향,18395979.651162792
경기도,용인시 기흥구,영덕동,흥덕마을10단지동원로얄듀크,월세,1001동,저/20,"2억 5,000/70",120.4,OWNER,동원단지 첫번째 사무실 l 9월 중순이후입주 l 주차편리선호동 l 융무,25.07.18,"['15년이내', '융자금없는', '방세개', '화장실두개']",남향,
경기도,용인시 기흥구,영덕동,흥덕마을10단지동원로얄듀크,매매,1008동,6/20,680000000,120.4,DOC,"입주,남향,전체확장특올수리,도배,장판깨끗.밝고깨끗해요.",25.07.21,"['15년이내', '올수리', '화장실두개', '방세개']",남향,18670546.511627905
경기도,용인시 기흥구,영덕동,흥덕마을10단지동원로얄듀크,매매,1007동,저/20,620000000,120.4,OWNER,조용한 숲뷰 l 넓은전실 l 지하창고有 l 확장형 l 대출금리우대계약서,25.07.16,"['15년이내', '방세개', '화장실두개', '세대당1대']",남향,17023145.348837208
경기도,용인시 기흥구,영덕동,흥덕마을10단지동원로얄듀크,전세,1005동,고/20,420000000,120.4,OWNER,동원단지우리 l 조망 좋고 조용한 동l 지하창고 有 l 대출금리우대,25.07.15,"['15년이내', '방세개', '화장실두개', '고층']",남향,11531808.139534883
경기도,용인시 기흥구,영덕동,흥덕마을10단지동원로얄듀크,매매,1004동,저/20,660000000,120.4,OWNER,"에어컨5대풀옵션확장형,각방붙박이장설치,입주협의,주전세가능",25.07.15,"['15년이내', '방세개', '화장실두개', '세대당1대']",남향,18121412.790697675
경기도,용인시 기흥구,영덕동,흥덕마을10단지동원로얄듀크,매매,1006동,중/20,650000000,120.4,OWNER,"전세안고매매,전실공사되고 빛잘들고 따뜻한집,거실전망좋아요입주협의",25.07.15,"['15년이내', '방세개', '화장실두개', '중층']",남서향,17846845.93023256
경기도,용인시 기흥구,영덕동,흥덕마을10단지동원로얄듀크,매매,1006동,중/20,650000000,120.4,OWNER,동원단지 첫번째 사무실 l 국토부 계약 l 26.12입주 l 전세안고,25.07.11,"['15년이내', '방세개', '화장실두개', '중층']",남향,17846845.93023256
경기도,용인시 기흥구,영덕동,흥덕마을10단지동원로얄듀크,매매,1007동,10/20,750000000,120.4,OWNER,주인거주 시스템에어컨 설치됨 화이트톤,25.07.02,"['15년이내', '방세개', '화장실두개', '중층']",남향,20592514.534883723
경기도,용인시 기흥구,영덕동,흥덕마을10단지동원로얄듀크,매매,1005동,중/20,720000000,120.4,DOC,"확장, 인테리어 된 깨끗한 집, 일조량 굿, 조망권 굿, 주차편리",25.07.15,"['15년이내', '방세개', '화장실두개', '중층']",남향,19768813.953488372
경기도,용인시 기흥구,영덕동,흥덕마을10단지동원로얄듀크,매매,1002동,고/20,660000000,120.4,OWNER,전등교체 깨끗 l 지하2층까지 주차가능 l 넓은 전실 l 대출금리우대계약,25.07.03,"['15년이내', '방세개', '화장실두개', '고층']",남향,18121412.790697675
경기도,용인시 기흥구,영덕동,흥덕마을10단지동원로얄듀크,매매,1008동,중/20,650000000,120.4,OWNER,동원단지 첫번째 사무실 l 국토부 계약  l 시원한 조망,25.07.01,"['15년이내', '방세개', '화장실두개', '중층']",남향,17846845.93023256
경기도,용인시 기흥구,영덕동,흥덕마을10단지동원로얄듀크,매매,1002동,고/20,780000000,120.4,OWNER,"주차편리한 인기동,전실공사,전망좋고 빛잘드는 집,입주협의",25.07.01,"['15년이내', '방세개', '화장실두개', '고층']",남향,21416215.11627907
경기도,용인시 기흥구,영덕동,흥덕마을10단지동원로얄듀크,매매,1009동,중/20,680000000,120.4,OWNER,동원단지 첫번째 사무실 l 국토부 계약 금리 우대 l  입주협의,25.06.27,"['15년이내', '방세개', '화장실두개', '중층']",남향,18670546.511627905
경기도,용인시 기흥구,영덕동,흥덕마을10단지동원로얄듀크,매매,1009동,저/20,650000000,120.4,OWNER,동원단지 첫번째 사무실 l 붙박이장  l 국토부 계약 가능,25.06.27,"['15년이내', '방세개', '화장실두개', '세대당1대']",남향,17846845.93023256
경기도,용인시 기흥구,영덕동,흥덕마을10단지동원로얄듀크,매매,1003동,4/20,800000000,120.08,MOBL,"확장, 넓은 전실과 수납창고, 판상형 구조, 주인세대이고 깨끗한집입니다.",25.07.18,"['15년이내', '방세개', '화장실두개', '세대당1대']",남서향,22023884.077281814
경기도,용인시 기흥구,영덕동,흥덕마을10단지동원로얄듀크,전세,1006동,13/20,450000000,120.08,OWNER,선호타입 선호층주인거주로 깨끗보조주방O 안방 태광CC뷰 금리우대,25.07.19,"['15년이내', '방세개', '화장실두개', '중층']",남향,12388434.79347102
경기도,용인시 기흥구,영덕동,흥덕마을10단지동원로얄듀크,매매,1003동,7/20,680000000,120.08,OWNER,"로얄동,층  태광CC뷰 l 씽크대교체 l 붙박이有 l 26년3월입주",25.07.16,"['15년이내', '방세개', '화장실두개', '중층']",남향,18720301.46568954
경기도,용인시 기흥구,영덕동,흥덕마을10단지동원로얄듀크,매매,1005동,20/20,700000000,120.08,OWNER,"태광cc골프장뷰좋은집,거실트인전망,입주협의",25.07.15,"['15년이내', '탑층', '방세개', '화장실두개']",남향,19270898.567621585
경기도,용인시 기흥구,영덕동,흥덕마을10단지동원로얄듀크,매매,1004동,중/20,730000000,120.08,OWNER,"풀옵션,넓은전실,거실전망좋은 올 확장형집,입주협의",25.07.17,"['15년이내', '방세개', '화장실두개', '중층']",남향,20096794.220519654
경기도,용인시 기흥구,영덕동,흥덕마을10단지동원로얄듀크,매매,1001동,20/20,710000000,120.08,OWNER,"일부수리, 추천, 로얄 매물, 입구동 주차, 상가 이용편리",25.07.10,"['15년이내', '탑층', '방세개', '화장실두개']",남서향,19546197.11858761
경기도,용인시 기흥구,영덕동,흥덕마을10단지동원로얄듀크,매매,1006동,고/20,700000000,120.08,OWNER,l 동원단지 우리 l 세안고 l 선호타입 l 넓은전실 개별지하창고,25.07.16,"['15년이내', '방세개', '화장실두개', '고층']",남향,19270898.567621585
경기도,용인시 기흥구,영덕동,흥덕마을10단지동원로얄듀크,매매,1004동,중/20,730000000,120.08,OWNER,"전체올수리상태최상 확장형,입주협의",25.07.15,"['15년이내', '올수리', '방세개', '화장실두개']",남향,20096794.220519654
경기도,용인시 기흥구,영덕동,흥덕마을10단지동원로얄듀크,매매,1002동,고/20,750000000,120.08,OWNER,,25.07.15,"['15년이내', '방세개', '화장실두개', '고층']",남서향,20647391.3224517
경기도,용인시 기흥구,영덕동,흥덕마을10단지동원로얄듀크,월세,1008동,중/20,"5,000/160",120.08,OWNER,"동원단지 첫번째 사무실 l 융무 l 도배, LED 새로해줌 l 수납 좋음",25.07.15,"['15년이내', '융자금없는', '방세개', '화장실두개']",남향,
경기도,용인시 기흥구,영덕동,흥덕마을10단지동원로얄듀크,매매,1008동,중/20,720000000,120.08,OWNER,l 동원단지 우리 l 판상형 l 붙박이장 l 지하창고 有 l 대출금리우대,25.07.15,"['15년이내', '방세개', '화장실두개', '중층']",남향,19821495.669553634
경기도,용인시 기흥구,영덕동,흥덕마을10단지동원로얄듀크,매매,1003동,고/20,720000000,120.08,OWNER,로얄동 로얄층 l 확장 l 붙박이 l 안방 골프장뷰 l 지하창고,25.07.12,"['15년이내', '방세개', '화장실두개', '고층']",남향,19821495.669553634
경기도,용인시 기흥구,영덕동,흥덕마을10단지동원로얄듀크,매매,1007동,고/20,750000000,120.08,OWNER,동원단지 첫번째 사무실 l 국토부 계약 l 협의가능l 시원한 조망,25.07.11,"['15년이내', '방세개', '화장실두개', '고층']",남향,20647391.3224517
경기도,용인시 기흥구,영덕동,흥덕마을10단지동원로얄듀크,매매,1009동,중/20,700000000,120.08,OWNER,동원단지 우리 추천 l 확장 l 전망좋고 깨끗 l 대출금리우대,25.07.10,"['15년이내', '방세개', '화장실두개', '중층']",남향,19270898.567621585
경기도,용인시 기흥구,영덕동,흥덕마을10단지동원로얄듀크,매매,1003동,중/20,700000000,120.08,OWNER,"전세안고매매,거실전망좋고확장형",25.06.26,"['15년이내', '방세개', '화장실두개', '중층']",남향,19270898.567621585
경기도,용인시 기흥구,영덕동,흥덕마을11단지경남아너스빌,매매,1104동,5/15,770000000,193.03,OWNER,양면뷰로 최고의 단지조경 뷰 l 내부 깨끗하게 관리된 집 l,25.07.18,"['25년이내', '대형평수', '방네개이상', '화장실두개']",남서향,13186833.39377299
경기도,용인시 기흥구,영덕동,흥덕마을11단지경남아너스빌,매매,1101동,7/15,850000000,192.08,MOBL,입구동  입주협의,25.07.18,"['25년이내', '대형평수', '방네개이상', '화장실두개']",남향,14628890.306122448
경기도,용인시 기흥구,영덕동,흥덕마을11단지경남아너스빌,매매,1107동,4/15,750000000,192.08,OWNER,"조용한동 확장형, 입주일조정가",25.07.19,"['25년이내', '대형평수', '방네개이상', '화장실두개']",남향,12907844.387755103
경기도,용인시 기흥구,영덕동,흥덕마을11단지경남아너스빌,매매,1107동,2/15,760000000,192.08,OWNER,"숲세권 전망 좋은집, 피로티동이라 5층 높이, 경남옵션, 빠른입주도가능",25.07.18,"['25년이내', '대형평수', '방네개이상', '화장실두개']",남서향,13079948.979591837
경기도,용인시 기흥구,영덕동,흥덕마을11단지경남아너스빌,전세,1105동,7/15,700000000,192.08,OWNER,"남향, 밝고전망있는집, 조정가 ,도배해줌",25.07.18,"['25년이내', '대형평수', '방네개이상', '화장실두개']",남향,12047321.428571427
경기도,용인시 기흥구,영덕동,흥덕마을11단지경남아너스빌,매매,1105동,1/15,770000000,192.08,OWNER,입구동.확장형 옵션.시스템에어컨설치.입주협의,25.07.18,"['25년이내', '1층', '대형평수', '방네개이상']",남향,13252053.571428573
경기도,용인시 기흥구,영덕동,흥덕마을11단지경남아너스빌,매매,1101동,11/15,830000000,192.08,OWNER,대출금리우대 l 입구동으로 생활편리 l 즉시입주가능 l 인테리어공사 협의,25.07.17,"['25년이내', '대형평수', '방네개이상', '화장실두개']",남향,14284681.12244898
경기도,용인시 기흥구,영덕동,흥덕마을11단지경남아너스빌,월세,1101동,11/15,"5,000/200",192.08,OWNER,"남향, 전망굿, 밝고 환한집 빠른입주가능",25.07.16,"['25년이내', '대형평수', '방네개이상', '화장실두개']",남향,
경기도,용인시 기흥구,영덕동,흥덕마을11단지경남아너스빌,전세,1104동,15/15,600000000,192.08,OWNER,"조용하고 전망좋은집, 주차편리, 경남옵션",25.07.15,"['25년이내', '대형평수', '탑층', '방네개이상']",남향,10326275.510204082
경기도,용인시 기흥구,영덕동,흥덕마을11단지경남아너스빌,매매,1107동,1/15,760000000,192.08,OWNER,경남옵션 피로티1층 주차편리 층간소음 걱정없는집,25.07.15,"['25년이내', '1층', '대형평수', '방네개이상']",남향,13079948.979591837
경기도,용인시 기흥구,영덕동,흥덕마을11단지경남아너스빌,매매,1107동,12/15,850000000,192.08,OWNER,"조용한동 확장형, 입주일조정가",25.07.15,"['25년이내', '대형평수', '방네개이상', '화장실두개']",남향,14628890.306122448
경기도,용인시 기흥구,영덕동,흥덕마을11단지경남아너스빌,매매,1105동,9/15,790000000,192.08,OWNER,대출금리 할인가능 l 하시 방문가능 l 일조량 우수,25.07.15,"['25년이내', '대형평수', '방네개이상', '화장실두개']",남서향,13596262.75510204
경기도,용인시 기흥구,영덕동,흥덕마을11단지경남아너스빌,전세,1101동,1/15,600000000,192.08,OWNER,동선과 조망 좋고 사생활 간섭 없는 선호동 l 일조량 우수한 귀한 1층,25.07.15,"['25년이내', '융자금없는', '1층', '대형평수']",남서향,10326275.510204082
경기도,용인시 기흥구,영덕동,흥덕마을11단지경남아너스빌,매매,1105동,1/15,800000000,192.08,OWNER,"착한가격, 전망굿, 층간소음걱정끝, 입구동, 남향",25.07.12,"['25년이내', '1층', '대형평수', '방네개이상']",남향,13768367.346938776
경기도,용인시 기흥구,영덕동,흥덕마을11단지경남아너스빌,전세,1107동,중/15,630000000,192.08,OWNER,"시스템에어컨4대,확장형,주인거주로 깨끗,입주협의",25.07.18,"['25년이내', '대형평수', '방세개', '화장실두개']",남서향,10842589.285714285
경기도,용인시 기흥구,영덕동,흥덕마을11단지경남아너스빌,매매,1104동,저/15,800000000,192.08,OWNER,"남향, 전망굿, 밝고 환한집 입주조정가",25.07.15,"['25년이내', '대형평수', '방네개이상', '화장실두개']",남향,13768367.346938776
경기도,용인시 기흥구,영덕동,흥덕마을11단지경남아너스빌,매매,1101동,5/15,850000000,192.08,OWNER,"입구동, 경남옵션, 전망굿",25.07.08,"['25년이내', '대형평수', '방네개이상', '화장실두개']",남향,14628890.306122448
경기도,용인시 기흥구,영덕동,흥덕마을11단지경남아너스빌,매매,1101동,14/15,900000000,192.08,OWNER,"최신 인테리어된집  남향, 입구동, 전망굿",25.07.04,"['25년이내', '대형평수', '방네개이상', '화장실두개']",남향,15489413.265306123
경기도,용인시 기흥구,영덕동,흥덕마을11단지경남아너스빌,매매,1110동,1/15,730000000,192.08,OWNER,"피로티, 전망굿, 층간소음, 걱정없는집.",25.06.28,"['25년이내', '1층', '대형평수', '방네개이상']",남향,12563635.204081632
경기도,용인시 기흥구,영덕동,흥덕마을11단지경남아너스빌,매매,1101동,7/15,850000000,192.08,OWNER,투자물건 풀옵션 시스템에어컨  깨끗하고 일조량풍부 넓은공간,25.06.28,"['25년이내', '대형평수', '방네개이상', '화장실두개']",남향,14628890.306122448
경기도,용인시 기흥구,영덕동,흥덕마을11단지경남아너스빌,매매,1106동,4/15,700000000,143.2,OWNER,풀옵션 관리동 깨끗,25.07.18,"['25년이내', '대형평수', '방네개이상', '화장실두개']",남서향,16159563.547486035
경기도,용인시 기흥구,영덕동,흥덕마을11단지경남아너스빌,매매,1109동,12/15,720000000,143.2,OWNER,"추천하는 깨끗하고 예쁜집 l 안방,주방에서 보이는 예쁜 태광CC 트인뷰",25.07.18,"['25년이내', '대형평수', '방네개이상', '화장실두개']",남서향,16621265.363128494
경기도,용인시 기흥구,영덕동,흥덕마을11단지경남아너스빌,매매,1108동,2/15,630000000,143.2,OWNER,"전세안고매매,시스템에어컨,남향,주차편리,호수공원도보가능",25.07.18,"['25년이내', '대형평수', '방네개이상', '화장실두개']",남향,14543607.192737434
경기도,용인시 기흥구,영덕동,흥덕마을11단지경남아너스빌,매매,1106동,13/15,710000000,143.2,OWNER,"조용하고 환한집, 입주일 조정가, 전망굿,  경남옵션굿",25.07.17,"['25년이내', '대형평수', '방네개이상', '화장실두개']",남향,16390414.455307264
경기도,용인시 기흥구,영덕동,흥덕마을11단지경남아너스빌,매매,1109동,10/15,700000000,143.2,OWNER,"골프장뷰, 남남동향, 입주가능물건",25.07.15,"['25년이내', '대형평수', '방네개이상', '화장실두개']",남동향,16159563.547486035
경기도,용인시 기흥구,영덕동,흥덕마을11단지경남아너스빌,매매,1106동,15/15,750000000,143.2,OWNER,"전망좋고 빛잘드는집,회사옵션 관리잘된집,입주협의,빠른입주가능",25.07.15,"['25년이내', '대형평수', '탑층', '방네개이상']",남서향,17313818.086592183
경기도,용인시 기흥구,영덕동,흥덕마을11단지경남아너스빌,매매,1108동,고/15,730000000,143.2,OWNER,"골프장전망, 완전 강추, 확장, 풀인테리어 굿, 주인거주 정말깨끗,",25.07.20,"['25년이내', '대형평수', '방네개이상', '화장실두개']",남향,16852116.27094972
경기도,용인시 기흥구,영덕동,흥덕마을11단지경남아너스빌,매매,1108동,고/15,730000000,143.2,OWNER,l 판상형 l 거실 전망 좋음 l 조용한 로얄동 로얄층 l 입주협의,25.07.18,"['25년이내', '대형평수', '방네개이상', '화장실두개']",남서향,16852116.27094972
경기도,용인시 기흥구,영덕동,흥덕마을11단지경남아너스빌,매매,1108동,고/15,800000000,143.2,OWNER,"43, 주인거주 깨끗,  입주일 협의,  조용하고 해 잘드는 집",25.07.15,"['25년이내', '대형평수', '방네개이상', '화장실두개']",남향,18468072.625698328
경기도,용인시 기흥구,영덕동,흥덕마을11단지경남아너스빌,매매,1105동,저/15,790000000,143.2,OWNER,"입구동, 환하고 밝은집, 경남옵션시스템에어컨,확장형",25.07.12,"['25년이내', '대형평수', '방네개이상', '화장실두개']",남동향,18237221.717877097
경기도,용인시 기흥구,영덕동,흥덕마을11단지경남아너스빌,전세,1103동,저/15,440000000,143.2,OWNER,"단지 나무조망 예쁜집, 이사일 협의가능, 넓은 주차공간",25.07.11,"['25년이내', '대형평수', '방네개이상', '화장실두개']",남서향,10157439.94413408
경기도,용인시 기흥구,영덕동,흥덕마을11단지경남아너스빌,매매,1103동,8/15,730000000,143.2,DOC,,25.07.08,"['25년이내', '대형평수', '방네개이상', '화장실두개']",남서향,16852116.27094972
경기도,용인시 기흥구,영덕동,흥덕마을11단지경남아너스빌,매매,1108동,저/15,660000000,143.2,OWNER,"숲세권, 밝고 환한집, 경남옵션",25.06.27,"['25년이내', '대형평수', '방네개이상', '화장실두개']",남향,15236159.91620112
경기도,용인시 기흥구,영덕동,흥덕마을11단지경남아너스빌,매매,1102동,고/15,760000000,143.2,OWNER,전망 일조권 좋은 경남옵션,25.06.27,"['25년이내', '대형평수', '방네개이상', '화장실두개']",남향,17544668.99441341
경기도,용인시 기흥구,영덕동,흥덕마을11단지경남아너스빌,매매,1103동,고/15,750000000,143.2,OWNER,"앞동 전망굿, 경남옵션,투자물건",25.06.26,"['25년이내', '대형평수', '방네개이상', '화장실두개']",남향,17313818.086592183
경기도,용인시 기흥구,영덕동,흥덕마을11단지경남아너스빌,매매,1105동,1/15,620000000,142.9,NDOC1,"특올수리, 가성비 최고, 투자금 적은, 입구동, 남향",25.07.11,"['25년이내', '올수리', '1층', '대형평수']",남서향,14342804.058782365
경기도,용인시 기흥구,영덕동,흥덕마을11단지경남아너스빌,매매,1106동,저/15,750000000,142.9,OWNER,"행복한집, 주인거주하며 관리잘된 예쁘고 환한집, 올확장, 풀시스템에어컨",25.06.26,"['25년이내', '대형평수', '방네개이상', '화장실두개']",남서향,17350166.20013996
경기도,용인시 기흥구,영덕동,흥덕마을11단지경남아너스빌,매매,1109동,9/15,730000000,142.88,OWNER,빠른입주가 풀옵션 시스템에어컨 붙박이장 채광좋은집,25.07.18,"['25년이내', '대형평수', '방네개이상', '화장실두개']",남동향,16889858.97256439
경기도,용인시 기흥구,영덕동,흥덕마을11단지경남아너스빌,매매,1102동,14/15,730000000,142.88,MOBL,전망굿.인테리어굿 . 투자물건,25.07.15,"['25년이내', '대형평수', '방네개이상', '화장실두개']",남동향,16889858.97256439
경기도,용인시 기흥구,영덕동,흥덕마을12단지신동아파밀리에,매매,1213동,19/20,810000000,174.45,OWNER,전망 트이고 관리 잘된집,25.07.19,"['25년이내', '대형평수', '방네개이상', '화장실두개']",남서향,15349302.665520208
경기도,용인시 기흥구,영덕동,흥덕마을12단지신동아파밀리에,매매,1213동,10/20,850000000,174.45,OWNER,"사진O, 모던한 내부 인테리어, 주인거주로 최상급 컨디션, 저녁노을 가득",25.07.17,"['25년이내', '대형평수', '방네개이상', '화장실두개']",남서향,16107292.920607625
경기도,용인시 기흥구,영덕동,흥덕마을12단지신동아파밀리에,매매,1206동,중/20,830000000,174.45,OWNER,로얄동의 선호 라인으로 조용하고 해잘드는 관리잘된 집입니다,25.07.19,"['25년이내', '화장실두개', '대형평수', '방네개이상']",남서향,15728297.793063916
경기도,용인시 기흥구,영덕동,흥덕마을12단지신동아파밀리에,전세,1204동,12/18,630000000,174.45,MOBL,"주인거주, 햇살좋은 남향집, 도배, 전등 교체",25.07.08,"['25년이내', '대형평수', '방네개이상', '화장실두개']",남향,11938346.517626828
경기도,용인시 기흥구,영덕동,흥덕마을12단지신동아파밀리에,매매,1213동,14/20,800000000,174.45,OWNER,해잘들고 전망좋은 관리 잘된 집입니다,25.07.08,"['25년이내', '화장실두개', '대형평수', '방네개이상']",남서향,15159805.101748355
경기도,용인시 기흥구,영덕동,흥덕마을12단지신동아파밀리에,매매,1206동,저/20,800000000,174.45,OWNER,단지 중앙동의 조용한 집으로 일부 수리된 집입니다,25.07.12,"['25년이내', '화장실두개', '대형평수', '방네개이상']",남서향,15159805.101748355
경기도,용인시 기흥구,영덕동,흥덕마을12단지신동아파밀리에,매매,1205동,고/20,800000000,174.45,OWNER,선호동의 정남향집으로 초등학교 근접동입니다,25.07.11,"['25년이내', '대형평수', '화장실두개', '방네개이상']",남향,15159805.101748355
경기도,용인시 기흥구,영덕동,흥덕마을12단지신동아파밀리에,매매,1205동,중/20,810000000,174.45,NDOC1,52P 햇살좋은 정남향.초등학교 인접동.주인거주로 관리잘된집,25.07.10,"['25년이내', '대형평수', '방네개이상', '화장실두개']",남향,15349302.665520208
경기도,용인시 기흥구,영덕동,흥덕마을12단지신동아파밀리에,매매,1206동,17/20,845000000,174.45,OWNER,선호동의 밝고 전망좋은 집으로 시스템에어컨포함 인테리어 잘된집입니다,25.07.02,"['25년이내', '대형평수', '화장실두개', '방네개이상']",남서향,16012544.1387217
경기도,용인시 기흥구,영덕동,흥덕마을12단지신동아파밀리에,매매,1204동,5/18,830000000,174.45,MOBL,전망좋은 남향집 주인거주하는 관리잘된 깨끗한 집,25.06.24,"['25년이내', '대형평수', '방네개이상', '화장실두개']",남향,15728297.793063916
경기도,용인시 기흥구,영덕동,흥덕마을12단지신동아파밀리에,매매,1204동,10/18,800000000,174.45,MOBL,"전망좋은 앞동,시스템에어컨, 주인거주하는 깨끗하고 관리 잘된 집",25.06.24,"['25년이내', '대형평수', '방네개이상', '화장실두개']",남향,15159805.101748355
경기도,용인시 기흥구,영덕동,흥덕마을12단지신동아파밀리에,매매,1201동,5/12,800000000,164.76,OWNER,정남향 확장형으로 집상태 깨끗 일조권도 좋아 거주하기 좋은집,25.07.17,"['25년이내', '대형평수', '방네개이상', '화장실두개']",남향,16051395.969895609
경기도,용인시 기흥구,영덕동,흥덕마을12단지신동아파밀리에,전세,1201동,11/12,600000000,164.76,OWNER,접근성 좋은 정남향으로 관리잘된 집입니다,25.07.11,"['25년이내', '대형평수', '화장실두개', '방네개이상']",남향,12038546.977421705
경기도,용인시 기흥구,영덕동,흥덕마을12단지신동아파밀리에,매매,1203동,12/12,760000000,164.76,OWNER,"층간소음 없는 탑층, 인테리어된 남향집입니다",25.07.09,"['25년이내', '화장실두개', '대형평수', '탑층']",남향,15248826.171400826
경기도,용인시 기흥구,영덕동,흥덕마을12단지신동아파밀리에,매매,1201동,11/12,800000000,164.76,MOBL,"주인거주, 햇살좋고 관리잘된 판상형, 시스템에어컨",25.07.07,"['25년이내', '대형평수', '방네개이상', '화장실두개']",남향,16051395.969895609
경기도,용인시 기흥구,영덕동,흥덕마을12단지신동아파밀리에,매매,1208동,6/20,800000000,164.76,DOC,"용서고속도로 입출구 인근, 로얄동, 전망 툭 트인 집",25.07.18,"['25년이내', '대형평수', '방네개이상', '화장실두개']",남향,16051395.969895609
경기도,용인시 기흥구,영덕동,흥덕마을12단지신동아파밀리에,전세,1212동,8/20,600000000,164.76,OWNER,A정성어린. 단독. 공동환영. 귀한전세. 주인분거주. 에어컨5대. 중문,25.07.07,"['25년이내', '대형평수', '방네개이상', '화장실두개']",남향,12038546.977421705
경기도,용인시 기흥구,영덕동,흥덕마을12단지신동아파밀리에,매매,1203동,고/12,770000000,164.76,OWNER,"정남형, 투자물건2.5억, 25년7월 만기",25.07.12,"['25년이내', '대형평수', '방네개이상', '화장실두개']",남향,15449468.621024523
경기도,용인시 기흥구,영덕동,흥덕마을12단지신동아파밀리에,매매,1202동,중/12,770000000,164.76,OWNER,"인테리어 새로한집, 정남향, 강남교통편리",25.07.12,"['25년이내', '대형평수', '방네개이상', '화장실두개']",남향,15449468.621024523
경기도,용인시 기흥구,영덕동,흥덕마을12단지신동아파밀리에,매매,1212동,중/20,750000000,164.76,DOC,해잘들고 전망 트인 관리잘된 집입니다,25.07.08,"['25년이내', '화장실두개', '대형평수', '방네개이상']",남서향,15048183.721777132
경기도,용인시 기흥구,영덕동,흥덕마을12단지신동아파밀리에,매매,1214동,6/20,750000000,152.29,OWNER,접근성 좋은 밝은 집으로 관리잘된 집입니다,25.07.12,"['25년이내', '화장실두개', '대형평수', '방세개']",남동향,16280377.89743253
경기도,용인시 기흥구,영덕동,흥덕마을12단지신동아파밀리에,전세,1212동,18/20,450000000,152.29,MOBL,"시스템 에어컨, 전망좋고 햇살좋은 집",25.07.10,"['25년이내', '대형평수', '방네개이상', '화장실두개']",남동향,9768226.73845952
경기도,용인시 기흥구,영덕동,흥덕마을12단지신동아파밀리에,매매,1208동,19/20,750000000,152.29,OWNER,산 전망 좋고  일부 인테리어 된집,25.07.11,"['25년이내', '대형평수', '방네개이상', '화장실두개']",남서향,16280377.89743253
경기도,용인시 기흥구,영덕동,흥덕마을12단지신동아파밀리에,매매,1214동,1/20,700000000,152.29,OWNER,층간소음 걱정없는  피로티 높이의 해잘드는 1층,25.07.11,"['25년이내', '1층', '화장실두개', '대형평수']",남동향,15195019.370937029
경기도,용인시 기흥구,영덕동,흥덕마을12단지신동아파밀리에,매매,1209동,4/20,730000000,152.29,OWNER,빠른 입주 가능 조용하고 숲 전망 좋은 집.,25.07.10,"['25년이내', '대형평수', '방네개이상', '화장실두개']",남서향,15846234.486834332
경기도,용인시 기흥구,영덕동,흥덕마을12단지신동아파밀리에,매매,1212동,3/20,720000000,152.29,OWNER,해잘들고 전망좋은 일부 수리된 집입니다,25.07.08,"['25년이내', '화장실두개', '대형평수', '방세개']",남서향,15629162.781535232
경기도,용인시 기흥구,영덕동,흥덕마을12단지신동아파밀리에,매매,1212동,저/20,700000000,152.29,OWNER,해잘들고 전망좋은 집입니다,25.07.08,"['25년이내', '화장실두개', '대형평수', '방네개이상']",남서향,15195019.370937029
경기도,용인시 기흥구,영덕동,흥덕마을12단지신동아파밀리에,매매,1213동,9/20,750000000,152.29,MOBL,"전망좋고 깨끗한 인테리어 된 집, 주인거주",25.06.24,"['25년이내', '대형평수', '방네개이상', '화장실두개']",남동향,16280377.89743253
경기도,용인시 기흥구,영덕동,흥덕마을12단지신동아파밀리에,매매,1211동,7/20,700000000,152.29,DOC,빠른입주도 가능. 화이트톤. 빌트인냉장고. 오븐. 투인원에어컨.,25.06.25,"['25년이내', '대형평수', '방네개이상', '화장실두개']",남동향,15195019.370937029
경기도,용인시 기흥구,영덕동,흥덕마을12단지신동아파밀리에,매매,1207동,17/20,690000000,139.73,OWNER,관리잘되어컨디션굿 입주협의가능 밝고트인거실조망 강추해요.,25.07.10,"['25년이내', '대형평수', '방네개이상', '화장실두개']",남서향,16324280.040077295
경기도,용인시 기흥구,영덕동,흥덕마을12단지신동아파밀리에,매매,1207동,16/20,710000000,139.73,OWNER,"시스템에어컨,단지 중앙동으로 해잘들고 수리잘된 집입니다",25.07.08,"['25년이내', '화장실두개', '대형평수', '방네개이상']",남서향,16797447.57747084
경기도,용인시 기흥구,영덕동,흥덕마을12단지신동아파밀리에,매매,1214동,7/20,690000000,139.73,OWNER,전망 트이고 관리 잘된집,25.06.28,"['25년이내', '대형평수', '방네개이상', '화장실두개']",남동향,16324280.040077295
경기도,용인시 기흥구,영덕동,흥덕마을12단지신동아파밀리에,매매,1209동,중/20,690000000,139.73,OWNER,조용한 남향집으로 해잘들고 관리잘된 집입니다,25.06.27,"['25년이내', '화장실두개', '대형평수', '방네개이상']",남서향,16324280.040077295
경기도,용인시 기흥구,영덕동,흥덕마을12단지신동아파밀리에,매매,1209동,저/20,690000000,139.73,OWNER,조용한 남향집으로 관리잘된 집입니다,25.06.27,"['25년이내', '화장실두개', '대형평수', '방네개이상']",남서향,16324280.040077295
경기도,용인시 기흥구,영덕동,흥덕마을12단지신동아파밀리에,매매,1209동,18/20,690000000,139.47,OWNER,급매 탁트인 뷰 고층매물 주인거주 깔끔,25.07.18,"['25년이내', '급매', '대형평수', '방네개이상']",남동향,16354711.765971178
경기도,용인시 기흥구,영덕동,흥덕마을12단지신동아파밀리에,매매,1211동,18/20,700000000,139.47,OWNER,입주가능해요 탁트인 전망 인테리어 수리하여 엄청 깨끗하고 환해요,25.07.16,"['25년이내', '대형평수', '방네개이상', '화장실두개']",남동향,16591736.574173657
경기도,용인시 기흥구,영덕동,흥덕마을12단지신동아파밀리에,매매,1206동,19/20,700000000,139.47,OWNER,단지 중앙동으로 전망좋고 관리잘된 집입니다,25.07.11,"['25년이내', '화장실두개', '대형평수', '방네개이상']",남동향,16591736.574173657
경기도,용인시 기흥구,영덕동,흥덕마을12단지신동아파밀리에,매매,1209동,저/20,670000000,139.47,OWNER,산조망 좋고 조용한집,25.07.17,"['25년이내', '대형평수', '방네개이상', '화장실두개']",남동향,15880662.149566215
경기도,용인시 기흥구,영덕동,흥덕마을12단지신동아파밀리에,매매,1208동,4/20,670000000,139.47,OWNER,숲 전망 좋고 관리 잘된집.,25.07.10,"['25년이내', '대형평수', '방네개이상', '화장실두개']",남동향,15880662.149566215
경기도,용인시 기흥구,영덕동,흥덕마을12단지신동아파밀리에,매매,1214동,5/20,710000000,139.47,NDOC1,"주인거주중, 로얄동 로얄층, 입주일정협의넉넉하게 가능",25.07.10,"['25년이내', '대형평수', '방네개이상', '화장실두개']",남향,16828761.382376138
경기도,용인시 기흥구,영덕동,흥덕마을12단지신동아파밀리에,매매,1207동,4/20,700000000,139.47,NDOC1,초등학교인접동.대출금리우대.판상형.뻥뚫린 전망.채광굿.주인거주로 깨끗,25.07.10,"['25년이내', '대형평수', '방네개이상', '화장실두개']",남동향,16591736.574173657
경기도,용인시 기흥구,영덕동,흥덕마을12단지신동아파밀리에,매매,1212동,7/20,720000000,139.47,MOBL,"인테리어 깨끗한 집 주인 거주, 전망 좋고 햇살 좋은 집",25.07.07,"['25년이내', '대형평수', '방네개이상', '화장실두개']",남동향,17065786.19057862
경기도,용인시 기흥구,영덕동,흥덕마을12단지신동아파밀리에,매매,1210동,10/20,670000000,139.47,OWNER,"급매,세안고,산조망이 예쁜 관리잘된 집입니다",25.07.08,"['25년이내', '급매', '화장실두개', '대형평수']",남동향,15880662.149566215
경기도,용인시 기흥구,영덕동,흥덕마을12단지신동아파밀리에,매매,1213동,8/20,690000000,139.47,OWNER,전망좋은 판상형집입니다,25.06.27,"['25년이내', '화장실두개', '대형평수', '방네개이상']",남동향,16354711.765971178
경기도,용인시 기흥구,영덕동,흥덕마을12단지신동아파밀리에,매매,1211동,중/20,690000000,139.47,OWNER,전망좋은 판상형의 관리잘된 집입니다,25.07.02,"['25년이내', '화장실두개', '대형평수', '방네개이상']",남동향,16354711.765971178
경기도,용인시 기흥구,영덕동,흥덕마을12단지신동아파밀리에,월세,1207동,고/20,2억/140,139.47,DOC,단지 중앙동의 조용한 관리잘된 집입니다,25.07.11,"['25년이내', '화장실두개', '대형평수', '방네개이상']",남동향,
경기도,용인시 기흥구,영덕동,흥덕마을13단지경남아너스빌,매매,1306동,17/19,680000000,192.29,OWNER,"정남향의 탁 트인 뷰,",25.07.18,"['25년이내', '대형평수', '방네개이상', '화장실두개']",남향,11690331.270476885
경기도,용인시 기흥구,영덕동,흥덕마을13단지경남아너스빌,월세,1303동,10/19,1억/180,192.29,OWNER,"l 무융자 l 정남향,햇살맛집 l 올확장,풀에어컨,방4개 l 입주협의 l",25.07.18,"['25년이내', '융자금없는', '대형평수', '방네개이상']",남향,
경기도,용인시 기흥구,영덕동,흥덕마을13단지경남아너스빌,매매,1303동,10/19,700000000,192.29,OWNER,"l 정남향,햇살맛집 l 올확장,풀에어컨,방4개 l 입주협의 l",25.07.18,"['25년이내', '대형평수', '방네개이상', '화장실두개']",남향,12034164.54313797
경기도,용인시 기흥구,영덕동,흥덕마을13단지경남아너스빌,월세,1305동,11/18,2억/130,192.29,OWNER,주인거주 융무 남향 풀옵션  전월세가능해요 로얄동층,25.07.15,"['25년이내', '융자금없는', '대형평수', '방네개이상']",남향,
경기도,용인시 기흥구,영덕동,흥덕마을13단지경남아너스빌,매매,1306동,고/19,750000000,192.29,MOBL,"앞동으로 확트인 전망과 밝고 따뜻한 집, 시스템에어컨 등 풀옵션, 남향",25.07.18,"['25년이내', '대형평수', '방네개이상', '화장실두개']",남향,12893747.724790681
경기도,용인시 기흥구,영덕동,흥덕마을13단지경남아너스빌,매매,1303동,15/19,670000000,192.29,OWNER,세안고  확장 및 에어컨 수납공간굿  조용하며 주차편리해요,25.07.11,"['25년이내', '대형평수', '방네개이상', '화장실두개']",남향,11518414.634146342
경기도,용인시 기흥구,영덕동,흥덕마을13단지경남아너스빌,전세,1306동,중/19,590000000,192.29,OWNER,"전망굿, 인테리어된집",25.07.18,"['25년이내', '대형평수', '방네개이상', '화장실두개']",남향,10143081.543502003
경기도,용인시 기흥구,영덕동,흥덕마을13단지경남아너스빌,매매,1306동,중/19,850000000,192.29,OWNER,"확 트인 뷰, 올확장,채광풍부,시스템에어컨, 풀인테리어.",25.07.15,"['25년이내', '대형평수', '방네개이상', '화장실두개']",남향,14612914.088096106
경기도,용인시 기흥구,영덕동,흥덕마을13단지경남아너스빌,전세,1306동,저/19,570000000,192.29,OWNER,"탁 트인 정남향,  올 화이트로 최상의 인테리어, 주차편리함.",25.07.12,"['25년이내', '융자금적은', '대형평수', '방네개이상']",남향,9799248.270840919
경기도,용인시 기흥구,영덕동,흥덕마을13단지경남아너스빌,매매,1305동,고/18,780000000,192.29,OWNER,"풀올수리, 시원한뷰, 시스템에어컨",25.07.11,"['25년이내', '올수리', '대형평수', '방네개이상']",남향,13409497.633782309
경기도,용인시 기흥구,영덕동,흥덕마을13단지경남아너스빌,매매,1302동,중/14,650000000,192.29,OWNER,"입주또는세안고가능, 확장,조정가능",25.07.08,"['25년이내', '대형평수', '방네개이상', '화장실두개']",남향,11174581.361485258
경기도,용인시 기흥구,영덕동,흥덕마을13단지경남아너스빌,매매,1306동,2/19,680000000,192.29,OWNER,정남향으로 저층이지만 대지가 높아서 환하고 좋아요,25.07.01,"['25년이내', '대형평수', '방네개이상', '화장실두개']",남향,11690331.270476885
경기도,용인시 기흥구,영덕동,흥덕마을13단지경남아너스빌,전세,1305동,11/18,530000000,192.29,OWNER,주인거주  융무 남향 풀옵션 8월중순 협의가능,25.07.01,"['25년이내', '융자금없는', '대형평수', '방네개이상']",남향,9111581.725518748
경기도,용인시 기흥구,영덕동,흥덕마을13단지경남아너스빌,매매,1306동,중/19,710000000,192.29,OWNER,맨 앞동.정남향 뻥뷰. 시스템에어컨8대새대로 설치 서재포함 방 5개,25.07.08,"['25년이내', '대형평수', '방네개이상', '화장실두개']",남향,12206081.17946851
경기도,용인시 기흥구,영덕동,흥덕마을13단지경남아너스빌,월세,1306동,고/19,4억/75,192.29,TEL,"5억5천,전세 가능,정남향의 밝고 넓은 아파트,주차 편리해요.",25.07.12,"['25년이내', '융자금없는', '대형평수', '방네개이상']",남향,
경기도,용인시 기흥구,영덕동,흥덕마을13단지경남아너스빌,매매,1302동,7/14,680000000,192.29,OWNER,l 동원우리 l 풀옵션 l 정남향 l 올확장 l 빠른입주 가능,25.06.28,"['25년이내', '대형평수', '방네개이상', '화장실두개']",남향,11690331.270476885
경기도,용인시 기흥구,영덕동,흥덕마을13단지경남아너스빌,매매,1303동,18/19,750000000,192.29,DOC,,25.06.24,"['25년이내', '대형평수', '방네개이상', '화장실두개']",남향,12893747.724790681
경기도,용인시 기흥구,영덕동,흥덕마을13단지경남아너스빌,매매,1303동,고/19,770000000,192.29,DOC,올확장 풀옵션 대리석바닥 3중샷시창 상태굿,25.06.24,"['25년이내', '대형평수', '방세개', '화장실두개']",남향,13237580.997451767
경기도,용인시 기흥구,영덕동,흥덕마을13단지경남아너스빌,매매,1302동,고/14,700000000,192.29,DOC,올확장 풀옵션 대리석바닥 상태굿,25.06.24,"['25년이내', '대형평수', '방네개이상', '화장실두개']",남향,12034164.54313797
경기도,용인시 기흥구,영덕동,흥덕마을13단지경남아너스빌,매매,1305동,저/18,730000000,192.29,DOC,탁트인 남향뷰 앞동 올확장 풀옵션 주인거주 상태굿,25.06.24,"['25년이내', '대형평수', '방네개이상', '화장실두개']",남향,12549914.452129597
경기도,용인시 기흥구,영덕동,흥덕마을13단지경남아너스빌,매매,1307동,저/20,620000000,143.3,NDOC1,"43A,남향,올확장,시에4대,정상입주,조용한동,흥덕IC,신갈IC",25.07.18,"['25년이내', '대형평수', '방네개이상', '화장실두개']",남향,14302768.318213537
경기도,용인시 기흥구,영덕동,흥덕마을13단지경남아너스빌,매매,1304동,중/20,590000000,143.3,OWNER,정남향의 밝고 깔끔한 로얄층.,25.07.16,"['25년이내', '대형평수', '방세개', '화장실두개']",남향,13610698.88346127
경기도,용인시 기흥구,영덕동,흥덕마을13단지경남아너스빌,매매,1307동,5/20,620000000,143.3,OWNER,"정남향, 숲속아파트, 시스템에4대,  확장, 작은방트임",25.07.09,"['25년이내', '대형평수', '방네개이상', '화장실두개']",남향,14302768.318213537
경기도,용인시 기흥구,영덕동,흥덕마을13단지경남아너스빌,매매,1307동,10/20,590000000,143.3,OWNER,12월입주가능  산조망권  확장 시스템에어컨,25.07.02,"['25년이내', '대형평수', '방네개이상', '화장실두개']",동향,13610698.88346127
경기도,용인시 기흥구,영덕동,흥덕마을13단지경남아너스빌,매매,1301동,9/20,600000000,143.3,DOC,"남향,  세안고,확장",25.07.08,"['25년이내', '대형평수', '방네개이상', '화장실두개']",남향,13841388.69504536
경기도,용인시 기흥구,영덕동,흥덕마을13단지경남아너스빌,매매,1304동,3/20,600000000,143.3,DOC,올확장 풀옵션 숲조망과 정원뷰가 같이 있는 남향,25.07.08,"['25년이내', '대형평수', '방세개', '화장실두개']",남향,13841388.69504536
경기도,용인시 기흥구,영덕동,흥덕마을13단지경남아너스빌,매매,1301동,저/20,585000000,143.3,DOCV2,"세안고   남향 확장 시스템에어컨 붙박이장설치  딱트인뷰, 일부수리",25.07.08,"['25년이내', '대형평수', '방네개이상', '화장실두개']",남향,13495353.977669226
경기도,용인시 기흥구,영덕동,흥덕마을13단지경남아너스빌,매매,1301동,중/20,650000000,143.3,OWNER,정남향의  깔끔하고   인테리어   좋은 매물.,25.06.26,"['25년이내', '대형평수', '방세개', '화장실두개']",남향,14994837.752965806
경기도,용인시 기흥구,영덕동,흥덕마을13단지경남아너스빌,매매,1301동,중/20,630000000,143.3,DOC,올확장 풀옵션 주인거주 상태굿,25.06.24,"['25년이내', '대형평수', '방네개이상', '화장실두개']",남향,14533458.129797626
경기도,용인시 기흥구,영덕동,흥덕마을13단지경남아너스빌,매매,1301동,고/20,670000000,143.3,DOC,올확장 풀옵션 탁트인 넓은 산뷰를 품은 별장같은 아파트,25.06.24,"['25년이내', '대형평수', '방네개이상', '화장실두개']",동향,15456217.376133986
경기도,용인시 기흥구,영덕동,흥덕마을13단지경남아너스빌,매매,1304동,저/20,580000000,143.3,DOC,"올확장 풀옵션 전등교체, 도배  시원한 산 뷰 상태굿",25.06.24,"['25년이내', '대형평수', '방네개이상', '화장실두개']",동향,13380009.071877182
경기도,용인시 기흥구,영덕동,흥덕마을13단지경남아너스빌,매매,1304동,고/20,700000000,143.3,DOC,풀옵션 올확장 관리잘되어 상태굿 주인거주,25.06.24,"['25년이내', '대형평수', '방네개이상', '화장실두개']",남향,16148286.810886255
경기도,용인시 기흥구,영덕동,흥덕마을13단지경남아너스빌,매매,1307동,4/20,620000000,143,OWNER,입주가능한 저렴한매물 조용한동 햇빛충분 환하고 밝은집,25.07.16,"['25년이내', '대형평수', '방세개', '화장실두개']",남향,14332774.125874126
경기도,용인시 기흥구,영덕동,흥덕마을13단지경남아너스빌,매매,1304동,13/20,650000000,143,NDOC1,올확장.시스템에어컨4대.붙박이장.밝은집.하시입주가능,25.07.15,"['25년이내', '대형평수', '방세개', '화장실두개']",남향,15026295.454545457
경기도,용인시 기흥구,영덕동,흥덕마을13단지경남아너스빌,매매,1307동,고/20,700000000,143,OWNER,"탁 트인 정남향과 숲뷰를 함께볼 수 있는  인기많은 동, 주차 편리.",25.07.18,"['25년이내', '대형평수', '방세개', '화장실두개']",남향,16182164.335664338
경기도,용인시 기흥구,영덕동,흥덕마을13단지경남아너스빌,매매,1301동,저/20,650000000,143,OWNER,주인거주  남향 최근입주시 리모델링 숲세권,25.07.15,"['25년이내', '대형평수', '방네개이상', '화장실두개']",남향,15026295.454545457
경기도,용인시 기흥구,영덕동,흥덕마을13단지경남아너스빌,매매,1307동,중/20,650000000,143,OWNER,해 잘들고 뷰 트인집주인거주로 깨끗 일부인테리어올마루LED교체,25.07.15,"['25년이내', '대형평수', '방세개', '화장실두개']",남향,15026295.454545457
경기도,용인시 기흥구,영덕동,흥덕마을13단지경남아너스빌,매매,1304동,중/20,610000000,143,OWNER,"입주가  전체확장형이며  시스템에어컨 붙박이장등 전체 도배,등최근교체",25.07.11,"['25년이내', '대형평수', '방세개', '화장실두개']",남향,14101600.34965035
경기도,용인시 기흥구,영덕동,흥덕마을13단지경남아너스빌,매매,1301동,고/20,600000000,143,DOC,넓은 산뷰를  품은 별장같은 아파트  주차편리,25.06.24,"['25년이내', '대형평수', '방네개이상', '화장실두개']",남동향,13870426.573426573
경기도,용인시 기흥구,영덕동,흥덕마을14단지호반베르디움,매매,1401동,14/20,780000000,158.55,OWNER,빠른입주 가능하고 깨끗하게 관리 잘된집이에요 먼저보세요,25.07.19,"['25년이내', '대형평수', '방세개', '화장실세개']",남동향,16263086.09271523
경기도,용인시 기흥구,영덕동,흥덕마을14단지호반베르디움,매매,1404동,5/20,690000000,158.55,OWNER,추천 l 숲조망으로 예쁜집 l 흥덕도서관 인근 l,25.07.15,"['25년이내', '대형평수', '방네개이상', '화장실세개']",남동향,14386576.158940397
경기도,용인시 기흥구,영덕동,흥덕마을14단지호반베르디움,매매,1402동,2/20,700000000,158.55,OWNER,"주차편리,거실전망좋은집,빛잘들고 개방감좋은집",25.07.15,"['25년이내', '대형평수', '방네개이상', '화장실세개']",남서향,14595077.262693157
경기도,용인시 기흥구,영덕동,흥덕마을14단지호반베르디움,매매,1402동,2/20,700000000,158.55,OWNER,조용하고 단지 조망이 예쁜 집입니다,25.07.08,"['25년이내', '화장실세개', '대형평수', '방네개이상']",남동향,14595077.262693157
경기도,용인시 기흥구,영덕동,흥덕마을14단지호반베르디움,매매,1403동,10/20,800000000,158.55,OWNER,산조망 좋고 밝으며 관리 잘된집,25.07.04,"['25년이내', '대형평수', '방네개이상', '화장실세개']",남서향,16680088.300220752
경기도,용인시 기흥구,영덕동,흥덕마을14단지호반베르디움,매매,1404동,고/20,800000000,158.55,OWNER,"주인거주 즉시입주 가능, 잘 관리된 매물로 적극 추천합니다.",25.07.05,"['25년이내', '대형평수', '방네개이상', '화장실두개']",남동향,16680088.300220752
경기도,용인시 기흥구,영덕동,흥덕마을14단지호반베르디움,매매,1401동,14/20,780000000,158.55,OWNER,교통편리하고 깨끗   고서관 초등학교근접,25.06.28,"['25년이내', '대형평수', '방세개', '화장실세개']",남동향,16263086.09271523
경기도,용인시 기흥구,영덕동,흥덕마을14단지호반베르디움,매매,1404동,중/20,710000000,158.55,OWNER,시스템에어컨4 l 뻥.뷰 l 풀옵션 l 석현초 l 단지앞광역버스l 세안고,25.06.28,"['25년이내', '대형평수', '방네개이상', '화장실세개']",남서향,14803578.366445916
경기도,용인시 기흥구,영덕동,흥덕마을14단지호반베르디움,매매,1402동,저/20,690000000,158.55,OWNER,"세끼고,단지 조망이 예쁘게 보이는 조용한집입니다",25.06.27,"['25년이내', '화장실세개', '대형평수', '방네개이상']",남동향,14386576.158940397
경기도,용인시 기흥구,영덕동,흥덕마을14단지호반베르디움,매매,1404동,중/20,750000000,158.55,OWNER,시원한 산 조망 l 관리 잘 된 집 l 26년 2월 입주협의,25.06.25,"['25년이내', '대형평수', '방세개', '화장실세개']",남동향,15637582.781456955
경기도,용인시 기흥구,영덕동,흥덕마을14단지호반베르디움,월세,1401동,1/20,2억/130,158.52,OWNER,입주.귀한판상형구조.필로티1층.트인공원전망좋음.초등.버스정류장.도서관앞,25.07.15,"['25년이내', '1층', '필로티', '대형평수']",남서향,
경기도,용인시 기흥구,영덕동,흥덕마을14단지호반베르디움,매매,1402동,5/20,800000000,158.52,OWNER,"햇볕잘드는집,확장형, 입주협의가능",25.07.11,"['25년이내', '대형평수', '방네개이상', '화장실세개']",남서향,16683245.016401716
경기도,용인시 기흥구,영덕동,흥덕마을14단지호반베르디움,매매,1404동,저/20,790000000,158.52,OWNER,"시스템에어컨, 확장, 깔끔한 집, 조용하고 일조량 훌륭, 예쁜 조경뷰",25.07.17,"['25년이내', '대형평수', '방네개이상', '화장실세개']",남동향,16474704.453696694
경기도,용인시 기흥구,영덕동,흥덕마을14단지호반베르디움,매매,1402동,중/20,750000000,158.52,OWNER,"늦은시간 여유있는주차편리아파트,확장형,전망좋고깨끗,입주협의",25.07.15,"['25년이내', '대형평수', '방네개이상', '화장실세개']",남향,15640542.202876607
경기도,용인시 기흥구,영덕동,흥덕마을14단지호반베르디움,매매,1401동,저/20,690000000,158.52,OWNER,단지조경이 예쁘게 보이는 관리잘된 집입니다,25.07.11,"['25년이내', '화장실세개', '대형평수', '방네개이상']",남서향,14389298.82664648
경기도,용인시 기흥구,영덕동,흥덕마을14단지호반베르디움,매매,1403동,저/20,750000000,158.52,NDOC1,"앞,뒤 트인 정원전망이 아주 예쁜집 언제든지 입주가능해요",25.07.10,"['25년이내', '마당', '대형평수', '방네개이상']",남향,15640542.202876607
경기도,용인시 기흥구,영덕동,흥덕마을14단지호반베르디움,매매,1402동,11/20,730000000,158.52,OWNER,선호타입으로 풀옵션의 조망좋은 밝은 집입니다,25.07.02,"['25년이내', '화장실세개', '대형평수', '방네개이상']",남서향,15223461.077466564
경기도,용인시 기흥구,영덕동,흥덕마을14단지호반베르디움,매매,1403동,17/20,1200000000,158.52,NONE,"전망굿 동,층호수 최고 (전세도가능 7억)하시",25.06.23,"['25년이내', '대형평수', '방네개이상', '화장실세개']",남서향,25024867.524602573
경기도,용인시 기흥구,영덕동,흥덕마을7단지힐스테이트,매매,704동,중/15,800000000,116.45,OWNER,판상형 호수 수영장근접 조용하고 깨끗 흥덕역착공 교통 초중고 이마트등5분,25.07.19,"['15년이내', '방세개', '화장실두개', '중층']",남동향,22710416.487762988
경기도,용인시 기흥구,영덕동,흥덕마을7단지힐스테이트,매매,706동,고/20,830000000,116.45,OWNER,판상형 호수 수영장근접 조용 하시입주 흥덕역착공 교통 초중고 이마트등근접,25.07.07,"['15년이내', '방세개', '화장실두개', '고층']",남서향,23562057.1060541
경기도,용인시 기흥구,영덕동,흥덕마을7단지힐스테이트,매매,706동,중/20,860000000,116.45,OWNER,"전세안고, 햇빛좋은 판상형, 조용한 숲조망,흥덕역공사중 투자자 추천함.",25.07.01,"['15년이내', '방세개', '화장실두개', '중층']",남동향,24413697.724345215
경기도,용인시 기흥구,영덕동,흥덕마을7단지힐스테이트,매매,709동,20/20,790000000,115.75,OWNER,"채광 좋고 앞뒤로 시원한 뻥뷰 입구동으로 편리함, 입주협의가능",25.07.19,"['15년이내', '탑층', '방세개', '화장실두개']",남동향,22562161.123110153
경기도,용인시 기흥구,영덕동,흥덕마을7단지힐스테이트,매매,702동,고/20,820000000,115.75,OWNER,"트이고 햇빛밝은 조망,교통,상권,학교등 편의시설근접,깨끗,주인거주,조정가",25.07.21,"['15년이내', '방세개', '화장실두개', '고층']",남동향,23418952.051835854
경기도,용인시 기흥구,영덕동,흥덕마을7단지힐스테이트,매매,703동,저/18,800000000,115.75,OWNER,화이트톤수리컨디션굿  예쁘게트인 거실조망 밝고따뜻한집  흥덕역착공중,25.07.19,"['15년이내', '방세개', '화장실두개', '세대당1대']",남동향,22847758.099352054
경기도,용인시 기흥구,영덕동,흥덕마을7단지힐스테이트,매매,707동,중/19,840000000,115.75,OWNER,올수리 시스템에어컨4대 전실 주인거주로 새집상태 흥덕역세권으로호재,25.07.19,"['15년이내', '올수리', '방세개', '화장실두개']",남동향,23990146.004319657
경기도,용인시 기흥구,영덕동,흥덕마을7단지힐스테이트,매매,709동,중/20,880000000,115.75,OWNER,채광굿 위치굿 추천매매,25.07.15,"['15년이내', '방세개', '화장실두개', '중층']",남서향,25132533.90928726
경기도,용인시 기흥구,영덕동,흥덕마을7단지힐스테이트,매매,707동,저/19,800000000,115.75,OWNER,"거실트인전망좋은집,이마트,학원,병원등 이동편리,즉시입주가능협의",25.07.15,"['15년이내', '방세개', '화장실두개', '세대당1대']",남향,22847758.099352054
경기도,용인시 기흥구,영덕동,흥덕마을7단지힐스테이트,매매,702동,저/20,750000000,115.75,OWNER,필로티로 층간소음없어요 거실조망아담하고예쁜집 일조량 좋아요,25.07.15,"['15년이내', '방세개', '화장실두개', '세대당1대']",남동향,21419773.21814255
경기도,용인시 기흥구,영덕동,흥덕마을7단지힐스테이트,매매,703동,고/18,860000000,115.75,OWNER,최근올수리 씨에5대  트인조망 흥덕역세권 이마트광교호수도보,25.07.15,"['15년이내', '올수리', '방세개', '화장실두개']",남향,24561339.956803456
경기도,용인시 기흥구,영덕동,흥덕마을7단지힐스테이트,매매,702동,19/20,830000000,115.75,OWNER,주인거주중 트인거실조망 일부수리깨끗 흥덕역착공중 광교호수도보,25.07.08,"['15년이내', '방세개', '화장실두개', '고층']",남동향,23704549.028077755
경기도,용인시 기흥구,영덕동,흥덕마을7단지힐스테이트,매매,707동,고/19,810000000,115.75,OWNER,탁 트인뷰 고층의 시원함 빠른입주가능 추천,25.07.11,"['15년이내', '방세개', '화장실두개', '고층']",남동향,23133355.075593952
경기도,용인시 기흥구,영덕동,흥덕마을7단지힐스테이트,매매,702동,중/20,810000000,115.75,OWNER,"탁트이고 햇빛밝은실개천 조망,흥덕역공사중,청소년체육센터,교통,상권,학교5",25.07.11,"['15년이내', '방세개', '화장실두개', '중층']",남동향,23133355.075593952
경기도,용인시 기흥구,영덕동,흥덕마을7단지힐스테이트,매매,708동,고/18,880000000,115.75,OWNER,수리 깔끔 입구동 흥덕역착공호재 초중학교도보 광교호수산책로,25.07.04,"['15년이내', '방세개', '화장실두개', '고층']",남향,25132533.90928726
경기도,용인시 기흥구,영덕동,흥덕마을7단지힐스테이트,매매,703동,중/18,800000000,115.75,OWNER,"트이고 햇빛밝은조망,교통,상권,학교,이마트등중심상권5분,주인거주,조정가",25.06.27,"['15년이내', '방세개', '화장실두개', '중층']",남동향,22847758.099352054
경기도,용인시 기흥구,영덕동,흥덕마을7단지힐스테이트,매매,707동,저/19,810000000,115.75,OWNER,남향 관리잘되어깨끗 해잘들고 거실트인조망 이마트흥덕역예정도보5분,25.06.24,"['15년이내', '방세개', '화장실두개', '세대당1대']",남향,23133355.075593952
경기도,용인시 기흥구,영덕동,흥덕마을7단지힐스테이트,매매,701동,중/19,830000000,115.75,OWNER,확장 탁트이고 햇빛좋은 엄청깨끗한집  초중고 호수수영장 이마트중심상권근접,25.06.23,"['15년이내', '방세개', '화장실두개', '중층']",남동향,23704549.028077755
경기도,용인시 기흥구,영덕동,흥덕마을7단지힐스테이트,매매,702동,중/20,820000000,114.66,OWNER,입주가능  선호구조 판상형 조용한 단지조망 예쁜집,25.07.17,"['15년이내', '방세개', '화장실두개', '중층']",남동향,23641581.1965812
경기도,용인시 기흥구,영덕동,흥덕마을7단지힐스테이트,매매,709동,저/20,820000000,114.66,OWNER,세안고 남향 판상형 흥덕역세권 수영장도보3분 광교호수산책로이용좋아요,25.07.15,"['15년이내', '방세개', '화장실두개', '세대당1대']",남향,23641581.1965812
경기도,용인시 기흥구,영덕동,흥덕마을7단지힐스테이트,매매,707동,중/19,900000000,114.66,OWNER,"넓은현관판상,일부수리된 정원조망 학교 호수 수영장 이마트등근접,11월입주",25.07.08,"['15년이내', '마당', '방세개', '화장실두개']",남동향,25948076.923076924
경기도,용인시 기흥구,영덕동,흥덕마을7단지힐스테이트,매매,703동,중/18,880000000,114.66,OWNER,주인거주 수리되어깔끔 단지앞수영장 청소년문화센타 이마트이용편리,25.07.02,"['15년이내', '방세개', '화장실두개', '중층']",남동향,25371452.991452996
경기도,용인시 기흥구,영덕동,흥덕마을7단지힐스테이트,매매,703동,고/18,795000000,114.66,OWNER,남동 일부수리 입주일협의가능 알파룸판상형 흥덕역세권 수영장 이마트도보,25.07.01,"['15년이내', '방세개', '화장실두개', '고층']",남동향,22920801.282051284
경기도,용인시 기흥구,영덕동,흥덕마을7단지힐스테이트,매매,707동,저/19,860000000,114.66,OWNER,"넓은현관판상,일부수리된 정원조망 학교 호수 수영장 이마트등 중심상권근접",25.07.01,"['15년이내', '마당', '방세개', '화장실두개']",남동향,24794829.05982906
경기도,용인시 기흥구,영덕동,흥덕마을7단지힐스테이트,매매,702동,중/20,820000000,114.66,OWNER,"남향,넓은현관판상,앞뒤초록뷰,개천뷰 학교 수영장 이마트등 근린생활권근접",25.06.26,"['15년이내', '방세개', '화장실두개', '중층']",남향,23641581.1965812
경기도,용인시 기흥구,영덕동,흥덕마을7단지힐스테이트,매매,705동,중/19,820000000,114.1,OWNER,동인선착공호재 시원한개방감있는구조 컨디션굿 광교호수산책로 수영장도보5분,25.07.19,"['15년이내', '방세개', '화장실두개', '중층']",남동향,23757613.496932518
경기도,용인시 기흥구,영덕동,흥덕마을7단지힐스테이트,전세,705동,중/19,500000000,114.1,OWNER,확장 수리되어깨끗 수납잘되어 조용하고숲조망 광교호수산책로,25.07.15,"['15년이내', '방세개', '화장실두개', '중층']",남동향,14486349.693251533
경기도,용인시 기흥구,영덕동,흥덕우미린레이크포레,매매,906동,6/20,820000000,113.44,MOBL,"시스템에어컨 4기 포함 풀인테리어된 집, 판상형구조, 밝은집, 예쁜정원뷰",25.07.14,"['25년이내', '방세개', '화장실두개', '세대당1대']",남향,23895836.565585334
경기도,용인시 기흥구,영덕동,흥덕우미린레이크포레,매매,906동,중/20,715000000,113.44,OWNER,금리우대계약O 만기2월전 잔금시 내년2월 입주가능 I 뷰좋고 깨끗,25.07.21,"['25년이내', '방세개', '화장실두개', '중층']",남향,20836003.83462624
경기도,용인시 기흥구,영덕동,흥덕우미린레이크포레,매매,906동,저/20,750000000,113.44,OWNER,"고층뷰보다 저층 단지뷰가 예쁜동, 남향, 관리 잘된집, 세안고 매매",25.07.19,"['25년이내', '방세개', '화장실두개', '세대당1대']",남향,21855948.078279268
경기도,용인시 기흥구,영덕동,흥덕우미린레이크포레,매매,905동,저/20,780000000,113.44,OWNER,세안고매매 피로티층  아이들이 행복할수 있는집 확장 일부수리 일조권 좋음,25.07.17,"['25년이내', '방세개', '화장실두개', '세대당1대']",남향,22730186.00141044
경기도,용인시 기흥구,영덕동,흥덕우미린레이크포레,매매,906동,고/20,750000000,113.44,OWNER,조용한동 로얄층 샘말초품아 상권 근린공원 체육쎈타 인접단지 세안고매매,25.07.17,"['25년이내', '방세개', '화장실두개', '고층']",남향,21855948.078279268
경기도,용인시 기흥구,영덕동,흥덕우미린레이크포레,매매,903동,고/19,820000000,113.44,OWNER,샘말초품아 상권5분 트인 사계절 조망권  일조권최상 입주가능,25.07.17,"['25년이내', '방세개', '화장실두개', '고층']",남향,23895836.565585334
경기도,용인시 기흥구,영덕동,흥덕우미린레이크포레,매매,906동,고/20,800000000,113.44,OWNER,최근 예쁜 올인테리어 시에4대 로얄동 로얄층 초품아  입주가능해요,25.07.17,"['25년이내', '방세개', '화장실두개', '고층']",남향,23313011.283497885
경기도,용인시 기흥구,영덕동,흥덕우미린레이크포레,매매,905동,고/20,800000000,113.44,OWNER,"로얄동 로얄층, 탁트인 시티뷰, 정남향,  판상형",25.07.17,"['25년이내', '방세개', '화장실두개', '고층']",남향,23313011.283497885
경기도,용인시 기흥구,영덕동,흥덕우미린레이크포레,매매,905동,고/20,830000000,113.44,OWNER,"화이트 올인테리어 새집상태, 로얄동 로얄층,탁트인 시티뷰",25.07.15,"['25년이내', '방세개', '화장실두개', '고층']",남향,24187249.206629056
경기도,용인시 기흥구,영덕동,흥덕우미린레이크포레,매매,903동,9/19,750000000,113.44,OWNER,"남향, 사계절 산전망, 판상형구조, 일조권 좋고 밝은집, 이마트체육관인접",25.07.08,"['25년이내', '방세개', '화장실두개', '중층']",남향,21855948.078279268
경기도,용인시 기흥구,영덕동,흥덕우미린레이크포레,전세,903동,중/19,460000000,113.44,OWNER,"남향, 주인세대 깨끗하고 따뜻한집, 트인산전망, 입주일협의, 임차인1순위",25.07.10,"['25년이내', '융자금적은', '방세개', '화장실두개']",남향,13404981.488011284
경기도,용인시 기흥구,영덕동,흥덕우미린레이크포레,매매,906동,중/20,730000000,113.44,OWNER,금리우대계약O 단지조망 예쁜집 I 세안고 26년 1월 입주협의 I 추천,25.07.10,"['25년이내', '방세개', '화장실두개', '중층']",남향,21273122.79619182
경기도,용인시 기흥구,영덕동,흥덕우미린레이크포레,매매,903동,고/19,750000000,113.44,OWNER,세안고매매 확장형 트인산조망 일조권좋아 환하고 따뜻해요,25.07.08,"['25년이내', '방세개', '화장실두개', '고층']",남향,21855948.078279268
경기도,용인시 기흥구,영덕동,흥덕우미린레이크포레,매매,903동,저/19,750000000,113.44,OWNER,"산조망, 남향, 확장형 , 세안고 매매, 흥덕역착공, 기흥체육센터",25.07.01,"['25년이내', '방세개', '화장실두개', '세대당1대']",남향,21855948.078279268
경기도,용인시 기흥구,영덕동,흥덕우미린레이크포레,매매,904동,20/20,800000000,112.77,MOBL,"다용도 활용가능한 알파룸과 다락복층 , 에어컨설치, 층간소음 피해없는 집",25.07.14,"['25년이내', '복층', '탑층', '방세개']",남동향,23451520.794537555
경기도,용인시 기흥구,영덕동,흥덕우미린레이크포레,매매,904동,1/20,680000000,112.77,OWNER,"입주가능,  방4개 ,  깨끗,  예쁜 꽃나무 뷰, 높은 층고, 조용",25.07.15,"['25년이내', '1층', '방세개', '화장실두개']",남향,19933792.67535692
경기도,용인시 기흥구,영덕동,흥덕우미린레이크포레,매매,901동,17/20,820000000,112.77,OWNER,"풀인테리어,시스템에어컨3,난방교체,시원한뻥뷰",25.07.12,"['25년이내', '방세개', '화장실두개', '고층']",남향,24037808.814400993
경기도,용인시 기흥구,영덕동,흥덕우미린레이크포레,매매,902동,고/20,750000000,112.77,OWNER,남향.산조망.알파룸포함 방4.갭투추천.깨끗한 집.체육센터개장,25.07.17,"['25년이내', '방세개', '화장실두개', '고층']",남향,21985800.74487896
경기도,용인시 기흥구,영덕동,흥덕우미린레이크포레,매매,904동,중/20,700000000,112.77,OWNER,입주가능샘말초 후문 단지연결되어 등하교 안전해요 상권도 가까워요,25.07.17,"['25년이내', '방세개', '화장실두개', '중층']",남향,20520080.695220362
경기도,용인시 기흥구,영덕동,흥덕우미린레이크포레,매매,905동,중/20,800000000,112.77,OWNER,방별에어컨 최근 올인테리어 알파룸포함 방4개  샘말초 후문단지연결,25.07.17,"['25년이내', '방세개', '화장실두개', '중층']",남동향,23451520.794537555
경기도,용인시 기흥구,영덕동,흥덕우미린레이크포레,매매,901동,저/20,710000000,112.77,MOBL,"남향, 다용도 활용 가능한 알파룸,  초등학교 인접, 세안고 또는 실입주",25.07.15,"['25년이내', '방세개', '화장실두개', '세대당1대']",남향,20813224.705152083
경기도,용인시 기흥구,영덕동,흥덕우미린레이크포레,매매,901동,중/20,750000000,112.77,OWNER,"확장된 판상형, 방4개, 입주일협의, 주차편리, 대중교통, 학교 이용편리",25.07.15,"['25년이내', '방세개', '화장실두개', '중층']",남향,21985800.74487896
경기도,용인시 기흥구,영덕동,흥덕우미린레이크포레,월세,901동,고/20,1억/160,112.77,OWNER,알파룸 I 수납공간 풍부 I 2in1 에어컨 I Led교체 일부수리깨끗,25.07.11,"['25년이내', '방세개', '화장실두개', '고층']",남서향,
경기도,용인시 기흥구,영덕동,흥덕우미린레이크포레,매매,902동,저/20,650000000,112.77,OWNER,금리우대계약O I 알파룸 I 온종일 해듦 I 만기2월전잔금시 11월입주가,25.07.11,"['25년이내', '방세개', '화장실두개', '세대당1대']",남향,19054360.645561766
경기도,용인시 기흥구,영덕동,흥덕우미린레이크포레,매매,901동,중/20,800000000,112.77,OWNER,"입주가 화이트톤 필름지,씽크대,led전등교체  알파룸포함 방4개 산조망",25.07.05,"['25년이내', '방세개', '화장실두개', '중층']",남향,23451520.794537555
경기도,용인시 기흥구,영덕동,흥덕우미린레이크포레,매매,905동,중/20,720000000,112.77,OWNER,세안고 샘말초품아 기흥체육쎈터 단지연결  알파룸포함 방4개 앞뒤 트인조망,25.06.28,"['25년이내', '방세개', '화장실두개', '중층']",남동향,21106368.7150838
경기도,용인시 기흥구,영덕동,흥덕우미린레이크포레,매매,901동,저/20,760000000,112.77,OWNER,남향 샘말초 기흥체육센터 단지연결  상권도 가까워요 세안고매매,25.06.26,"['25년이내', '방세개', '화장실두개', '세대당1대']",남향,22278944.754810676
경기도,용인시 기흥구,영덕동,흥덕우미린레이크포레,매매,901동,1/20,725000000,112.69,NDOC1,"협의입주, 초품아, 필로티, 나만의정원뷰",25.07.21,"['25년이내', '1층', '방세개', '화장실두개']",남서향,21268028.440855447
경기도,용인시 기흥구,영덕동,흥덕우미린레이크포레,매매,904동,11/20,705000000,112.69,OWNER,이마트3분 제일 가까운동 트인 산조망 사계절 느낄수 있어요,25.07.17,"['25년이내', '방세개', '화장실두개', '중층']",남동향,20681324.20800426
경기도,용인시 기흥구,영덕동,흥덕우미린레이크포레,매매,905동,1/20,720000000,112.69,OWNER,입주가능 1층 아이들이 맘껏 뛰어놀수 있어요 샘말초품아 체육쎈타인접단지,25.07.17,"['25년이내', '1층', '방세개', '화장실두개']",남동향,21121352.38264265
경기도,용인시 기흥구,영덕동,흥덕우미린레이크포레,매매,904동,2/20,720000000,112.69,OWNER,입주가 상권이용 편리한동 저층이라도 트인 숲조망 햇빛잘 들어 오는집,25.07.17,"['25년이내', '방세개', '화장실두개', '세대당1대']",남향,21121352.38264265
경기도,용인시 기흥구,영덕동,흥덕우미린레이크포레,매매,904동,7/20,750000000,112.69,NDOC1,"개방감 좋은 구조, 흥덕역, 초품아, 입주협의, 상권 이용편리",25.07.15,"['25년이내', '방세개', '화장실두개', '중층']",남향,22001408.731919426
경기도,용인시 기흥구,영덕동,흥덕우미린레이크포레,매매,901동,20/20,850000000,112.69,OWNER,"올인테리어, 넓은 다락방있는 복층구조, 샘말초 도보1분",25.07.15,"['25년이내', '복층', '탑층', '방세개']",남서향,24934929.89617535
경기도,용인시 기흥구,영덕동,흥덕우미린레이크포레,매매,904동,저/20,680000000,112.69,OWNER,"최근년도 마루시공, 일부 인테리어, 흥덕역 착공호재 로얄동",25.07.17,"['25년이내', '방세개', '화장실두개', '세대당1대']",남동향,19947943.916940283
경기도,용인시 기흥구,영덕동,흥덕우미린레이크포레,매매,904동,고/20,750000000,112.69,MOBL,"사계절 산전망 양면뷰, 공원 이마트 와마트 상가 등 중심상권 이용 좋은동",25.07.15,"['25년이내', '방세개', '화장실두개', '고층']",남동향,22001408.731919426
경기도,용인시 기흥구,영덕동,흥덕우미린레이크포레,매매,904동,중/20,750000000,112.69,NDOC1,"전세안고 매매, 이마트 근접동, 흥덕역과 체육문화센터 예정 ",25.07.15,"['25년이내', '방세개', '화장실두개', '중층']",남동향,22001408.731919426
경기도,용인시 기흥구,영덕동,흥덕우미린레이크포레,매매,902동,1/20,720000000,112.69,OWNER,"남향, 밝은 집, 필로티, 초등1분, 대중교통, 편의시설 이용 편리",25.06.25,"['25년이내', '1층', '방세개', '화장실두개']",남향,21121352.38264265
경기도,용인시 기흥구,영덕동,흥덕우미린레이크포레,매매,905동,고/20,750000000,112.69,OWNER,주인거주중 하시입주가 조용한동 단지 트인조망  집상태 엄청 깨끗한집,25.06.28,"['25년이내', '방세개', '화장실두개', '고층']",남동향,22001408.731919426
경기도,용인시 기흥구,영덕동,흥덕우미린레이크포레,매매,901동,고/20,730000000,112.69,OWNER,입주가능 샘말초품아 기흥체육쎈터 단지연결 트인조망 개방감 좋은구조,25.06.28,"['25년이내', '방세개', '화장실두개', '고층']",남서향,21414704.49906824
경기도,용인시 기흥구,영덕동,흥덕우미린레이크포레,매매,904동,중/20,750000000,112.69,OWNER,입주가능 샘말초 기흥체육쎈터 단지연결 탁트인 조망 중심상권 3분 공원인접,25.06.28,"['25년이내', '방세개', '화장실두개', '중층']",남동향,22001408.731919426
경기도,용인시 기흥구,영덕동,흥덕우미린레이크포레,매매,902동,고/20,780000000,112.69,OWNER,"탁트인 산뷰, 입주협의가능, 흥덕역 호재, 샘말초 1분",25.06.28,"['25년이내', '방세개', '화장실두개', '고층']",남서향,22881465.081196204
경기도,용인시 기흥구,영덕동,흥덕우미린레이크포레,매매,901동,저/20,725000000,112.69,NONE,"초중고 가깝고 아이키우기 좋은곳, 필로티, 정원뷰, 협의입주",25.07.07,"['25년이내', '방세개', '화장실두개', '세대당1대']",남서향,21268028.440855447
경기도,용인시 기흥구,영덕동,힉스유타워(주상복합),매매,C동,중/24,345000000,85.87,OWNER,급매. 정상입주. 투인원에어컨.  주인거주로깨끗. 기흥역무료셔틀 ,25.07.19,"['10년이내', '급매', '방세개', '화장실두개']",북향,13281656.282752998
경기도,용인시 기흥구,영덕동,힉스유타워(주상복합),매매,C동,21/24,375000000,85.87,OWNER,"시스테메어컨2,주인거주로 관리잘된집,입주협의해요",25.07.05,"['10년이내', '방세개', '화장실두개', '고층']",남향,14436582.916035868
경기도,용인시 기흥구,영덕동,힉스유타워(주상복합),매매,C동,저/24,340000000,85.87,OWNER,"2in1 에어컨,주인거주,방3화2,신혼부부추천",25.07.10,"['10년이내', '방세개', '화장실두개', '세대당1대']",북향,13089168.510539187
경기도,용인시 기흥구,영덕동,힉스유타워(주상복합),매매,C동,중/24,365000000,85.87,DOC,급매. 12월세안고. 남향. 주차편리. 수원ic인접,25.07.14,"['10년이내', '급매', '방세개', '화장실두개']",남향,14051607.371608246
경기도,용인시 기흥구,영덕동,힉스유타워(주상복합),매매,C동,저/24,340000000,85.87,DOC,"협의입주,방3화2,편리한상가동,입주자전용주차장,기흥역셔틀버스운행",25.07.09,"['10년이내', '방세개', '화장실두개', '세대당1대']",북향,13089168.510539187
경기도,용인시 기흥구,영덕동,힉스유타워(주상복합),매매,C동,고/24,350000000,85.87,NONE,남향 로얄층 월세안고 급매입니다,25.07.18,"['10년이내', '급매', '방세개', '화장실두개']",남향,13474144.05496681
경기도,용인시 기흥구,영덕동,힉스유타워(주상복합),매매,C동,24/24,370000000,85.55,OWNER,"탑층,층간소음무,판상형으로 넓게 잘나온구조",25.07.18,"['10년이내', '탑층', '방세개', '화장실두개']",동향,14297375.219170079
경기도,용인시 기흥구,영덕동,힉스유타워(주상복합),매매,C동,3/24,400000000,85.55,NDOC1," 귀한 필로티,조망좋아요,기흥역셔틀무료이용,수원IC바로",25.07.16,"['10년이내', '방세개', '화장실두개', '세대당1대']",동향,15456621.858562244
경기도,용인시 기흥구,영덕동,힉스유타워(주상복합),매매,C동,24/24,360000000,85.55,OWNER,세안고,25.07.03,"['10년이내', '탑층', '방세개', '화장실두개']",동향,13910959.672706023
경기도,용인시 기흥구,영덕동,힉스유타워(주상복합),매매,C동,13/24,365000000,85.55,OWNER,"조정가,입주또는 전세안고가능,깨끗한신축 저렴한가격",25.06.24,"['10년이내', '방세개', '화장실두개', '중층']",동향,14104167.445938049
경기도,용인시 기흥구,영덕동,힉스유타워(주상복합),매매,C동,저/24,375000000,85.55,DOC,"즉시입주,방3,화2,시스템에어컨,중문,실크도배,줄눈시공,기흥역셔틀버스",25.07.09,"['10년이내', '방세개', '화장실두개', '세대당1대']",동향,14490582.992402105
경기도,용인시 기흥구,영덕동,힉스유타워(주상복합),월세,C동,고/24,"3,000/130",85.55,DOC,방3화2. 주차시설편리. 기흥역셔틀버스무료.,25.07.03,"['10년이내', '화장실두개', '방세개', '고층']",동향,
경기도,용인시 기흥구,영덕동,힉스유타워(주상복합),매매,C동,저/24,320000000,85.55,DOC,급매. 세안고. 컨디션좋음. 신혼부부추천. 방3화2. ,25.06.27,"['10년이내', '급매', '화장실두개', '방세개']",서향,12365297.486849796
경기도,용인시 기흥구,영덕동,힉스유타워(주상복합),매매,C동,2/24,350000000,85.04,OWNER,세안고  남향 필로티 기흥역 무료셔틀 버스 운행 선호타입,25.07.18,"['10년이내', '필로티', '방세개', '화장실두개']",남향,13605653.22201317
경기도,용인시 기흥구,영덕동,힉스유타워(주상복합),매매,C동,중/24,370000000,85.04,NDOC1,"남향, 숲세권, 4베이방3,화장실2,트윈원 에어컨 협의,기흥역무료셔틀",25.07.14,"['10년이내', '화장실두개', '방세개', '중층']",남향,14383119.120413922
경기도,용인시 기흥구,영덕동,힉스유타워(주상복합),월세,C동,고/24,"3,000/120",85.04,DOC,고층 멋진뷰. 남향. 날짜협의가능. 신혼부부추천,25.07.21,"['10년이내', '화장실두개', '방세개', '고층']",남향,
경기도,용인시 기흥구,영덕동,힉스유타워(주상복합),매매,C동,고/24,420000000,85.04,OWNER,"정남향,뻥뷰,최고라인.입주가능",25.07.09,"['10년이내', '방세개', '화장실두개', '고층']",남향,16326783.866415802
경기도,용인시 기흥구,영덕동,힉스유타워(주상복합),매매,C동,저/24,400000000,85.04,OWNER,정남향 관리잘된집.입주가능.,25.07.09,"['10년이내', '방세개', '화장실두개', '세대당1대']",남향,15549317.968015052
경기도,용인시 기흥구,영덕동,힉스유타워(주상복합),매매,C동,중/24,390000000,85.04,DOC,"26년 7월 세안고 , 남향, 방3,화장실2 , 기흥역 무료 셔틀버스,",25.07.14,"['10년이내', '화장실두개', '방세개', '중층']",남향,15160585.018814676
경기도,용인시 기흥구,영덕동,힉스유타워(주상복합),매매,C동,중/24,380000000,85.04,DOC,"귀한 C타입 , 입주 협의가, 방3,화장실2 , 기흥역 무료 셔틀버스,",25.07.14,"['10년이내', '화장실두개', '방세개', '중층']",남향,14771852.069614299
경기도,용인시 기흥구,중동,동백광명샤인빌(도시형),매매,1동,중/10,910000000000,30.17,NDOC1,"풀옵션,남향,수납풍부,소액투자,수익형매물,빠른입주가",25.07.15,"['15년이내', '역세권', '소형평수', '방한개']",남향,99710452436.19489
경기도,용인시 기흥구,중동,동백광명샤인빌(도시형),월세,1동,5/10,500/60,30.17,DOC,"풀옵션,예쁜원룸아파트,수납 풍부함,남향,깨끗함,",25.07.11,"['15년이내', '융자금없는', '역세권', '소형평수']",남향,
경기도,용인시 기흥구,중동,동백광명샤인빌(도시형),월세,1동,중/10,500/55,30.17,DOC,"풀옵션,얘쁜 원룸형 아파트,남향,",25.07.11,"['15년이내', '융자금없는', '역세권', '소형평수']",남향,
경기도,용인시 기흥구,중동,동백광명샤인빌(도시형),월세,1동,고/10,"6,600/25",29.29,NDOC1,"전입,대출,보증보험가입 가능,풀옵션,에쁜원룸,수납풍부",25.07.17,"['15년이내', '융자금없는', '역세권', '소형평수']",북향,
경기도,용인시 기흥구,중동,동백광명샤인빌(도시형),월세,1동,중/10,"6,500/25",29.29,NDOC1,"전입,보증금대출,보증보험가입가,예쁜원룸,즉시입주",25.07.11,"['15년이내', '융자금없는', '역세권', '소형평수']",북향,
경기도,용인시 기흥구,중동,동백광명샤인빌(도시형),매매,1동,5/10,850000000000,29.29,OWNER,"세안고, 어정역 도보 3분, 안전하고 깨끗한 원룸형 도시형생활주택",25.06.26,"['15년이내', '역세권', '소형평수', '방한개']",북향,95934354728.57632
경기도,용인시 기흥구,중동,동백광명샤인빌(도시형),매매,1동,9/10,700000000000,26.83,TEL,"어정역 도보 5분, 도시형생활주택",25.07.14,"['15년이내', '역세권', '소형평수', '방한개']",북동향,86248583674.99069
경기도,용인시 기흥구,중동,동백광명샤인빌(도시형),매매,1동,고/10,710000000000,23.4,DOC,"수익률 굿, 급매",25.07.15,"['15년이내', '역세권', '급매', '소형평수']",북향,100303732905.98293
경기도,용인시 기흥구,중동,동백역경남아너스빌,매매,4307동,21/24,550000000,111.59,OWNER,확장형 씽크대 화장실수리 탁트인 전망  세브란스병원 동백역 중심상권인근,25.07.21,"['25년이내', '욕실수리', '방세개', '화장실두개']",남향,16293411.147952326
경기도,용인시 기흥구,중동,동백역경남아너스빌,매매,4304동,6/15,560000000,111.59,NDOC1,올리모델링완료 시스템에어컨,25.07.21,"['25년이내', '역세권', '방세개', '화장실두개']",남향,16589654.987006005
경기도,용인시 기흥구,중동,동백역경남아너스빌,매매,4306동,7/24,500000000,111.59,OWNER,세끼고 매매 거실 작은방 확장 LED 집상태 깨끗,25.07.19,"['25년이내', '방세개', '화장실두개', '세대당1대']",남서향,14812191.952683933
경기도,용인시 기흥구,중동,동백역경남아너스빌,매매,4306동,4/24,520000000,111.59,OWNER,"거실,방확장,동백역 및 상가 ,대중교통 편리한단지,초중학교 인접",25.07.19,"['25년이내', '방세개', '화장실두개', '세대당1대']",남서향,15404679.63079129
경기도,용인시 기흥구,중동,동백역경남아너스빌,매매,4309동,1/20,515000000,111.59,OWNER,"1층 조용하며 편리한 로얄동으로 작은 정원있음,올확장,",25.07.19,"['25년이내', '마당', '역세권', '1층']",남동향,15256557.71126445
경기도,용인시 기흥구,중동,동백역경남아너스빌,매매,4306동,24/24,580000000,111.59,OWNER,"탑층 복층, 확장형, 전망 최고, 동백역 세브란스병원 인접",25.07.17,"['25년이내', '복층', '탑층', '방네개이상']",남서향,17182142.665113363
경기도,용인시 기흥구,중동,동백역경남아너스빌,매매,4305동,12/20,530000000,111.59,OWNER,"탁 트인뷰,LED등과 도배교체,채광굿,대중교통이용편리,동백역과세브란스",25.07.17,"['25년이내', '방세개', '화장실두개', '중층']",남동향,15700923.469844967
경기도,용인시 기흥구,중동,동백역경남아너스빌,매매,4302동,5/15,530000000,111.59,OWNER,세브란스병원 동백역 중심상권 집상태   굿  동백명문학군 정문앞동,25.07.14,"['25년이내', '방세개', '화장실두개', '세대당1대']",남동향,15700923.469844967
경기도,용인시 기흥구,중동,동백역경남아너스빌,매매,4306동,8/24,550000000,111.59,OWNER,"확장형,휴식공간인 공원을 접함,M버스  및 중학교 바로앞,전망굿",25.07.14,"['25년이내', '방세개', '화장실두개', '세대당1대']",남서향,16293411.147952326
경기도,용인시 기흥구,중동,동백역경남아너스빌,전세,4307동,저/24,390000000,111.59,MOBL,"올확장형,단지조망굿,집깨끗,동백역,상권,용인세브란스이용굿.",25.07.12,"['25년이내', '방세개', '화장실두개', '세대당1대']",남동향,11553509.723093467
경기도,용인시 기흥구,중동,동백역경남아너스빌,매매,4302동,중/15,540000000,111.59,OWNER,"거실 폴딩도어, 최근 인테리어, 주인거주, 동백역 및 세브란스병원 인접",25.07.10,"['25년이내', '방세개', '화장실두개', '중층']",남동향,15997167.308898648
경기도,용인시 기흥구,중동,동백역경남아너스빌,매매,4309동,13/20,550000000,111.59,OWNER,탁트인 전망 정문앞동 로얄동 로얄층 세끼고 매매  확장형 부분수리 깔끔함,25.06.30,"['25년이내', '역세권', '방세개', '화장실두개']",남동향,16293411.147952326
경기도,용인시 기흥구,중동,동백역경남아너스빌,매매,4309동,15/20,550000000,111.59,OWNER,"씽크대 화장실 LED전등 교체, 확장형, 주인거주, 동백역 세브란스병원,",25.06.26,"['25년이내', '역세권', '방세개', '화장실두개']",남동향,16293411.147952326
경기도,용인시 기흥구,중동,동백역경남아너스빌,매매,4302동,12/15,530000000,111.59,OWNER,"일부확장, 깨끗하게 관리잘된집,  주인거주, 동백역 및 세브란스병원 인접",25.06.24,"['25년이내', '방세개', '화장실두개', '고층']",남동향,15700923.469844967
경기도,용인시 기흥구,중동,동백역경남아너스빌,전세,4307동,고/24,400000000,111.59,OWNER,"씽크대 화장실 수리함, M버스, 공항버스, 동백역 및 세브란스병원 인접,",25.06.25,"['25년이내', '융자금없는', '욕실수리', '방세개']",남동향,11849753.562147146
경기도,용인시 기흥구,중동,동백역경남아너스빌,매매,4307동,19/24,530000000,107.53,OWNER,확장형 탁트인 전망 도배 탄성코팅 집상태 깨끗,25.07.21,"['25년이내', '방세개', '화장실두개', '고층']",남향,16293741.746489353
경기도,용인시 기흥구,중동,동백역경남아너스빌,매매,4308동,23/24,520000000,107.53,OWNER,"방2확장,중문설치,입구동,주인거주,전망굿,동백역세권.용인세브란스병원.",25.07.18,"['25년이내', '역세권', '방세개', '화장실두개']",남향,15986312.65693295
경기도,용인시 기흥구,중동,동백역경남아너스빌,매매,4306동,중/24,550000000,107.53,OWNER,"전세안고매매, 올리모델링 확장형, 샷시교체, 완전깨끗, 동백역세브란스병원",25.07.19,"['25년이내', '방세개', '화장실두개', '중층']",남동향,16908599.925602157
경기도,용인시 기흥구,중동,동백역경남아너스빌,매매,4306동,저/24,520000000,107.53,OWNER,"화이트톤올수리, 올확장, 잔잔한초록뷰, 세브란스병원인접, 동백역세권",25.06.23,"['25년이내', '올수리', '방세개', '화장실두개']",남향,15986312.65693295
경기도,용인시 기흥구,중동,동백역경남아너스빌,매매,4307동,19/24,530000000,107.53,NONE,"올확장, 전망 굿, 깨끗, 주인거주, 동백역 및 세브란스병원 인접, ",25.07.07,"['25년이내', '방세개', '화장실두개', '고층']",남동향,16293741.746489353
경기도,용인시 기흥구,중동,동백역경남아너스빌,전세,4301동,2/15,360000000,98.53,OWNER,피롯 2층  8월14일부터 입주  거실 작은방  확장형   층간소음 NO,25.07.19,"['25년이내', '융자금없는', '역세권', '필로티']",남동향,12078378.158936365
경기도,용인시 기흥구,중동,동백역경남아너스빌,매매,4304동,7/15,470000000,98.53,OWNER,"씽크대 교체, 전망 굿, 작은방 확장, 동백역 및 세브란스병원 인접,",25.07.15,"['25년이내', '역세권', '방세개', '화장실두개']",남동향,15768993.707500255
경기도,용인시 기흥구,중동,동백역경남아너스빌,매매,4301동,3/15,460000000,98.53,OWNER,,25.07.14,"['25년이내', '역세권', '방세개', '화장실두개']",남동향,15433483.203085355
경기도,용인시 기흥구,중동,동백역경남아너스빌,매매,4304동,중/15,480000000,98.53,OWNER,"전망 굿, 로얄동, 석성초 초당중 학군, 동백역 및 세브란스병원 인접,",25.07.11,"['25년이내', '역세권', '방세개', '화장실두개']",남동향,16104504.211915154
경기도,용인시 기흥구,중동,동백역경남아너스빌,매매,4303동,7/15,450000000,98.53,OWNER,"갭투자협의,방1확장,조망권 및 일조권이 좋은 동,대중교통 편리한 단지.",25.07.01,"['25년이내', '역세권', '방세개', '화장실두개']",남동향,15097972.698670458
경기도,용인시 기흥구,중동,동백역경남아너스빌,매매,4304동,10/15,520000000,98.53,OWNER,"전세안고매매, 탑 복층, 최근올수리, 확장형, 전망 짱,",25.06.30,"['25년이내', '올수리', '역세권', '복층']",남동향,17446546.229574747
경기도,용인시 기흥구,중동,동백역경남아너스빌,매매,4301동,3/15,460000000,98.53,NONE,"전세안고매매, 정문앞동, 명품 학군, 동백역 및 세브란스병원 인접,",25.07.14,"['25년이내', '역세권', '방세개', '화장실두개']",남동향,15433483.203085355
경기도,용인시 기흥구,중동,동백역월드메르디앙,매매,107동,10/18,540000000,146.32,OWNER,거실확장형 전망 채광 좋은집 주차편리한 동,25.07.21,"['25년이내', '대형평수', '방네개이상', '화장실두개']",남동향,12200136.003280481
경기도,용인시 기흥구,중동,동백역월드메르디앙,매매,110동,15/20,530000000,146.32,OWNER,올확장 빠른입주 가능 뷰가 예쁜집 사이드 아님,25.07.21,"['25년이내', '대형평수', '방네개이상', '화장실두개']",남서향,11974207.558775289
경기도,용인시 기흥구,중동,동백역월드메르디앙,매매,107동,15/18,600000000,146.32,OWNER,"확장,샷시포함 리모델링,조망권좋음,동백역 도보양5분",25.07.21,"['25년이내', '대형평수', '방네개이상', '화장실두개']",남동향,13555706.670311647
경기도,용인시 기흥구,중동,동백역월드메르디앙,매매,110동,2/20,490000000,146.32,NDOC1,"동백역세권,저층이지만 앞이 트여 밝고 산조망 예뻐요",25.07.17,"['25년이내', '대형평수', '방네개이상', '화장실두개']",남동향,11070493.780754512
경기도,용인시 기흥구,중동,동백역월드메르디앙,매매,107동,9/18,585000000,146.32,OWNER,"확장,주인거주,정상입주",25.07.16,"['25년이내', '대형평수', '방네개이상', '화장실두개']",남동향,13216814.003553856
경기도,용인시 기흥구,중동,동백역월드메르디앙,매매,110동,11/20,550000000,146.32,OWNER,"갭1.8억,전세안고매매,동백역역세권,확장형,도배새로해서깔끔",25.07.16,"['25년이내', '대형평수', '방네개이상', '화장실두개']",남향,12426064.447785677
경기도,용인시 기흥구,중동,동백역월드메르디앙,매매,110동,1/20,650000000,146.32,OWNER,화이트올인테리어 올확장 정원데크 조용한동,25.07.15,"['25년이내', '마당', '1층', '대형평수']",남서향,14685348.89283762
경기도,용인시 기흥구,중동,동백역월드메르디앙,전세,107동,9/18,420000000,146.32,OWNER,"기본형,주인거주로 깨끗,진출입편리",25.06.23,"['25년이내', '융자금적은', '대형평수', '방네개이상']",남동향,9488994.669218153
경기도,용인시 기흥구,중동,동백역월드메르디앙,전세,110동,고/20,420000000,146.32,OWNER,거실확장형 입주협의가능,25.06.27,"['25년이내', '대형평수', '방네개이상', '화장실두개']",남서향,9488994.669218153
경기도,용인시 기흥구,중동,동백역월드메르디앙,월세,110동,고/20,"5,000/180",146.32,OWNER,햇빛 잘 드는 집 입주협의가능 보증금 조정가능,25.06.27,"['25년이내', '대형평수', '방네개이상', '화장실두개']",남서향,
경기도,용인시 기흥구,중동,동백역월드메르디앙,매매,110동,2/20,490000000,146.32,NONE,"기본,부분수리,숲전망,입주협의",25.06.30,"['25년이내', '대형평수', '방네개이상', '화장실두개']",남서향,11070493.780754512
경기도,용인시 기흥구,중동,동백역월드메르디앙,매매,107동,15/18,600000000,146.32,NONE,주인거주 부분샷시교체 마루 씽크대 화장실 수리 인테리어되어 깨끗,25.06.25,"['25년이내', '욕실수리', '대형평수', '방네개이상']",남향,13555706.670311647
경기도,용인시 기흥구,중동,동백역월드메르디앙,월세,104동,19/20,"3,000/150",116.39,OWNER,입주협의가능 햇빛잘들고 뷰가 일품인 집,25.07.21,"['25년이내', '방세개', '화장실두개', '고층']",남향,
경기도,용인시 기흥구,중동,동백역월드메르디앙,매매,102동,9/20,470000000,116.39,OWNER,"입구동,거실,방1확장,",25.07.21,"['25년이내', '역세권', '방세개', '화장실두개']",남동향,13349247.78761062
경기도,용인시 기흥구,중동,동백역월드메르디앙,매매,104동,20/20,490000000,116.39,OWNER,다락방있는 복층 조용하고 뷰가 좋은 집 빠른입주가능,25.07.19,"['25년이내', '복층', '탑층', '방세개']",남향,13917300.884955753
경기도,용인시 기흥구,중동,동백역월드메르디앙,매매,102동,19/20,520000000,116.39,OWNER,전자계약가 탑층  올수리화이트 계단공사 입구동 동백역역세권,25.07.17,"['25년이내', '올수리', '역세권', '복층']",남동향,14769380.530973453
경기도,용인시 기흥구,중동,동백역월드메르디앙,매매,103동,8/20,480000000,116.39,OWNER,"거실, 주방 확장, 조망최고, 단독전실사용, 즉시입주가능",25.07.17,"['25년이내', '방세개', '화장실두개', '중층']",남서향,13633274.336283186
경기도,용인시 기흥구,중동,동백역월드메르디앙,매매,104동,17/20,550000000,116.39,OWNER,화이트인테리어.다락방.수리된집.협의가능.동백역.하시임장가능,25.07.15,"['25년이내', '방세개', '화장실두개', '고층']",남동향,15621460.176991152
경기도,용인시 기흥구,중동,동백역월드메르디앙,매매,103동,8/20,460000000,116.39,OWNER,"올확장, 산뷰로 조망 최고, 단독 사용 전실, 수리되어깨끗한집",25.07.14,"['25년이내', '방세개', '화장실두개', '중층']",남향,13065221.238938054
경기도,용인시 기흥구,중동,동백역월드메르디앙,매매,111동,5/20,400000000,116.39,DOC,"4bay모든방전면배치,긴전실서비스공간,공기좋고조용한전원분위기,기본구조,정",25.07.21,"['25년이내', '방세개', '화장실두개', '세대당1대']",남향,11361061.946902655
경기도,용인시 기흥구,중동,동백역월드메르디앙,매매,110동,10/20,410000000,116.39,OWNER,갭1.1억 26년1월만기 전세안고 매매 깨끗한 집,25.07.10,"['25년이내', '방세개', '화장실두개', '중층']",남서향,11645088.495575221
경기도,용인시 기흥구,중동,동백역월드메르디앙,매매,102동,2/20,480000000,116.39,OWNER,21년 올수리 작은방확장 인테리어 잘 된 집,25.07.10,"['25년이내', '올수리', '역세권', '방세개']",남동향,13633274.336283186
경기도,용인시 기흥구,중동,동백역월드메르디앙,전세,104동,중/20,370000000,116.39,OWNER,"작은방 확장, 조용한동, 빠른입주가능, 동백역 및 세브란스병원 인접,",25.07.16,"['25년이내', '융자금없는', '방세개', '화장실두개']",남서향,10508982.300884956
경기도,용인시 기흥구,중동,동백역월드메르디앙,매매,110동,17/20,470000000,116.39,DOC,"4bay모든방전면배치,조용하고,공기쾌적,채광굳남향,기본구조,초록산전망,정",25.07.19,"['25년이내', '방세개', '화장실두개', '고층']",남향,13349247.78761062
경기도,용인시 기흥구,중동,동백역월드메르디앙,매매,102동,9/20,480000000,116.39,DOC,"4bay모든방전면배치,확장,접근성좋고생활편리한입구로얄동,정상입주",25.07.19,"['25년이내', '역세권', '방세개', '화장실두개']",남동향,13633274.336283186
경기도,용인시 기흥구,중동,동백역월드메르디앙,매매,110동,19/20,450000000,116.39,DOC,"4bay모든방전면배치,남향으로채광,통풍좋음,조용함,올확장아주큼,입주일협의",25.07.18,"['25년이내', '방세개', '화장실두개', '고층']",남향,12781194.690265486
경기도,용인시 기흥구,중동,동백역월드메르디앙,매매,104동,저/20,450000000,116.39,OWNER,올확장 아주깨끗함 조용한동 동백역m버스,25.07.14,"['25년이내', '방세개', '화장실두개', '세대당1대']",남향,12781194.690265486
경기도,용인시 기흥구,중동,동백역월드메르디앙,매매,108동,7/20,500000000,116.39,OWNER,"부분수리, 정상입주, 올확장, 확트인뷰, 가격협의가",25.07.07,"['25년이내', '방세개', '화장실두개', '중층']",남동향,14201327.433628319
경기도,용인시 기흥구,중동,동백역월드메르디앙,매매,108동,4/20,430000000,116.39,OWNER,올혹장 전망좋은집 동백역이용편리 중문 붙박이장 관리잘됨,25.07.07,"['25년이내', '방세개', '화장실두개', '세대당1대']",남동향,12213141.592920355
경기도,용인시 기흥구,중동,동백역월드메르디앙,매매,102동,20/20,430000000,116.39,DOC,"탑층, 다락방, 전망 굿, 확장형, 입구동, 동백역 및 세브란스병원 인접",25.07.15,"['25년이내', '역세권', '탑층', '방세개']",남동향,12213141.592920355
경기도,용인시 기흥구,중동,동백역월드메르디앙,매매,111동,9/20,450000000,116.39,DOC,"확장형, 산뷰로조망최고, 깨끗하게 관리,4베이구조",25.07.14,"['25년이내', '방세개', '화장실두개', '중층']",남향,12781194.690265486
경기도,용인시 기흥구,중동,동백역월드메르디앙,매매,103동,4/20,430000000,116.39,OWNER,25년1월만기 짧은전세 안고 4베이 선호구조 조용한동,25.07.03,"['25년이내', '방세개', '화장실두개', '세대당1대']",남향,12213141.592920355
경기도,용인시 기흥구,중동,동백역월드메르디앙,매매,108동,18/20,490000000,116.39,OWNER,"로얄동, 로얄층으로 조망과 야경이최고, 작은방확장",25.07.03,"['25년이내', '방세개', '화장실두개', '고층']",남동향,13917300.884955753
경기도,용인시 기흥구,중동,동백역월드메르디앙,매매,102동,15/20,480000000,116.39,DOC,"4bay모든방전면배치,확장구조,생활편하고접근성좋은입구로얄동,입주일은맟춰드",25.07.12,"['25년이내', '역세권', '방세개', '화장실두개']",남동향,13633274.336283186
경기도,용인시 기흥구,중동,동백역월드메르디앙,매매,102동,3/20,420000000,116.39,DOC,"4bay모든방전면배치,올확장수리됨,생활편리하고접근성좋은입구동,저층선호자추",25.07.12,"['25년이내', '역세권', '방세개', '화장실두개']",남동향,11929115.04424779
경기도,용인시 기흥구,중동,동백역월드메르디앙,매매,111동,13/20,445000000,116.39,DOC,"확장형, 4베이구조, 산뷰로 조망최고, 입주협의",25.07.11,"['25년이내', '방세개', '화장실두개', '중층']",남향,12639181.415929204
경기도,용인시 기흥구,중동,동백역월드메르디앙,매매,104동,6/20,420000000,116.39,DOC,"조정가능, 10월입주,  복도전용, 실내정원, 레인지, 도어락, 후드교체",25.07.08,"['25년이내', '마당', '방세개', '화장실두개']",남향,11929115.04424779
경기도,용인시 기흥구,중동,동백역월드메르디앙,매매,108동,5/20,480000000,116.39,DOC,"4bay모든방전면배치,올확장,주방부분수리됨,앞동이없어막힘없이안정적인전경정",25.06.28,"['25년이내', '방세개', '화장실두개', '세대당1대']",남동향,13633274.336283186
경기도,용인시 기흥구,중동,동백역월드메르디앙,매매,103동,2/20,500000000,116.39,DOC,"올확장, 남향, 동백역세권, 숲세권",25.06.25,"['25년이내', '방세개', '화장실두개', '세대당1대']",남향,14201327.433628319
경기도,용인시 기흥구,중동,동백역월드메르디앙,매매,102동,3/20,460000000,116.39,DOC,"세안고 귀한3층필로티, 뛰는아이들추천,  단지초입 동백역 학교접근편리",25.06.24,"['25년이내', '역세권', '필로티', '방세개']",남동향,13065221.238938054
경기도,용인시 기흥구,중동,동백역월드메르디앙,매매,101동,3/19,450000000,113.84,OWNER,"기본형, 거실,주방,화장실 등 수리되어 깨끗, 조망양호",25.07.21,"['25년이내', '역세권', '방세개', '화장실두개']",남동향,13067491.654954322
경기도,용인시 기흥구,중동,동백역월드메르디앙,매매,101동,12/19,420000000,113.84,OWNER,27년2월 전세안고 갭1억 동백역 가까운 로얄동,25.07.18,"['25년이내', '역세권', '방세개', '화장실두개']",남동향,12196325.544624034
경기도,용인시 기흥구,중동,동백역월드메르디앙,전세,101동,11/19,360000000,113.84,OWNER,정문가까운 로얄동 9월말 입주가능,25.07.16,"['25년이내', '융자금적은', '역세권', '방세개']",남동향,10453993.323963458
경기도,용인시 기흥구,중동,동백역월드메르디앙,매매,101동,9/19,500000000,113.84,DOC,"시원한전망,올확장수리,주차장여유,선호하는입구로얄동,입주일은맟춰드림",25.07.14,"['25년이내', '역세권', '방세개', '화장실두개']",남동향,14519435.17217147
경기도,용인시 기흥구,중동,동백역월드메르디앙,매매,107동,3/18,460000000,113.84,OWNER,"확장형, 입구동으로 교통편리, 주차편리, 조망양호,",25.06.30,"['25년이내', '방세개', '화장실두개', '세대당1대']",남동향,13357880.358397752
경기도,용인시 기흥구,중동,동백역월드메르디앙,매매,106동,2/20,430000000,113.84,DOC,"편리한생활,주차공간여유,접근성좋은로얄동,즉시입주,저층선호자추천합니다",25.07.08,"['25년이내', '역세권', '방세개', '화장실두개']",남동향,12486714.248067463
경기도,용인시 기흥구,중동,동백역월드메르디앙,월세,101동,3/19,500/50,113.84,DOC,"방1개여자분만,즉시입주",25.07.08,"['25년이내', '역세권', '방한개', '화장실두개']",남동향,
경기도,용인시 기흥구,중동,동백역월드메르디앙,매매,106동,9/20,500000000,113.84,OWNER,"확트인뷰, 확장형, 생활권 편리한 동, 공항버스 및 대중교통 이용 편리",25.06.26,"['25년이내', '역세권', '방세개', '화장실두개']",남동향,14519435.17217147
경기도,용인시 기흥구,중동,동백역월드메르디앙,매매,107동,3/18,450000000,113.84,OWNER,"확장형, 조망양호, 대중교통용이하고 주차편리함",25.06.23,"['25년이내', '방세개', '화장실두개', '세대당1대']",남동향,13067491.654954322
경기도,용인시 기흥구,중동,동백역월드메르디앙,매매,106동,5/20,450000000,113.84,DOC,"접근성좋고생활편리선호하는로얄동,올확장,막힘없는초록의평화로운전경,주차굳,정",25.07.02,"['25년이내', '역세권', '방세개', '화장실두개']",남동향,13067491.654954322
경기도,용인시 기흥구,중동,동백역월드메르디앙,매매,101동,15/19,430000000,113.84,DOC,"올확장구조,시원한전망,접근성좋은입구로얄동,주차공간여유,긴전세안고",25.06.24,"['25년이내', '역세권', '방세개', '화장실두개']",남동향,12486714.248067463
경기도,용인시 기흥구,중동,동백역월드메르디앙,매매,106동,2/20,430000000,113.84,NONE,"공실, 정문앞동, 잔잔한 조망, 기본형, 동백역 및 세브란스병원 인접,",25.07.03,"['25년이내', '역세권', '방세개', '화장실두개']",남동향,12486714.248067463
경기도,용인시 기흥구,중동,동백역월드메르디앙,매매,105동,10/20,420000000,100.17,OWNER,로얄동 로얄층 입주협의가능,25.07.21,"['25년이내', '방세개', '화장실두개', '중층']",남동향,13860733.752620546
경기도,용인시 기흥구,중동,동백역월드메르디앙,매매,109동,1/20,450000000,100.17,OWNER,"확장형, 전용테라스, 인테리어되어 깨끗한 매물",25.07.21,"['25년이내', '테라스', '1층', '방세개']",남서향,14850786.163522013
경기도,용인시 기흥구,중동,동백역월드메르디앙,매매,109동,10/20,430000000,100.17,OWNER,"화이트인테리어, 조용한동, 초중고 학세권",25.07.21,"['25년이내', '방세개', '화장실두개', '중층']",서향,14190751.222921034
경기도,용인시 기흥구,중동,동백역월드메르디앙,매매,105동,3/20,410000000,100.17,OWNER,"거실 방1 확장, 평상형구조, 아늑한 단지뷰, 모두가 선호하는 105동",25.07.21,"['25년이내', '방세개', '화장실두개', '세대당1대']",남동향,13530716.282320056
경기도,용인시 기흥구,중동,동백역월드메르디앙,매매,109동,16/20,400000000,100.17,OWNER,동백역세권 실투자적은 조망좋은 급처리물건 현재 인테리어는 사진확인요,25.07.21,"['25년이내', '방세개', '화장실두개', '고층']",남동향,13200698.812019566
경기도,용인시 기흥구,중동,동백역월드메르디앙,매매,109동,1/20,420000000,100.17,NDOC1,넓은 테라스가 있는 1층 올인테리어 거실확장  ,25.07.21,"['25년이내', '테라스', '1층', '방세개']",남향,13860733.752620546
경기도,용인시 기흥구,중동,동백역월드메르디앙,매매,109동,9/20,430000000,100.17,OWNER,"거실 방1개확장형,주인세대 거주중 입주협의가능함",25.07.21,"['25년이내', '방한개', '화장실두개', '중층']",남서향,14190751.222921034
경기도,용인시 기흥구,중동,동백역월드메르디앙,매매,105동,16/20,390000000,100.17,OWNER,급매 기본 입주협의가능합니다,25.07.19,"['25년이내', '급매', '방세개', '화장실두개']",남동향,12870681.341719078
경기도,용인시 기흥구,중동,동백역월드메르디앙,매매,111동,2/20,380000000,100.17,OWNER,기본형 정상입주가능,25.07.18,"['25년이내', '방세개', '화장실두개', '세대당1대']",서향,12540663.871418588
경기도,용인시 기흥구,중동,동백역월드메르디앙,매매,103동,1/20,400000000,100.17,OWNER,"확장형, 필로티구조로 아이있는집 추천, 산책로인접",25.07.17,"['25년이내', '1층', '방세개', '화장실두개']",남동향,13200698.812019566
경기도,용인시 기흥구,중동,동백역월드메르디앙,매매,111동,17/20,420000000,100.17,OWNER,"숲조망으로 조용하고 쾌적, 일부확장,주인거주로 깨끗함",25.07.17,"['25년이내', '방세개', '화장실두개', '고층']",남서향,13860733.752620546
경기도,용인시 기흥구,중동,동백역월드메르디앙,매매,103동,7/20,420000000,100.17,OWNER,즉시 입주가능 .기본형. 정문에 가까운 동.,25.07.17,"['25년이내', '방세개', '화장실두개', '중층']",남동향,13860733.752620546
경기도,용인시 기흥구,중동,동백역월드메르디앙,매매,105동,12/20,430000000,100.17,OWNER,"기본형, 동백역세권,  로얄동,  채광최고, 입주민셔틀버스운행",25.07.15,"['25년이내', '방세개', '화장실두개', '중층']",남동향,14190751.222921034
경기도,용인시 기흥구,중동,동백역월드메르디앙,매매,105동,1/20,410000000,100.17,OWNER,,25.07.15,"['25년이내', '1층', '방세개', '화장실두개']",남동향,13530716.282320056
경기도,용인시 기흥구,중동,동백역월드메르디앙,매매,111동,6/20,410000000,100.17,OWNER,"확장형, 멱조산조망, 조용하고 관리가 잘된 매물",25.07.10,"['25년이내', '방세개', '화장실두개', '세대당1대']",남향,13530716.282320056
경기도,용인시 기흥구,중동,동백역월드메르디앙,매매,103동,중/20,480000000,100.17,OWNER,정상입주.리모델링된집,25.07.15,"['25년이내', '방세개', '화장실두개', '중층']",남동향,15840838.574423483
경기도,용인시 기흥구,중동,동백역월드메르디앙,매매,105동,10/20,400000000,100.17,OWNER,거실확장  집상태 깨끗   정상입주  동백역 세브란스병원  중심상권인근,25.07.08,"['25년이내', '방세개', '화장실두개', '중층']",남동향,13200698.812019566
경기도,용인시 기흥구,중동,동백역월드메르디앙,매매,109동,20/20,490000000,100.17,DOC,"확장제대로수리된집,시원한전망,난방가능하고층고높은탑층,늦은입주협의가능",25.07.18,"['25년이내', '탑층', '방세개', '화장실두개']",동향,16170856.04472397
경기도,용인시 기흥구,중동,동백역월드메르디앙,매매,109동,18/20,380000000,100.17,DOC,"2년긴전세안고,기본구조,채광좋고조용,공기쾌적함,산전망.",25.07.15,"['25년이내', '방세개', '화장실두개', '고층']",남서향,12540663.871418588
경기도,용인시 기흥구,중동,동백역월드메르디앙,매매,103동,7/20,420000000,100.17,OWNER,"작은방확장, 주인거주로 깨끗, 입주일 협의",25.07.04,"['25년이내', '방세개', '화장실두개', '중층']",남동향,13860733.752620546
경기도,용인시 기흥구,중동,동백역월드메르디앙,매매,105동,8/20,410000000,100.17,DOC,,25.07.14,"['25년이내', '방세개', '화장실두개', '중층']",남동향,13530716.282320056
경기도,용인시 기흥구,중동,동백역월드메르디앙,매매,105동,12/20,430000000,100.17,OWNER,"로얄동, 기본형, 조망양호, 주차편리",25.06.30,"['25년이내', '방세개', '화장실두개', '중층']",남동향,14190751.222921034
경기도,용인시 기흥구,중동,동백역월드메르디앙,매매,111동,18/20,410000000,100.17,DOC,"확장구조,조용하고공기쾌적하고산전망도좋음.깨끗하게관리잘됨,정상입주",25.07.10,"['25년이내', '방세개', '화장실두개', '고층']",남서향,13530716.282320056
경기도,용인시 기흥구,중동,동백역월드메르디앙,매매,111동,13/20,420000000,100.17,DOC,거실확장형 거실산풍경이 우수한 집 정상입주,25.07.10,"['25년이내', '방세개', '화장실두개', '중층']",서향,13860733.752620546
경기도,용인시 기흥구,중동,동백역월드메르디앙,매매,109동,18/20,500000000,100.17,DOC,"확장구조,사계절변화느끼는산전망,조용하고공기좋고채광굳,정상입주",25.06.28,"['25년이내', '방세개', '화장실두개', '고층']",남서향,16500873.51502446
경기도,용인시 기흥구,중동,동백역월드메르디앙,매매,103동,5/20,410000000,100.17,DOC,,25.06.24,"['25년이내', '방세개', '화장실두개', '세대당1대']",남동향,13530716.282320056
경기도,용인시 기흥구,중동,동백역월드메르디앙,매매,109동,10/20,430000000,100.17,NONE,"기본,공실,4년전올수리,화이트톤,즉시입주
",25.07.18,"['25년이내', '올수리', '방세개', '화장실두개']",남서향,14190751.222921034
경기도,용인시 기흥구,중동,동백역월드메르디앙,매매,109동,9/20,430000000,100.17,NONE,"확장형, 빠른입주가능, 공항버스, M버스, 동백역앞, 세브란스병원앞",25.07.12,"['25년이내', '방세개', '화장실두개', '중층']",남서향,14190751.222921034
경기도,용인시 기흥구,중동,동백역월드메르디앙,매매,109동,16/20,400000000,100.17,NONE,"거실확장,산전망,깨끗,빠른입주",25.07.07,"['25년이내', '방세개', '화장실두개', '고층']",남동향,13200698.812019566
경기도,용인시 기흥구,중동,동백역월드메르디앙,매매,109동,20/20,490000000,100.17,NONE,"탑층. 다락방, 전망굿, 최신 고급올수리 화이트인테리어, 동백역인접",25.07.03,"['25년이내', '올수리', '탑층', '방세개']",남향,16170856.04472397
경기도,용인시 기흥구,중동,동백역월드메르디앙,매매,111동,2/20,380000000,100.17,NONE,"기본,조용한동,깨끗,입주협의",25.06.25,"['25년이내', '방세개', '화장실두개', '세대당1대']",남서향,12540663.871418588
경기도,용인시 기흥구,중동,동백역월드메르디앙,매매,105동,1/20,410000000,100.17,NONE,"1층 확장형, 주인거주, 아주 깨끗, 동백역 및  세브란스병원 인접,",25.06.23,"['25년이내', '1층', '방세개', '화장실두개']",남동향,13530716.282320056
경기도,용인시 기흥구,중동,동백역한라비발디,매매,4003동,14/17,599000000,154,NDOC1,"올확장, 동백역, 이마트 도서관 도보권",25.07.21,"['25년이내', '대형평수', '방네개이상', '화장실두개']",남향,12858215.681818184
경기도,용인시 기흥구,중동,동백역한라비발디,매매,4001동,18/20,650000000,154,OWNER,복층구조의 다락방 거실확장 방3 예전 수리 깨끗 전망죽임 정상,25.07.21,"['25년이내', '복층', '대형평수', '방네개이상']",남향,13952988.636363637
경기도,용인시 기흥구,중동,동백역한라비발디,매매,4003동,9/17,600000000,154,OWNER,올확장 방3개  내부상태 아주 깨끗 전세안고 가능,25.07.21,"['25년이내', '대형평수', '방세개', '화장실두개']",남동향,12879681.818181818
경기도,용인시 기흥구,중동,동백역한라비발디,매매,4004동,15/18,630000000,154,OWNER,"거실 및 방1개 확장, 석성초 접함, 동백역, 세브란스병원",25.07.19,"['25년이내', '대형평수', '방한개', '화장실두개']",남향,13523665.90909091
경기도,용인시 기흥구,중동,동백역한라비발디,매매,4003동,6/17,600000000,154,OWNER,"올확장, 정상입주, 뷰좋음, 석성초품아, 동백역세권, 초당중학군",25.07.12,"['25년이내', '대형평수', '방네개이상', '화장실두개']",남서향,12879681.818181818
경기도,용인시 기흥구,중동,동백역한라비발디,매매,4001동,고/20,600000000,154,OWNER,거실 방1확장 깨끗함 환상적전망 로얄동 인기동  정남향 명문학,25.07.18,"['25년이내', '대형평수', '방네개이상', '화장실두개']",남향,12879681.818181818
경기도,용인시 기흥구,중동,동백역한라비발디,매매,4004동,14/18,610000000,154,OWNER,LED 교체 올확장 입주조정 예전수리일부 아주깨끗 전망굿 ,25.07.10,"['25년이내', '대형평수', '방세개', '화장실두개']",남향,13094343.181818184
경기도,용인시 기흥구,중동,동백역한라비발디,전세,4001동,20/20,500000000,154,OWNER,"귀한탑층,다락방,테라스,방4개,올확장,펑뚫린뷰,초품아단지,선호하는구조",25.07.08,"['25년이내', '테라스', '대형평수', '탑층']",남서향,10733068.181818182
경기도,용인시 기흥구,중동,동백역한라비발디,매매,4004동,8/18,640000000,154,DOC,"확트인전망뷰,확장,석성초바로앞,방3칸,주인거주,입주협의",25.07.14,"['25년이내', '대형평수', '방세개', '화장실두개']",남향,13738327.272727273
경기도,용인시 기흥구,중동,동백역한라비발디,매매,4004동,4/18,600000000,154,MOBL,"방4개,올확장,가운데라인으로 따뜻,주인거주로 관리잘된집,석성초바로앞.",25.06.30,"['25년이내', '대형평수', '방네개이상', '화장실두개']",남향,12879681.818181818
경기도,용인시 기흥구,중동,동백역한라비발디,전세,4002동,9/20,500000000,154,DOC,,25.07.09,"['25년이내', '융자금없는', '대형평수', '방세개']",남서향,10733068.181818182
경기도,용인시 기흥구,중동,동백역한라비발디,매매,4003동,7/17,580000000,154,OWNER,"올확장, 세끼고, 급매, 로얄층 좋은가격, 초품아",25.06.27,"['25년이내', '급매', '대형평수', '방네개이상']",남서향,12450359.090909092
경기도,용인시 기흥구,중동,동백역한라비발디,매매,4004동,18/18,670000000,154,DOC,"다락방 탑층, 공원뷰, 앞동, 초품아",25.07.07,"['25년이내', '대형평수', '탑층', '방네개이상']",남서향,14382311.363636363
경기도,용인시 기흥구,중동,동백역한라비발디,매매,4002동,저/20,550000000,154,OWNER,"급매, 잔잔한 조망굿, 석성초등학교 바로앞, 동백역  세브란스병원 인접",25.07.03,"['25년이내', '급매', '대형평수', '방네개이상']",남향,11806375.0
경기도,용인시 기흥구,중동,동백역한라비발디,매매,4002동,중/20,610000000,154,OWNER,"전담매물,컨디션 굿,로얄동,로얄층,뻥뷰,갭투 또는 실입주 가능",25.07.02,"['25년이내', '대형평수', '방세개', '화장실두개']",남향,13094343.181818184
경기도,용인시 기흥구,중동,동백역한라비발디,매매,4003동,중/17,580000000,154,NONE,"확장형, 석성초등학교 바로앞, 동백역  및 세브란스병원 인접,",25.07.10,"['25년이내', '대형평수', '방세개', '화장실두개']",남서향,12450359.090909092
경기도,용인시 기흥구,중동,동백역한라비발디,매매,4003동,9/17,600000000,154,NONE,올확장 방3 깨끗하며 전망좋아요,25.07.08,"['25년이내', '대형평수', '방네개이상', '화장실두개']",남향,12879681.818181818
경기도,용인시 기흥구,중동,동백역한라비발디,매매,4002동,중/20,590000000,154,NONE,"전세안고매매, 석성초등학교 바로앞, 동백역 및 세브란스병원 인접,",25.06.23,"['25년이내', '대형평수', '방세개', '화장실두개']",남서향,12665020.454545455
경기도,용인시 기흥구,중동,동연재,매매,2동,2/3,1100000000,225.64,OWNER,동연재타운하우스 1층정원가든파티와 휴식가능 1층게스트하우스 최근올수리,25.07.14,"['25년이내', '올수리', '마당', '필로티']",남향,16115775.128523313
경기도,용인시 기흥구,중동,동연재,매매,3동,2/3,1180000000,225.64,DOCV2,"옆이 산 전원주택같은 타운하우스 , ",25.07.08,"['25년이내', '필로티', '대형평수', '방네개이상']",남서향,17287831.501506828
경기도,용인시 기흥구,중동,동연재,매매,11동,2/3,1000000000,224.78,OWNER,급매. 동연재. 전용64 고급타운하우스. 게스트룸별도구비. 정원.주차굿,25.07.07,"['25년이내', '마당', '급매', '필로티']",남서향,14706757.718658244
경기도,용인시 기흥구,중동,동연재,매매,10동,2/3,1150000000,224.46,OWNER,"역세권 타운하우스, 빠른입주, 관리잘된 깨끗한집, 1층에 게스트하우스",25.07.19,"['25년이내', '역세권', '필로티', '대형평수']",남서향,16936882.963556983
경기도,용인시 기흥구,중동,레데보르,매매,301동,4/4,1200000000,271.11,DOC,"탑층,공원접한 유럽형 고품격타운하우스,방4개,화장실4개, 정남향,하시입주",25.07.21,"['25년이내', '대형평수', '탑층', '방네개이상']",남향,14632223.082881486
경기도,용인시 기흥구,중동,레데보르,매매,302동,고/4,1000000000,234.62,NDOC1,"공원접한 유럽풍의 최고급타운하우스,풀옵션,동백역과 상업지 인근, 하시입주",25.07.14,"['25년이내', '대형평수', '방세개', '화장실세개']",남향,14089953.96811866
경기도,용인시 기흥구,중동,레데보르,매매,302동,4/4,1000000000,234.62,DOC,"탑층,공원접한 유럽풍의 최고급타운하우스,풀옵션,동백역과 상업지구 인근",25.07.14,"['25년이내', '대형평수', '탑층', '방세개']",남향,14089953.96811866
경기도,용인시 기흥구,중동,백현동일하이빌,매매,2103동,15/23,710000000,144.26,OWNER,확장 친환경소재 도배 바닥페인트 붙박이장 화이트인테리어,25.07.17,"['25년이내', '대형평수', '방세개', '화장실두개']",남향,16269980.244003884
경기도,용인시 기흥구,중동,백현동일하이빌,매매,2109동,14/23,800000000,144.26,OWNER,"공간공간 품격과 멋이 있는 예쁜 집, 매일 잡지속에 사는 기분",25.07.17,"['25년이내', '대형평수', '방세개', '화장실두개']",남향,18332372.105919868
경기도,용인시 기흥구,중동,백현동일하이빌,매매,2108동,14/23,750000000,144.26,OWNER,"올확장,올인테리어,주인거주,커뮤니티시설,주차편리",25.07.15,"['25년이내', '대형평수', '방세개', '화장실두개']",남향,17186598.849299878
경기도,용인시 기흥구,중동,백현동일하이빌,매매,2103동,23/23,680000000,144.26,OWNER,"기본형,산뷰,공원인접동,초중고인접,주차편리,세안고",25.07.14,"['25년이내', '대형평수', '탑층', '방세개']",남향,15582516.29003189
경기도,용인시 기흥구,중동,백현동일하이빌,매매,2104동,고/23,680000000,144.26,OWNER,올확장 멋진산뷰 깨끗 주차장연결 동백초학군,25.07.17,"['25년이내', '대형평수', '방세개', '화장실두개']",남향,15582516.29003189
경기도,용인시 기흥구,중동,백현동일하이빌,매매,2105동,중/23,700000000,144.26,OWNER, 주전세가능 지하주차장연결 동백초학군 편의시설편리,25.07.17,"['25년이내', '대형평수', '방세개', '화장실두개']",남향,16040825.592679886
경기도,용인시 기흥구,중동,백현동일하이빌,매매,2107동,저/23,710000000,144.26,OWNER,올확장 정원같이예쁜전망 매우깨끗 동백초학군 커뮤니티시설,25.07.17,"['25년이내', '마당', '대형평수', '방세개']",남향,16269980.244003884
경기도,용인시 기흥구,중동,백현동일하이빌,매매,2109동,15/23,740000000,144.26,OWNER,"확장형,빠른입주,채광굿,주인거주아주깨끗",25.07.10,"['25년이내', '대형평수', '방세개', '화장실두개']",남향,16957444.197975878
경기도,용인시 기흥구,중동,백현동일하이빌,매매,2107동,8/23,750000000,144.26,OWNER,"2년이내인테리어,주인거주,상태최상,채광좋음,산뷰",25.07.10,"['25년이내', '대형평수', '방세개', '화장실두개']",남향,17186598.849299878
경기도,용인시 기흥구,중동,백현동일하이빌,매매,2109동,중/23,680000000,144.26,OWNER,거실안방확장 로얄동 로얄층 매우깨끗 뷰 좋음,25.07.15,"['25년이내', '대형평수', '방세개', '화장실두개']",남향,15582516.29003189
경기도,용인시 기흥구,중동,백현동일하이빌,매매,2109동,저/23,680000000,144.26,OWNER,"올확장,화장실  주방 수리,주인 거주중으로 깨끗,전망좋음",25.07.15,"['25년이내', '주방교체', '대형평수', '방세개']",남향,15582516.29003189
경기도,용인시 기흥구,중동,백현동일하이빌,매매,2103동,14/23,670000000,144.26,OWNER,"확장,깨끗,로얄층",25.07.07,"['25년이내', '대형평수', '방세개', '화장실두개']",남향,15353361.638707891
경기도,용인시 기흥구,중동,백현동일하이빌,매매,2105동,18/23,700000000,144.26,OWNER,"올확장,채광굿,산뷰굿,주인거주아주깨끗,지하엘베연결,커뮤니티시설",25.07.01,"['25년이내', '대형평수', '방세개', '화장실두개']",남향,16040825.592679886
경기도,용인시 기흥구,중동,백현동일하이빌,매매,2108동,고/23,680000000,144.26,OWNER,"확장형,뷰굿,부분인테리어,매우깨끗",25.07.04,"['25년이내', '대형평수', '방세개', '화장실두개']",남향,15582516.29003189
경기도,용인시 기흥구,중동,백현동일하이빌,매매,2104동,14/23,690000000,144.26,OWNER,"확장,인텔,로얄층",25.06.26,"['25년이내', '대형평수', '방세개', '화장실두개']",남향,15811670.941355888
경기도,용인시 기흥구,중동,백현동일하이빌,매매,2109동,15/23,740000000,144.26,NONE,"안방,작은방확장,채광굿, 빠른입주가능",25.07.15,"['25년이내', '대형평수', '방세개', '화장실두개']",남서향,16957444.197975878
경기도,용인시 기흥구,중동,백현동일하이빌,매매,2106동,2/21,630000000,144.26,NONE,"필로티 기본 해잘드는집 세안고 도배, 탄성코트",25.06.30,"['25년이내', '대형평수', '방세개', '화장실두개']",남향,14436743.033411896
경기도,용인시 기흥구,중동,백현동일하이빌,매매,2106동,8/21,800000000,144.26,NONE,"기본형,로얄동,집깨끗,지하엘베연결,중심상가편리,협의입주",25.06.26,"['25년이내', '대형평수', '방세개', '화장실두개']",남향,18332372.105919868
경기도,용인시 기흥구,중동,백현동일하이빌,매매,2113동,21/21,600000000,113.45,DOC,"탑층, 올확장,세안고,깨끗,탁트인전망",25.07.16,"['25년이내', '탑층', '방세개', '화장실두개']",남향,17483217.276333187
경기도,용인시 기흥구,중동,백현동일하이빌,월세,2114동,21/21,"5,000/160",113.45,OWNER,"탑층,부분수리,중간라인,뷰굿,매우깨끗,커뮤니티",25.07.05,"['25년이내', '탑층', '방세개', '화장실두개']",남향,
경기도,용인시 기흥구,중동,백현동일하이빌,매매,2114동,14/21,600000000,113.45,OWNER,"투자용 세끼고, 기본형, 동백초, 중심상가편리, 지하엘베연결,",25.06.25,"['25년이내', '방세개', '화장실두개', '중층']",남향,17483217.276333187
경기도,용인시 기흥구,중동,백현동일하이빌,매매,2113동,1/21,550000000,112.93,OWNER,"귀한1층,아이와 어르신살기좋은집,안방단열,샤시,동백초",25.07.10,"['25년이내', '1층', '방세개', '화장실두개']",남향,16100077.481625788
경기도,용인시 기흥구,중동,백현동일하이빌,매매,2111동,고/21,610000000,112.93,OWNER,"부분인테리어,트인뷰,아주깨끗,세안고,중심상가이용편리,엘베연결",25.07.10,"['25년이내', '방세개', '화장실두개', '고층']",남향,17856449.570530415
경기도,용인시 기흥구,중동,백현동일하이빌,매매,2111동,중/21,610000000,112.93,DOC,"갭투자 또는 26년2월경 입주,확장형,깨끗,초중고 인접,교통굿,",25.07.14,"['25년이내', '방세개', '화장실두개', '중층']",남향,17856449.570530415
경기도,용인시 기흥구,중동,백현동일하이빌,매매,2113동,고/21,610000000,112.93,NONE,올확장 매우깨끗 뷰좋음 편안하게살기좋은집,25.07.05,"['25년이내', '방세개', '화장실두개', '고층']",남향,17856449.570530415
경기도,용인시 기흥구,중동,백현마을상록롯데캐슬,매매,2003동,15/23,690000000,144.93,OWNER,"관리잘된집, 주인거주, 석성산뷰, 방4개, 동백초학군",25.07.15,"['25년이내', '대형평수', '방네개이상', '화장실두개']",남향,15738574.829227904
경기도,용인시 기흥구,중동,백현마을상록롯데캐슬,매매,2004동,8/21,730000000,144.93,OWNER,"석성산뷰 전망최고, 중심상권 가까움, 조용한 단지, 동백초 학군",25.07.10,"['25년이내', '대형평수', '방네개이상', '화장실두개']",남향,16650955.97874836
경기도,용인시 기흥구,중동,백현마을상록롯데캐슬,매매,2003동,1/23,610000000,144.93,OWNER,"올확장,햇빛잘드는정원뷰,동백초,도서관,둘레길이마트등중심상권",25.07.08,"['25년이내', '1층', '대형평수', '방네개이상']",남향,13913812.530186988
경기도,용인시 기흥구,중동,백현마을상록롯데캐슬,매매,2003동,18/23,630000000,144.93,OWNER,"방3확장,석성산조망굿,세끼고,동백도서관인근,중심상가편리",25.07.07,"['25년이내', '대형평수', '방네개이상', '화장실두개']",남동향,14370003.104947217
경기도,용인시 기흥구,중동,백현마을상록롯데캐슬,매매,2004동,5/21,700000000,144.93,OWNER,"전원풍경뷰, 중심상권 가까움, 주인거주, 깨끗, 기본형",25.07.07,"['25년이내', '대형평수', '방네개이상', '화장실두개']",남향,15966670.116608018
경기도,용인시 기흥구,중동,백현마을상록롯데캐슬,매매,2004동,10/21,700000000,144.93,OWNER,"올확장,인테리어된집,석성산조망,깨끗",25.06.25,"['25년이내', '대형평수', '방네개이상', '화장실두개']",남동향,15966670.116608018
경기도,용인시 기흥구,중동,백현마을상록롯데캐슬,매매,2001동,2/22,530000000,108.85,OWNER,"로얄동,올확장,채광좋고 관리잘된집,동백도서관,이마트등중심상권이용편리",25.07.21,"['25년이내', '방세개', '화장실두개', '세대당1대']",남동향,16096151.12540193
경기도,용인시 기흥구,중동,백현마을상록롯데캐슬,매매,2001동,6/22,540000000,108.85,OWNER,확장 앞동 뻥뷰 주인거주 관리잘되어 깨끗함 동백도서관앞 이마트 호수공원 ,25.07.17,"['25년이내', '방세개', '화장실두개', '세대당1대']",남동향,16399852.090032155
경기도,용인시 기흥구,중동,백현마을상록롯데캐슬,매매,2002동,21/25,540000000,108.85,OWNER,"귀한탑층, 석성산  뷰  굿 ,잘 관리된 주인거주 집",25.07.17,"['25년이내', '방세개', '화장실두개', '고층']",남동향,16399852.090032155
경기도,용인시 기흥구,중동,백현마을상록롯데캐슬,매매,2002동,17/25,535000000,108.85,OWNER,"기본형,전실확장,집깨끗,주인거주,동백도서관인근,중심상가편리,동백초",25.07.16,"['25년이내', '방세개', '화장실두개', '고층']",남동향,16248001.607717045
경기도,용인시 기흥구,중동,백현마을상록롯데캐슬,매매,2001동,8/22,540000000,108.85,OWNER,"주인거주, 확트인뷰, 기본형, 조용하고 쾌적한 단지, 중심상가 가까움",25.07.15,"['25년이내', '방세개', '화장실두개', '중층']",남향,16399852.090032155
경기도,용인시 기흥구,중동,백현마을상록롯데캐슬,매매,2002동,1/25,530000000,108.85,OWNER,"올확장,정원뷰,올인테리어,아주깨끗,도서관,중심상가인접",25.07.12,"['25년이내', '1층', '방세개', '화장실두개']",남동향,16096151.12540193
경기도,용인시 기흥구,중동,백현마을상록롯데캐슬,매매,2002동,5/25,530000000,108.85,OWNER,"작은방1개확장, 주인거주, 깨끗, 상가이용편리, 동백도서관근접",25.07.05,"['25년이내', '방한개', '화장실두개', '세대당1대']",남향,16096151.12540193
경기도,용인시 기흥구,중동,성산마을남광하우스토리,매매,105동,1/4,1150000000,250.29,OWNER,"넓은마당,화이트톤인테리어,숲조망과둘레길,편리한주차시설,이마트등상권이용편리",25.07.18,"['25년이내', '마당', '1층', '대형평수']",남향,15188991.769547328
경기도,용인시 기흥구,중동,성산마을남광하우스토리,전세,105동,1/4,750000000,250.29,OWNER,"풀시스템에어컨, 최근 인테리어, 내부상태 최상, 한숲 공원, 주차편리",25.07.15,"['25년이내', '융자금없는', '1층', '대형평수']",남향,9905864.197530866
경기도,용인시 기흥구,중동,성산마을남광하우스토리,매매,105동,2/4,1150000000,250.29,DOC,"숲조망,두세대거주가능,주차시설편리,한숲공원산책로인접,이마트등중심상권이용",25.07.21,"['25년이내', '대형평수', '방네개이상', '화장실두개']",남향,15188991.769547328
경기도,용인시 기흥구,중동,성산마을남광하우스토리,매매,105동,중/4,1150000000,250.29,OWNER,"강추,최근올인테리어,숲전망뷰,시에8대,집상태최상,한숲공원어싱길,주차편리",25.07.12,"['25년이내', '대형평수', '방네개이상', '화장실두개']",남향,15188991.769547328
경기도,용인시 기흥구,중동,성산마을남광하우스토리,매매,105동,3/4,1100000000,250.29,OWNER,"숲 전망, 정남향, 조용한 고급 타운하우스, 중심상권이용편리",25.06.28,"['25년이내', '대형평수', '방네개이상', '화장실두개']",남향,14528600.823045267
경기도,용인시 기흥구,중동,성산마을남광하우스토리,전세,105동,1/4,750000000,250.29,NONE,인테리어 죄상의컨디션 단독정원 이중샷시 시스템에어컨,25.07.15,"['25년이내', '마당', '1층', '화장실두개']",남향,9905864.197530866
경기도,용인시 기흥구,중동,성산마을남광하우스토리,매매,105동,2/4,1150000000,250.29,NONE,"로얄동,숲조망굿,폴리싱타일,주인거주,거실앞 한숲공원입구",25.07.10,"['25년이내', '대형평수', '방네개이상', '화장실두개']",남향,15188991.769547328
경기도,용인시 기흥구,중동,성산마을남광하우스토리,매매,105동,고/4,1100000000,250.29,NONE,숲조망 조용한 타운하우스로서 2세대 가능,25.07.03,"['25년이내', '대형평수', '방네개이상', '화장실두개']",남향,14528600.823045267
경기도,용인시 기흥구,중동,성산마을남광하우스토리,매매,106동,1/4,1200000000,214.73,OWNER,한숲공원뷰로 1층에 잘 가꾸어진  예쁜정원 조용하고 프라이빗한 타운하우스,25.07.16,"['25년이내', '마당', '1층', '대형평수']",남향,18474093.047082383
경기도,용인시 기흥구,중동,성산마을남광하우스토리,매매,103동,1/4,900000000,214.73,OWNER,1층데크정원 편리한 주차시설  산책로 인접 호수공원 이마트상권,25.07.14,"['25년이내', '마당', '1층', '대형평수']",남향,13855569.785311788
경기도,용인시 기흥구,중동,성산마을남광하우스토리,매매,108동,1/4,1030000000,214.73,OWNER,한숲공원뷰로 1층의 넓은 정원   로얄동으로 앞뒤 트인전망  세안고,25.06.27,"['25년이내', '마당', '1층', '대형평수']",남향,15856929.86541238
경기도,용인시 기흥구,중동,성산마을남광하우스토리,매매,107동,1/4,1000000000,214.73,DOC,"1층데크있음,최근인테리어,한숲공원둘레길,호수공원,이마트상권이용편리",25.06.24,"['25년이내', '1층', '대형평수', '방네개이상']",남향,15395077.53923532
경기도,용인시 기흥구,중동,성산마을남광하우스토리,매매,101동,4/4,1200000000,207.04,OWNER,"탑층수리,방4개,전망확보   복층펜트하우스 옥상테라스 고급스러운 정원수리",25.07.18,"['25년이내', '테라스', '마당', '복층']",남향,19160268.54714065
경기도,용인시 기흥구,중동,성산마을남광하우스토리,매매,104동,3/4,850000000,207.04,OWNER,예전올인테리어 화이트톤 내부상태깨끗함 전망이 예쁜집 주인거주중 숲세권,25.07.14,"['25년이내', '대형평수', '방세개', '화장실두개']",남향,13571856.887557961
경기도,용인시 기흥구,중동,성산마을남광하우스토리,매매,101동,2/4,920000000,207.04,OWNER,"예쁜테라스,시스템에어컨교체및인테리어하여아주깨끗,주차편리,세안고26,9",25.07.14,"['25년이내', '테라스', '화장실두개', '대형평수']",남향,14689539.2194745
경기도,용인시 기흥구,중동,성산마을남광하우스토리,매매,107동,2/4,900000000,207.04,OWNER,테라스가 있는 타운하우스 한숲공원및 이마트와 호수공원 인프라,25.07.14,"['25년이내', '테라스', '대형평수', '방네개이상']",남향,14370201.410355488
경기도,용인시 기흥구,중동,성산마을남광하우스토리,매매,101동,4/4,1000000000,207.04,OWNER,"탑층,다락방, 옥상테라스있는 타운하우스,한숲공원,이마트등중심상권이용편리",25.07.12,"['25년이내', '테라스', '대형평수', '탑층']",남향,15966890.455950543
경기도,용인시 기흥구,중동,성산마을남광하우스토리,매매,103동,3/4,950000000,207.04,OWNER,"최근고급올인테리어,전망뷰좋음,한숲어싱길,여유로운주차시설,이마트상권이용편리",25.07.01,"['25년이내', '대형평수', '방세개', '화장실두개']",남향,15168545.933153015
경기도,용인시 기흥구,중동,성산마을남광하우스토리,매매,109동,3/4,1000000000,207.04,OWNER,"고급타운하우스,주차시설편리,한숲공원,어싱길,이마트등주변상권이용편리",25.06.30,"['25년이내', '대형평수', '방세개', '화장실두개']",남향,15966890.455950543
경기도,용인시 기흥구,중동,성산마을남광하우스토리,매매,108동,고/4,1080000000,207.04,OWNER,"로얄동,사계절탁트인예쁜숲조망뷰,주차시설,한숲공원어싱길,중심상권이용편리",25.06.30,"['25년이내', '대형평수', '방네개이상', '화장실두개']",남향,17244241.69242659
경기도,용인시 기흥구,중동,성산마을남광하우스토리,매매,101동,4/4,1100000000,207.04,NONE,"탑층 복층, 옥상테라스정원, 노천탕, 화이트톤 올확장, 주인거주, ",25.07.15,"['25년이내', '테라스', '마당', '복층']",남향,17563579.501545597
경기도,용인시 기흥구,중동,성산마을서해그랑블,매매,3108동,23/24,690000000,155.17,NDOC1,"거실확장,5년전 리모델링,전망최고,동백역과 용인세브란스인근,교통편리",25.07.17,"['25년이내', '역세권', '대형평수', '방네개이상']",남향,14699952.63259651
경기도,용인시 기흥구,중동,성산마을서해그랑블,매매,3108동,18/24,620000000,155.17,OWNER,"입주도가능, 가격조정가,뻥뚫린뷰, 정남향, 동백역세권,세브란스병원인접",25.07.17,"['25년이내', '역세권', '대형평수', '방네개이상']",남향,13208653.090159182
경기도,용인시 기흥구,중동,성산마을서해그랑블,매매,3107동,2/24,599000000,155.17,OWNER,"기본형, 깨끗, 석성초, 동백역, 세브란스병원, 정상입주",25.07.16,"['25년이내', '역세권', '대형평수', '방네개이상']",남향,12761263.227427984
경기도,용인시 기흥구,중동,성산마을서해그랑블,매매,3109동,2/24,580000000,155.17,DOC,"급매,기본형,세안고,상태양호,동백역세권",25.07.21,"['25년이내', '역세권', '급매', '대형평수']",남향,12356481.923052138
경기도,용인시 기흥구,중동,성산마을서해그랑블,매매,3108동,중/24,680000000,155.17,OWNER,정남향 거실확장 아주깨끗함 전망 동백역m버스 교통굿 상권인접편리함,25.07.14,"['25년이내', '역세권', '대형평수', '방네개이상']",남향,14486909.840819748
경기도,용인시 기흥구,중동,성산마을서해그랑블,매매,3108동,12/24,640000000,155.17,DOC,"세안고,깨끗하고,전망좋아요,동백역과 상권 편리,석성초",25.07.08,"['25년이내', '역세권', '대형평수', '방네개이상']",남향,13634738.673712704
경기도,용인시 기흥구,중동,성산마을서해그랑블,매매,3103동,3/20,620000000,154.22,OWNER,"로얄동, 올확장, 잔잔한 나무 뷰, 가장 조용한 동, 동백역 도보5분거리",25.07.21,"['25년이내', '대형평수', '방네개이상', '화장실두개']",남향,13290018.804305539
경기도,용인시 기흥구,중동,성산마을서해그랑블,매매,3102동,10/10,740000000,154.22,NDOC1,"탑층다락방,부분수리,전망굿,조용한동,동백역세권",25.07.21,"['25년이내', '복층', '대형평수', '탑층']",남향,15862280.508364676
경기도,용인시 기흥구,중동,성산마을서해그랑블,매매,3106동,1/20,630000000,154.22,NDOC1,"올확장수리,딘독정원,동백역과 석성초,용인세브란스 인근,상가이용편리",25.07.21,"['25년이내', '마당', '역세권', '1층']",남향,13504373.946310466
경기도,용인시 기흥구,중동,성산마을서해그랑블,매매,3106동,6/20,620000000,154.22,OWNER,"입주협의가능, 확장형, 탁트인전망 , 동백역과 세브란스이용편리",25.07.21,"['25년이내', '역세권', '대형평수', '방네개이상']",남향,13290018.804305539
경기도,용인시 기흥구,중동,성산마을서해그랑블,매매,3104동,3/20,740000000,154.22,OWNER,필로티 최근화이트올인테리어 올확장 조용한동 동백역 교통굿 명문학군,25.07.17,"['25년이내', '필로티', '대형평수', '방네개이상']",남향,15862280.508364676
경기도,용인시 기흥구,중동,성산마을서해그랑블,매매,3105동,13/20,670000000,154.22,OWNER,"올확장, 깨끗, 정남향, 석성초, 동백역, 세브란스병원",25.07.16,"['25년이내', '역세권', '대형평수', '방네개이상']",남향,14361794.514330178
경기도,용인시 기흥구,중동,성산마을서해그랑블,매매,3104동,16/20,640000000,154.22,OWNER,트인뷰. 올학장. 올인테리어. 일조량. 주차최고,25.07.16,"['25년이내', '대형평수', '방네개이상', '화장실두개']",남향,13718729.088315394
경기도,용인시 기흥구,중동,성산마을서해그랑블,매매,3104동,고/20,650000000,154.22,OWNER,"인테리어기간줌,빠른입주가능,남향,뷰좋음,햇살가득한집,석성초초당중인접",25.07.21,"['25년이내', '대형평수', '방네개이상', '화장실두개']",남향,13933084.230320321
경기도,용인시 기흥구,중동,성산마을서해그랑블,매매,3103동,1/20,630000000,154.22,OWNER,"올확장, 세대전용정원, 깨끗, 석성초, 동백역, 세브란스병원",25.07.11,"['25년이내', '마당', '1층', '대형평수']",남향,13504373.946310466
경기도,용인시 기흥구,중동,성산마을서해그랑블,매매,3106동,18/20,680000000,154.22,OWNER,"거실확장, 전망굿, 석성초, 동백역, 세브란스병원",25.07.09,"['25년이내', '역세권', '대형평수', '방네개이상']",남향,14576149.656335104
경기도,용인시 기흥구,중동,성산마을서해그랑블,매매,3103동,17/20,650000000,154.22,OWNER,"거실,방2확장, 전망굿, 깨끗, 석성초, 동백역, 세브란스병원",25.07.04,"['25년이내', '대형평수', '방네개이상', '화장실두개']",남향,13933084.230320321
경기도,용인시 기흥구,중동,성산마을서해그랑블,매매,3101동,10/10,750000000,154.22,OWNER,"탑층, 다락방, 최근 올확장수리, 석성초, 동백역, 세브란스병원",25.07.04,"['25년이내', '대형평수', '탑층', '방네개이상']",남향,16076635.650369601
경기도,용인시 기흥구,중동,성산마을서해그랑블,매매,3105동,19/20,700000000,154.22,OWNER,"거실,방2개확장, 전망굿, 주인거주 깨끗, 즉시입주협의",25.07.04,"['25년이내', '역세권', '대형평수', '방두개']",남향,15004859.940344963
경기도,용인시 기흥구,중동,성산마을서해그랑블,매매,3101동,5/10,750000000,154.22,MOBL,"최근 확장 리모델링,시스템에어콘,조용한동,동백역과 용인세브란스 인근",25.07.01,"['25년이내', '대형평수', '방네개이상', '화장실두개']",남향,16076635.650369601
경기도,용인시 기흥구,중동,성산마을서해그랑블,매매,3105동,6/20,650000000,154.22,NDOC1,"올확장,조용한동,동백역과 용인세브란스 인근,정상입주,대중교통편리",25.07.01,"['25년이내', '역세권', '대형평수', '방네개이상']",남향,13933084.230320321
경기도,용인시 기흥구,중동,성산마을서해그랑블,전세,3104동,13/20,530000000,154.22,MOBL,"올확장,조용한동,동백역과 석성초,용인세브란스 인근,상가이용편리",25.06.27,"['25년이내', '융자금없는', '대형평수', '방네개이상']",남향,11360822.526261186
경기도,용인시 기흥구,중동,성산마을서해그랑블,매매,3101동,4/10,650000000,154.22,OWNER,"기본형, 화이트인테리어, 싱크대교체, 욕실수리,석성초, 세브란스병원",25.06.25,"['25년이내', '욕실수리', '주방교체', '대형평수']",남향,13933084.230320321
경기도,용인시 기흥구,중동,성산마을서해그랑블,매매,3110동,저/18,660000000,154.22,NDOC1,소유자 직접 의뢰 세안고 매매 내부양호 공동가능,25.07.01,"['25년이내', '역세권', '대형평수', '방네개이상']",남향,14147439.37232525
경기도,용인시 기흥구,중동,성산마을서해그랑블,매매,3103동,고/20,670000000,154.22,OWNER,"확장형, 일조권 및 전망 좋은 집, 정상입주 협의",25.06.28,"['25년이내', '대형평수', '방네개이상', '화장실두개']",남향,14361794.514330178
경기도,용인시 기흥구,중동,성산마을서해그랑블,매매,3102동,10/10,740000000,154.22,NONE,"탑층,복층형다락방,부분수리,빠른입주가능",25.07.15,"['25년이내', '복층', '대형평수', '탑층']",남향,15862280.508364676
경기도,용인시 기흥구,중동,성산마을서해그랑블,매매,3106동,6/20,620000000,154.22,NONE,"월세안고매매, 버스정류장 바로앞, 석성초등학교 바로앞, 동백역 인접,",25.07.07,"['25년이내', '역세권', '대형평수', '방네개이상']",남향,13290018.804305539
경기도,용인시 기흥구,중동,성산마을신영지웰,매매,3005동,고/27,850000000,196.69,OWNER,"59형,정남향,환상적인탁트인전망뷰,인테리어됨,주차편리",25.07.15,"['25년이내', '대형평수', '방네개이상', '화장실세개']",남향,14286019.878997408
경기도,용인시 기흥구,중동,성산마을신영지웰,매매,3004동,중/27,800000000,164.89,OWNER,"확트인 전망뷰, 밝고채광굿,상권,주차시설이용편리,주인거주",25.07.21,"['25년이내', '대형평수', '방네개이상', '화장실두개']",남향,16038740.978834378
경기도,용인시 기흥구,중동,성산마을신영지웰,매매,3003동,고/27,700000000,164.89,OWNER,"채광좋고 확트인전망뷰,호수공원,이마트등중심상권이용편리,세안고",25.07.21,"['25년이내', '대형평수', '방네개이상', '화장실두개']",남향,14033898.356480079
경기도,용인시 기흥구,중동,성산마을신영지웰,매매,3003동,중/27,710000000,164.89,OWNER,"올확장,공실,인테리어기간확보,가격절충",25.07.21,"['25년이내', '대형평수', '방네개이상', '화장실두개']",남서향,14234382.61871551
경기도,용인시 기흥구,중동,성산마을신영지웰,매매,3005동,중/27,800000000,164.89,OWNER,"로얄동,깨끗하고트인전망 ,지하엘베연결,중심상권등 인프라굿",25.07.18,"['25년이내', '대형평수', '방네개이상', '화장실두개']",남향,16038740.978834378
경기도,용인시 기흥구,중동,성산마을신영지웰,매매,3003동,고/27,780000000,164.89,OWNER,탑층 최고의 전망뷰 화이트 인테리어함 입주협의가능,25.07.16,"['25년이내', '대형평수', '방네개이상', '화장실두개']",남향,15637772.454363517
경기도,용인시 기흥구,중동,성산마을신영지웰,매매,3003동,저/27,700000000,164.89,OWNER,"잔잔한정원같은뷰, 집상태굿,지하엘베연결,이마트등중심상권이용편리",25.07.14,"['25년이내', '마당', '대형평수', '방네개이상']",남향,14033898.356480079
경기도,용인시 기흥구,중동,성산마을신영지웰,매매,3003동,중/27,700000000,164.89,OWNER,올확장 전망좋은뷰  세안고 동백중심상권의 편리한 인프라,25.07.10,"['25년이내', '대형평수', '방네개이상', '화장실두개']",남향,14033898.356480079
경기도,용인시 기흥구,중동,성산마을신영지웰,매매,3004동,고/27,730000000,164.89,NDOC1,고층 트인뷰 석성산전망 전세끼고,25.07.08,"['25년이내', '대형평수', '방네개이상', '화장실두개']",남향,14635351.14318637
경기도,용인시 기흥구,중동,성산마을신영지웰,매매,3005동,26/27,720000000,164.89,DOC,,25.07.09,"['25년이내', '대형평수', '방네개이상', '화장실두개']",남서향,14434866.880950939
경기도,용인시 기흥구,중동,성산마을신영지웰,매매,3003동,고/27,730000000,164.89,DOC,확트인뷰 올확장 전세낀매매,25.07.08,"['25년이내', '대형평수', '방네개이상', '화장실두개']",남향,14635351.14318637
경기도,용인시 기흥구,중동,성산마을신영지웰,매매,3004동,저/27,730000000,164.89,DOC,"일부확장,트인전망뷰,지하엘베연결,이마트등중심상권이용편리,입주협의",25.06.30,"['25년이내', '대형평수', '방네개이상', '화장실두개']",남향,14635351.14318637
경기도,용인시 기흥구,중동,성산마을신영지웰,매매,3005동,중/27,800000000,164.89,NONE,,25.07.08,"['25년이내', '대형평수', '방네개이상', '화장실두개']",남향,16038740.978834378
경기도,용인시 기흥구,중동,성산마을신영지웰,매매,3003동,14/27,700000000,164.89,NONE,올확장 깨끗하게 관리잘됨 짧은세안고 호수공원 중심상가 앞,25.07.08,"['25년이내', '대형평수', '방네개이상', '화장실두개']",남향,14033898.356480079
경기도,용인시 기흥구,중동,성산마을신영지웰,매매,3002동,저/18,700000000,153.98,OWNER,"올확장,확트인정원뷰,지하엘베연결,이마트등중심상권이용편리",25.07.19,"['25년이내', '대형평수', '방네개이상', '화장실두개']",남향,15028247.17495779
경기도,용인시 기흥구,중동,성산마을신영지웰,매매,3002동,16/18,770000000,153.98,OWNER,"화이트 올인테리어,정남향 컨디션 좋음  빠른 입주도 가능",25.07.10,"['25년이내', '대형평수', '방네개이상', '화장실두개']",남향,16531071.892453568
경기도,용인시 기흥구,중동,성산마을신영지웰,매매,3002동,고/18,700000000,153.98,OWNER,"확장,로얄동,정남향,앞뒤확트인전망뷰,이마트등 주변인프라이용편리,입주협의",25.07.14,"['25년이내', '대형평수', '방네개이상', '화장실두개']",남향,15028247.17495779
경기도,용인시 기흥구,중동,성산마을신영지웰,매매,3002동,중/18,760000000,153.98,OWNER,부분수리함 전망좋고 채광좋은 정남향 주차편리 엘베연결,25.07.10,"['25년이내', '대형평수', '방네개이상', '화장실두개']",남향,16316382.647097029
경기도,용인시 기흥구,중동,성산마을신영지웰,매매,3002동,중/18,700000000,153.98,DOC,"확트인전망,집상태양호,지하엘베연결,이마트등중심상가이용편리,세안고",25.07.18,"['25년이내', '대형평수', '방네개이상', '화장실두개']",남향,15028247.17495779
경기도,용인시 기흥구,중동,성산마을신영지웰,매매,3002동,저/18,690000000,153.98,OWNER,정남향  채광좋고  밝은집 확장 이마트상권의 편리한 인프라,25.06.30,"['25년이내', '대형평수', '방네개이상', '화장실두개']",남향,14813557.929601248
경기도,용인시 기흥구,중동,성산마을신영지웰,매매,3009동,중/19,720000000,152.78,NDOC1,,25.07.14,"['25년이내', '대형평수', '방네개이상', '화장실두개']",남향,15579036.523105118
경기도,용인시 기흥구,중동,성산마을신영지웰,매매,3009동,2/19,670000000,152.78,OWNER,"올확장,확트인전망뷰,채광굿,어린아이있는분추천,지하엘베연결,세안고매매",25.06.30,"['25년이내', '필로티', '대형평수', '방네개이상']",남향,14497158.986778377
경기도,용인시 기흥구,중동,성산마을신영지웰,매매,3009동,중/19,730000000,152.78,OWNER,"로얄동,일부확장, 집상태깨끗,지하엘베연결,이마트등중심상권이용편리",25.06.30,"['25년이내', '대형평수', '방네개이상', '화장실두개']",남향,15795412.030370466
경기도,용인시 기흥구,중동,성산마을신영지웰,매매,3009동,중/19,700000000,152.78,NONE,"확장,확트인전망뷰,집상태깨끗,지하엘베연결,이마트상권이용편리",25.07.17,"['25년이내', '대형평수', '방네개이상', '화장실두개']",남향,15146285.508574422
경기도,용인시 기흥구,중동,성산마을신영지웰,매매,3001동,1/10,610000000,129.26,OWNER,"올확장,최근인테리어,어린아이있는집추천,호수공원,이마트등중심상권,입주협의",25.07.15,"['25년이내', '1층', '방세개', '화장실두개']",남향,15600563.592758784
경기도,용인시 기흥구,중동,성산마을신영지웰,매매,3001동,저/10,610000000,129.26,OWNER,채광좋고 밝은집 이마트상권과 호수공원 이용편리 주차편리 엘베연결,25.07.16,"['25년이내', '방세개', '화장실두개', '세대당 1.5대이상']",남향,15600563.592758784
경기도,용인시 기흥구,중동,성산마을신영지웰,매매,3007동,저/10,630000000,129.26,OWNER,"정원뷰,주방싱크대교체 및 부분수리,지하엘베연결,이마트등중심상권이용편리",25.07.15,"['25년이내', '주방교체', '방세개', '화장실두개']",남향,16112057.481045956
경기도,용인시 기흥구,중동,성산마을신영지웰,매매,3008동,2/10,630000000,128.96,OWNER,"확장,잔잔한정원뷰,해가잘들어,밝고환함,집상태화이트톤굿,이마트중심상권편리",25.07.14,"['25년이내', '방세개', '화장실두개', '세대당 1.5대이상']",남향,16149539.004342431
경기도,용인시 기흥구,중동,성산마을신영지웰,매매,3008동,10/10,650000000,128.96,DOC,39탑층 다락방있음 세안고,25.07.08,"['25년이내', '탑층', '방세개', '화장실두개']",남향,16662222.782258064
경기도,용인시 기흥구,중동,성산마을신영지웰,매매,3004동,3/27,610000000,127.33,OWNER,정원뷰 올확장 이마트상권이용 주차편리,25.07.14,"['25년이내', '방세개', '화장실두개', '세대당 1.5대이상']",남향,15837028.58713579
경기도,용인시 기흥구,중동,성산마을카운티스,매매,102동,4/4,900000000,207.21,DOC,"탑층다락방,옥상 산과 공원접한 빌라형타운하우스,전망굿,정남향,상태양호",25.07.21,"['25년이내', '대형평수', '탑층', '방네개이상']",남향,14358411.756189374
경기도,용인시 기흥구,중동,성산마을카운티스,매매,107동,4/4,700000000,175.82,OWNER,주인거주 로얄동 탑층다락방 외부테라스 정상입주 내부상태깨끗,25.07.10,"['25년이내', '테라스', '대형평수', '탑층']",남향,13161469.11614151
경기도,용인시 기흥구,중동,성산마을카운티스,전세,108동,4/4,600000000,175.82,DOC,"석성산조망,로열동,탑층,다락방과옥상,공원접한 타운하우스,정남향,인테리어",25.07.14,"['25년이내', '대형평수', '탑층', '방네개이상']",남향,11281259.242407009
경기도,용인시 기흥구,중동,성산마을카운티스,매매,108동,4/4,750000000,175.82,DOC,"석성산조망,로열동,탑층,다락방과옥상,공원접한 타운하우스,정남향,인테리어",25.07.14,"['25년이내', '대형평수', '탑층', '방네개이상']",남향,14101574.05300876
경기도,용인시 기흥구,중동,성산마을카운티스,매매,103동,4/4,750000000,175.82,OWNER,"탑층,다락방 관리가 잘되어 아주 깨끗 최상의 컨디션 전망뷰 좋음",25.07.03,"['25년이내', '복층', '대형평수', '탑층']",남향,14101574.05300876
경기도,용인시 기흥구,중동,성산마을카운티스,매매,106동,4/4,750000000,175.82,DOC,"올확장리모델링,탑층 다락방과옥상,공원접한 타운하우스,정남향,전망굿",25.06.27,"['25년이내', '대형평수', '탑층', '방네개이상']",남향,14101574.05300876
경기도,용인시 기흥구,중동,성산마을카운티스,매매,105동,2/4,680000000,174.82,OWNER,"산과 공원 접한 조용한 고급타운하우스, 도서관인접, 주인거주 관리상태양호",25.07.18,"['25년이내', '대형평수', '방네개이상', '화장실두개']",남향,12858561.949433705
경기도,용인시 기흥구,중동,성산마을카운티스,전세,108동,2/4,600000000,174.82,NDOC1,"공원접한 최고급 타운하우스,로열동, 전망최고,정상입주,동백도서관 인근",25.07.14,"['25년이내', '대형평수', '방네개이상', '화장실두개']",남향,11345789.95538268
경기도,용인시 기흥구,중동,성산마을카운티스,매매,103동,3/4,780000000,174.82,DOC,"공원접한 타운하우스,유럽풍최고급인테리어,전망굿,쾌적한환경 ",25.07.21,"['25년이내', '대형평수', '방네개이상', '화장실두개']",남향,14749526.941997483
경기도,용인시 기흥구,중동,성산마을카운티스,매매,104동,1/4,670000000,174.82,OWNER,초초급매 올수리 화이트모던스타일 최상의 올인테리어 8월중,25.06.30,"['25년이내', '올수리', '1층', '급매']",남향,12669465.450177327
경기도,용인시 기흥구,중동,성산마을카운티스,매매,108동,3/4,750000000,174.82,DOC,"최근 올 리모델링,석성산조망,로열동,공원접,세안고",25.06.27,"['25년이내', '대형평수', '방네개이상', '화장실두개']",남향,14182237.44422835
경기도,용인시 기흥구,중동,스프링카운티자이(실버주택),매매,101B동,중/10,900000000,121.97,DOC,,25.07.18,"['10년이내', '대단지', '방세개', '화장실두개']",남향,24392936.78773469
경기도,용인시 기흥구,중동,스프링카운티자이(실버주택),매매,101B동,저/10,900000000,121.97,DOC,,25.07.04,"['10년이내', '대단지', '방세개', '화장실두개']",남향,24392936.78773469
경기도,용인시 기흥구,중동,스프링카운티자이(실버주택),매매,101A동,5/17,900000000,120.56,OWNER,정상입주 시스템에어컨 2대. 붙박이. 김치냉장고,25.07.18,"['10년이내', '대단지', '방세개', '화장실두개']",남서향,24678222.461844727
경기도,용인시 기흥구,중동,스프링카운티자이(실버주택),매매,101C동,12/23,850000000,120.56,OWNER,전망굿 커뮤니티이용편리,25.07.18,"['10년이내', '역세권', '대단지', '방세개']",남동향,23307210.102853354
경기도,용인시 기흥구,중동,스프링카운티자이(실버주택),매매,101A동,고/17,900000000,120.56,OWNER,"주인거주, 정상입주. AC 2대, 김치냉장고, 냉장고, 오븐",25.07.21,"['10년이내', '대단지', '방세개', '화장실두개']",남향,24678222.461844727
경기도,용인시 기흥구,중동,스프링카운티자이(실버주택),전세,101D동,고/20,650000000,120.56,OWNER,"정문 입구동 출입 편함, 1센터 커뮤니티 연결동으로 편리, 전망 좋은 뷰",25.07.21,"['10년이내', '대단지', '방세개', '화장실두개']",남서향,17823160.666887857
경기도,용인시 기흥구,중동,스프링카운티자이(실버주택),전세,101C동,중/23,650000000,120.56,OWNER,"입주협의, 빠른입주 가능",25.07.21,"['10년이내', '융자금없는', '역세권', '대단지']",남향,17823160.666887857
경기도,용인시 기흥구,중동,스프링카운티자이(실버주택),전세,101C동,저/23,700000000,120.56,OWNER,커뮤니티 연결동  이동 편리한 동  뷰 좋음,25.07.18,"['10년이내', '역세권', '대단지', '방세개']",남동향,19194173.02587923
경기도,용인시 기흥구,중동,스프링카운티자이(실버주택),매매,101A동,저/17,830000000,120.56,OWNER,주인거주 하시,25.07.16,"['10년이내', '대단지', '방세개', '화장실두개']",남향,22758805.159256805
경기도,용인시 기흥구,중동,스프링카운티자이(실버주택),매매,101A동,중/17,800000000,120.56,OWNER,"에어컨 2대 ,  주출입구 가까워 이동편리한동,",25.07.15,"['10년이내', '대단지', '방세개', '화장실두개']",남서향,21936197.74386198
경기도,용인시 기흥구,중동,스프링카운티자이(실버주택),매매,101A동,중/17,850000000,120.56,OWNER,정상입주 에어컨2대,25.07.15,"['10년이내', '대단지', '방세개', '화장실두개']",남향,23307210.102853354
경기도,용인시 기흥구,중동,스프링카운티자이(실버주택),매매,101A동,고/17,850000000,120.56,OWNER,뷰 좋음  집상태  깨끗,25.07.15,"['10년이내', '대단지', '방세개', '화장실두개']",남동향,23307210.102853354
경기도,용인시 기흥구,중동,스프링카운티자이(실버주택),전세,101C동,중/23,700000000,120.56,DOC,정상,25.07.17,"['10년이내', '역세권', '대단지', '방세개']",남향,19194173.02587923
경기도,용인시 기흥구,중동,스프링카운티자이(실버주택),매매,101C동,저/23,850000000,120.56,DOC,정상입주,25.07.17,"['10년이내', '역세권', '대단지', '방세개']",남동향,23307210.102853354
경기도,용인시 기흥구,중동,스프링카운티자이(실버주택),매매,101A동,고/17,850000000,120.56,DOC,확트인뷰 입주협의,25.07.15,"['10년이내', '대단지', '방세개', '화장실두개']",남향,23307210.102853354
경기도,용인시 기흥구,중동,스프링카운티자이(실버주택),월세,101D동,고/20,4억/100,120.56,OWNER,정상입주 1년계약,25.07.03,"['10년이내', '대단지', '방세개', '화장실두개']",남서향,
경기도,용인시 기흥구,중동,스프링카운티자이(실버주택),매매,101A동,중/17,910000000,120.56,OWNER,즉시입주,25.07.03,"['10년이내', '대단지', '방세개', '화장실두개']",남향,24952424.933643
경기도,용인시 기흥구,중동,스프링카운티자이(실버주택),매매,101A동,중/17,850000000,120.56,DOC,세안고 진출입편리한동,25.07.11,"['10년이내', '대단지', '방세개', '화장실두개']",남동향,23307210.102853354
경기도,용인시 기흥구,중동,스프링카운티자이(실버주택),매매,101C동,중/23,900000000,120.56,DOC,주출입구 부대시설 이용 편리한 동,25.07.10,"['10년이내', '역세권', '대단지', '방세개']",남향,24678222.461844727
경기도,용인시 기흥구,중동,스프링카운티자이(실버주택),매매,101C동,중/23,900000000,120.56,DOC,,25.07.08,"['10년이내', '역세권', '대단지', '방세개']",남향,24678222.461844727
경기도,용인시 기흥구,중동,스프링카운티자이(실버주택),매매,101D동,중/20,850000000,120.56,DOC,,25.07.08,"['10년이내', '대단지', '방세개', '화장실두개']",남향,23307210.102853354
경기도,용인시 기흥구,중동,스프링카운티자이(실버주택),매매,101C동,저/23,850000000,120.56,DOC,,25.06.27,"['10년이내', '역세권', '대단지', '방세개']",남향,23307210.102853354
경기도,용인시 기흥구,중동,스프링카운티자이(실버주택),매매,201동,12/22,900000000,100.89,OWNER,세안고 에어컨4대 이동편리 뷰좋음,25.07.18,"['10년이내', '대단지', '방세개', '화장실두개']",남서향,29489607.493309546
경기도,용인시 기흥구,중동,스프링카운티자이(실버주택),매매,206동,8/22,900000000,100.89,OWNER,에어컨2대 오븐 김냉 빠른입주가능,25.07.18,"['10년이내', '대단지', '방세개', '화장실두개']",남서향,29489607.493309546
경기도,용인시 기흥구,중동,스프링카운티자이(실버주택),매매,205동,11/22,920000000,100.89,OWNER,입주협의 시원한전망,25.07.16,"['10년이내', '대단지', '방세개', '화장실두개']",남서향,30144932.104271982
경기도,용인시 기흥구,중동,스프링카운티자이(실버주택),매매,203동,저/25,900000000,100.89,OWNER,세안고. 푸릇푸릇 예쁜 뷰,25.07.21,"['10년이내', '대단지', '방세개', '화장실두개']",남동향,29489607.493309546
경기도,용인시 기흥구,중동,스프링카운티자이(실버주택),매매,202동,중/25,900000000,100.89,OWNER,세안고 시원한전망 뷰최고 에어컨3대,25.07.21,"['10년이내', '대단지', '방세개', '화장실두개']",남서향,29489607.493309546
경기도,용인시 기흥구,중동,스프링카운티자이(실버주택),매매,201동,중/22,870000000,100.89,OWNER,정상입주,25.07.18,"['10년이내', '대단지', '방세개', '화장실두개']",남동향,28506620.576865893
경기도,용인시 기흥구,중동,스프링카운티자이(실버주택),매매,203동,중/25,900000000,100.89,OWNER,뷰 좋음  입주협의,25.07.18,"['10년이내', '대단지', '방세개', '화장실두개']",남서향,29489607.493309546
경기도,용인시 기흥구,중동,스프링카운티자이(실버주택),매매,203동,중/25,950000000,100.89,OWNER,정상입주,25.07.18,"['10년이내', '대단지', '방세개', '화장실두개']",남서향,31127919.020715635
경기도,용인시 기흥구,중동,스프링카운티자이(실버주택),전세,206동,중/22,700000000,100.89,OWNER,빠른 입주,25.07.17,"['10년이내', '대단지', '방세개', '화장실두개']",남서향,22936361.3836852
경기도,용인시 기흥구,중동,스프링카운티자이(실버주택),매매,205동,고/22,900000000,100.89,OWNER,세안고  편리한 동선  조망좋은집,25.07.17,"['10년이내', '대단지', '방세개', '화장실두개']",남서향,29489607.493309546
경기도,용인시 기흥구,중동,스프링카운티자이(실버주택),월세,207동,고/21,2억/200,100.89,OWNER,"전망 좋은 뷰,  AC 4대",25.07.16,"['10년이내', '대단지', '방세개', '화장실두개']",남동향,
경기도,용인시 기흥구,중동,스프링카운티자이(실버주택),매매,203동,12/25,900000000,100.89,DOC,입주협의,25.07.19,"['10년이내', '대단지', '방세개', '화장실두개']",남동향,29489607.493309546
경기도,용인시 기흥구,중동,스프링카운티자이(실버주택),매매,201동,저/22,870000000,100.89,OWNER,세안고,25.07.15,"['10년이내', '대단지', '방세개', '화장실두개']",남동향,28506620.576865893
경기도,용인시 기흥구,중동,스프링카운티자이(실버주택),매매,201동,저/22,900000000,100.89,OWNER,연말입주,25.07.14,"['10년이내', '대단지', '방세개', '화장실두개']",남동향,29489607.493309546
경기도,용인시 기흥구,중동,스프링카운티자이(실버주택),매매,206동,중/22,900000000,100.89,OWNER,"입주가능 풀옵션 모든커뮤니티 제일 가까운동,뷰맛집.",25.07.12,"['10년이내', '대단지', '방세개', '화장실두개']",남향,29489607.493309546
경기도,용인시 기흥구,중동,스프링카운티자이(실버주택),전세,206동,중/22,600000000,100.89,OWNER,"커뮤니티동과인접동, 풀옵션,뷰좋음",25.07.12,"['10년이내', '대단지', '방세개', '화장실두개']",남향,19659738.32887303
경기도,용인시 기흥구,중동,스프링카운티자이(실버주택),매매,203동,중/25,950000000,100.89,OWNER,세안고 전망좋아요 에어컨,25.07.11,"['10년이내', '대단지', '방세개', '화장실두개']",남서향,31127919.020715635
경기도,용인시 기흥구,중동,스프링카운티자이(실버주택),전세,202동,중/25,550000000,100.89,DOC,입주협의,25.07.21,"['10년이내', '대단지', '방세개', '화장실두개']",남서향,18021426.801466946
경기도,용인시 기흥구,중동,스프링카운티자이(실버주택),매매,207동,중/21,1000000000,100.89,DOC,뷰 예쁘고 부대시설 이용 편리,25.07.21,"['10년이내', '대단지', '방세개', '화장실두개']",남서향,32766230.548121717
경기도,용인시 기흥구,중동,스프링카운티자이(실버주택),매매,205동,중/22,900000000,100.89,DOC,"주인거주로 깨끗, 컨디션 굿",25.07.21,"['10년이내', '대단지', '방세개', '화장실두개']",남동향,29489607.493309546
경기도,용인시 기흥구,중동,스프링카운티자이(실버주택),매매,203동,중/25,900000000,100.89,DOC,세안고,25.07.21,"['10년이내', '대단지', '방세개', '화장실두개']",남동향,29489607.493309546
경기도,용인시 기흥구,중동,스프링카운티자이(실버주택),매매,205동,중/22,870000000,100.89,DOC,정상입주,25.07.21,"['10년이내', '대단지', '방세개', '화장실두개']",남서향,28506620.576865893
경기도,용인시 기흥구,중동,스프링카운티자이(실버주택),매매,204동,중/25,900000000,100.89,DOC,,25.07.18,"['10년이내', '대단지', '방세개', '화장실두개']",남서향,29489607.493309546
경기도,용인시 기흥구,중동,스프링카운티자이(실버주택),매매,205동,7/22,870000000,100.89,DOC,잔잔한 뷰 좋음,25.07.11,"['10년이내', '대단지', '방세개', '화장실두개']",남서향,28506620.576865893
경기도,용인시 기흥구,중동,스프링카운티자이(실버주택),매매,205동,저/22,900000000,100.89,OWNER,"전망 좋은 정원 뷰 ,2센터 커뮤니티시설 연결동으로 편리함",25.07.07,"['10년이내', '대단지', '방세개', '화장실두개']",남동향,29489607.493309546
경기도,용인시 기흥구,중동,스프링카운티자이(실버주택),매매,201동,저/22,900000000,100.89,DOC,,25.07.15,"['10년이내', '대단지', '방세개', '화장실두개']",남서향,29489607.493309546
경기도,용인시 기흥구,중동,스프링카운티자이(실버주택),매매,206동,고/22,950000000,100.89,DOC,,25.07.15,"['10년이내', '대단지', '방세개', '화장실두개']",남동향,31127919.020715635
경기도,용인시 기흥구,중동,스프링카운티자이(실버주택),매매,201동,중/22,870000000,100.89,DOC,,25.07.15,"['10년이내', '대단지', '방세개', '화장실두개']",남동향,28506620.576865893
경기도,용인시 기흥구,중동,스프링카운티자이(실버주택),매매,201동,고/22,970000000,100.89,DOC,,25.07.11,"['10년이내', '대단지', '방세개', '화장실두개']",남서향,31783243.631678063
경기도,용인시 기흥구,중동,스프링카운티자이(실버주택),매매,201동,저/22,860000000,100.89,DOC,세안고,25.07.03,"['10년이내', '대단지', '방세개', '화장실두개']",남동향,28178958.27138468
경기도,용인시 기흥구,중동,스프링카운티자이(실버주택),매매,203동,저/25,870000000,100.89,DOC,,25.07.03,"['10년이내', '대단지', '방세개', '화장실두개']",남동향,28506620.576865893
경기도,용인시 기흥구,중동,스프링카운티자이(실버주택),매매,205동,중/22,900000000,100.89,DOC,세안고,25.06.30,"['10년이내', '대단지', '방세개', '화장실두개']",남동향,29489607.493309546
경기도,용인시 기흥구,중동,스프링카운티자이(실버주택),매매,205동,7/22,880000000,100.89,NONE,커뮤니티연결동 채광좋음 시에3 김치냉장고 옵션굿,25.07.08,"['10년이내', '대단지', '방세개', '화장실두개']",남서향,28834282.882347114
경기도,용인시 기흥구,중동,스프링카운티자이(실버주택),매매,205동,중/22,920000000,100.89,NONE,입주가능 시에3대 빌트인냉장고 김치냉장고 조정가 채광굿,25.07.08,"['10년이내', '대단지', '방세개', '화장실두개']",남서향,30144932.104271982
경기도,용인시 기흥구,중동,스프링카운티자이(실버주택),매매,101C동,13/23,670000000,98.09,OWNER,세안고,25.07.21,"['10년이내', '역세권', '대단지', '방두개']",남동향,22580038.23019676
경기도,용인시 기흥구,중동,스프링카운티자이(실버주택),매매,101D동,14/20,750000000,98.09,OWNER,정상입주 시원한전망,25.07.19,"['10년이내', '대단지', '방두개', '화장실두개']",남서향,25276162.197981447
경기도,용인시 기흥구,중동,스프링카운티자이(실버주택),월세,101A동,중/17,1억/160,98.09,OWNER,"정문 출입동 , 1센터 커뮤니티 시설 연결 편리함",25.07.21,"['10년이내', '대단지', '방두개', '화장실두개']",남동향,
경기도,용인시 기흥구,중동,스프링카운티자이(실버주택),매매,101C동,고/23,700000000,98.09,OWNER,세안고 커뮤니티시설이용편리한동,25.07.21,"['10년이내', '역세권', '대단지', '방두개']",남서향,23591084.718116015
경기도,용인시 기흥구,중동,스프링카운티자이(실버주택),매매,101A동,고/17,730000000,98.09,OWNER,"에어컨2대 냉,김냉 확트인뷰",25.07.21,"['10년이내', '대단지', '방두개', '화장실두개']",남동향,24602131.206035275
경기도,용인시 기흥구,중동,스프링카운티자이(실버주택),매매,101A동,16/17,670000000,98.09,OWNER,세안고,25.07.14,"['10년이내', '대단지', '방두개', '화장실두개']",남동향,22580038.23019676
경기도,용인시 기흥구,중동,스프링카운티자이(실버주택),전세,101A동,중/17,500000000,98.09,OWNER,입주협의  시원한 뷰,25.07.18,"['10년이내', '대단지', '방두개', '화장실두개']",서향,16850774.7986543
경기도,용인시 기흥구,중동,스프링카운티자이(실버주택),매매,101D동,중/20,700000000,98.09,OWNER,세안고,25.07.17,"['10년이내', '대단지', '방두개', '화장실두개']",남서향,23591084.718116015
경기도,용인시 기흥구,중동,스프링카운티자이(실버주택),매매,101A동,중/17,700000000,98.09,OWNER,정상입주 이동편리한동,25.07.10,"['10년이내', '대단지', '방두개', '화장실두개']",남동향,23591084.718116015
경기도,용인시 기흥구,중동,스프링카운티자이(실버주택),매매,101D동,고/20,700000000,98.09,OWNER,괘적한 밝은 뷰   편리한 동선,25.07.09,"['10년이내', '대단지', '방두개', '화장실두개']",남동향,23591084.718116015
경기도,용인시 기흥구,중동,스프링카운티자이(실버주택),매매,101D동,저/20,670000000,98.09,DOC,정상입주,25.07.19,"['10년이내', '대단지', '방두개', '화장실두개']",남서향,22580038.23019676
경기도,용인시 기흥구,중동,스프링카운티자이(실버주택),매매,101D동,고/20,700000000,98.09,DOC,세안고,25.07.18,"['10년이내', '대단지', '방두개', '화장실두개']",남서향,23591084.718116015
경기도,용인시 기흥구,중동,스프링카운티자이(실버주택),매매,101A동,저/17,700000000,98.09,DOC,,25.07.17,"['10년이내', '대단지', '방두개', '화장실두개']",남동향,23591084.718116015
경기도,용인시 기흥구,중동,스프링카운티자이(실버주택),매매,101C동,고/23,690000000,98.09,DOC,"12월입주가능,조망좋은편리한동",25.07.16,"['10년이내', '역세권', '대단지', '방두개']",남서향,23254069.22214293
경기도,용인시 기흥구,중동,스프링카운티자이(실버주택),매매,101D동,고/20,690000000,98.09,DOC,,25.07.15,"['10년이내', '대단지', '방두개', '화장실두개']",남서향,23254069.22214293
경기도,용인시 기흥구,중동,스프링카운티자이(실버주택),매매,101D동,중/20,700000000,98.09,DOC,,25.07.15,"['10년이내', '대단지', '방두개', '화장실두개']",남동향,23591084.718116015
경기도,용인시 기흥구,중동,스프링카운티자이(실버주택),매매,101A동,중/17,700000000,98.09,DOC,정상입주,25.07.07,"['10년이내', '대단지', '방두개', '화장실두개']",남동향,23591084.718116015
경기도,용인시 기흥구,중동,스프링카운티자이(실버주택),매매,101D동,중/20,700000000,98.09,OWNER,"세안고 ,  멱조산 뷰, 조망 좋고 생활 동선 편리한 동",25.06.26,"['10년이내', '대단지', '방두개', '화장실두개']",남서향,23591084.718116015
경기도,용인시 기흥구,중동,스프링카운티자이(실버주택),월세,101C동,중/23,1억/160,98.09,DOC,,25.07.04,"['10년이내', '역세권', '대단지', '방두개']",남서향,
경기도,용인시 기흥구,중동,스프링카운티자이(실버주택),매매,101C동,중/23,690000000,98.09,DOC,빠른입주,25.06.27,"['10년이내', '역세권', '대단지', '방두개']",남서향,23254069.22214293
경기도,용인시 기흥구,중동,스프링카운티자이(실버주택),매매,101A동,중/17,700000000,98.09,DOC,,25.06.27,"['10년이내', '대단지', '방두개', '화장실두개']",남동향,23591084.718116015
경기도,용인시 기흥구,중동,스프링카운티자이(실버주택),전세,101A동,중/17,500000000,98.09,DOC,,25.06.24,"['10년이내', '대단지', '방두개', '화장실두개']",남동향,16850774.7986543
경기도,용인시 기흥구,중동,스프링카운티자이(실버주택),매매,101A동,고/17,670000000,98.09,NONE,세안고매매 동백역 세브란스병원이용편리 ,25.07.18,"['10년이내', '대단지', '방두개', '화장실두개']",남동향,22580038.23019676
경기도,용인시 기흥구,중동,스프링카운티자이(실버주택),전세,101A동,중/17,500000000,98.09,NONE,정상입주,25.06.30,"['10년이내', '융자금없는', '대단지', '방두개']",남동향,16850774.7986543
경기도,용인시 기흥구,중동,스프링카운티자이(실버주택),매매,205동,14/22,800000000,83.05,OWNER,세안고  뷰좋은 매물,25.07.21,"['10년이내', '대단지', '방세개', '화장실두개']",남서향,31843804.936785072
경기도,용인시 기흥구,중동,스프링카운티자이(실버주택),매매,205동,9/22,800000000,83.05,OWNER,커뮤니티이용편리 조망굿 정상,25.07.19,"['10년이내', '대단지', '방세개', '화장실두개']",남서향,31843804.936785072
경기도,용인시 기흥구,중동,스프링카운티자이(실버주택),매매,206동,19/22,820000000,83.05,OWNER,세안고 전망좋은동,25.07.19,"['10년이내', '대단지', '방세개', '화장실두개']",남서향,32639900.060204696
경기도,용인시 기흥구,중동,스프링카운티자이(실버주택),매매,206동,19/22,820000000,83.05,OWNER,커뮤니티가까운 뷰좋은집 센터연결동 세안고,25.07.16,"['10년이내', '대단지', '방세개', '화장실두개']",남서향,32639900.060204696
경기도,용인시 기흥구,중동,스프링카운티자이(실버주택),월세,206동,9/22,3억/100,83.05,OWNER,확트인 전망 좋은 뷰.편리한 동선,25.07.16,"['10년이내', '대단지', '방세개', '화장실두개']",남서향,
경기도,용인시 기흥구,중동,스프링카운티자이(실버주택),매매,205동,저/22,800000000,83.05,OWNER,정상입주,25.07.21,"['10년이내', '대단지', '방세개', '화장실두개']",남서향,31843804.936785072
경기도,용인시 기흥구,중동,스프링카운티자이(실버주택),매매,204동,중/25,800000000,83.05,OWNER,"세안고 매매, 커뮤니티 이용 편리",25.07.21,"['10년이내', '대단지', '방세개', '화장실두개']",남서향,31843804.936785072
경기도,용인시 기흥구,중동,스프링카운티자이(실버주택),전세,204동,중/25,550000000,83.05,OWNER,2단지 커뮤니티 시설 접근 편리. 탁 트인 전망 뷰,25.07.21,"['10년이내', '대단지', '방세개', '화장실두개']",남서향,21892615.89403974
경기도,용인시 기흥구,중동,스프링카운티자이(실버주택),매매,206동,저/22,830000000,83.05,OWNER,앞이 탁트인  전망 좋은 뷰.,25.07.21,"['10년이내', '대단지', '방세개', '화장실두개']",남동향,33037947.621914513
경기도,용인시 기흥구,중동,스프링카운티자이(실버주택),매매,207동,중/21,830000000,83.05,OWNER,에어컨2대 정상입주,25.07.21,"['10년이내', '대단지', '방세개', '화장실두개']",남동향,33037947.621914513
경기도,용인시 기흥구,중동,스프링카운티자이(실버주택),매매,204동,저/25,750000000,83.05,OWNER,세안고  뷰 좋음  커뮤니티 가까운동,25.07.11,"['10년이내', '대단지', '방세개', '화장실두개']",남서향,29853567.128236003
경기도,용인시 기흥구,중동,스프링카운티자이(실버주택),매매,205동,저/22,750000000,83.05,OWNER,정상입주   에어컨2대  정원뷰,25.07.09,"['10년이내', '대단지', '방세개', '화장실두개']",남서향,29853567.128236003
경기도,용인시 기흥구,중동,스프링카운티자이(실버주택),매매,204동,중/25,830000000,83.05,OWNER,,25.07.08,"['10년이내', '대단지', '방세개', '화장실두개']",남서향,33037947.621914513
경기도,용인시 기흥구,중동,스프링카운티자이(실버주택),월세,206동,저/22,"5,000/180",83.05,DOC,,25.07.16,"['10년이내', '대단지', '방세개', '화장실두개']",남서향,
경기도,용인시 기흥구,중동,스프링카운티자이(실버주택),매매,206동,저/22,800000000,83.05,DOC,,25.07.15,"['10년이내', '대단지', '방세개', '화장실두개']",남서향,31843804.936785072
경기도,용인시 기흥구,중동,스프링카운티자이(실버주택),월세,206동,중/22,3억/100,83.05,DOC,정상입주,25.07.15,"['10년이내', '대단지', '방세개', '화장실두개']",남서향,
경기도,용인시 기흥구,중동,스프링카운티자이(실버주택),매매,204동,중/25,820000000,83.05,OWNER,"2단지 커뮤니티시설 이용 편리함, 탁트인 전망 뷰",25.07.04,"['10년이내', '대단지', '방세개', '화장실두개']",남서향,32639900.060204696
경기도,용인시 기흥구,중동,스프링카운티자이(실버주택),월세,206동,중/22,3억/100,83.05,DOC,시원한전망  센터연결동,25.07.12,"['10년이내', '대단지', '방세개', '화장실두개']",남서향,
경기도,용인시 기흥구,중동,스프링카운티자이(실버주택),매매,204동,고/25,800000000,83.05,DOC,세안고,25.07.11,"['10년이내', '대단지', '방세개', '화장실두개']",남서향,31843804.936785072
경기도,용인시 기흥구,중동,스프링카운티자이(실버주택),월세,205동,저/22,"5,000/180",83.05,DOC,,25.07.08,"['10년이내', '대단지', '방세개', '화장실두개']",남서향,
경기도,용인시 기흥구,중동,스프링카운티자이(실버주택),월세,206동,저/22,"5,000/180",83.05,DOC,,25.06.27,"['10년이내', '대단지', '방세개', '화장실두개']",남서향,
경기도,용인시 기흥구,중동,스프링카운티자이(실버주택),매매,204동,저/25,830000000,83.05,DOC,,25.06.26,"['10년이내', '대단지', '방세개', '화장실두개']",남서향,33037947.621914513
경기도,용인시 기흥구,중동,스프링카운티자이(실버주택),매매,205동,저/22,800000000,83.05,DOC,,25.06.24,"['10년이내', '대단지', '방세개', '화장실두개']",남서향,31843804.936785072
경기도,용인시 기흥구,중동,스프링카운티자이(실버주택),월세,207동,18/21,"5,000/180",82.3,OWNER,,25.07.18,"['10년이내', '대단지', '방세개', '화장실두개']",남서향,
경기도,용인시 기흥구,중동,스프링카운티자이(실버주택),매매,202동,저/25,800000000,82.3,OWNER,세안고  씨스템에어컨2대 냉장고,25.07.21,"['10년이내', '대단지', '방세개', '화장실두개']",남동향,32133997.569866344
경기도,용인시 기흥구,중동,스프링카운티자이(실버주택),매매,205동,고/22,800000000,82.3,OWNER,정상입주,25.07.21,"['10년이내', '대단지', '방세개', '화장실두개']",남동향,32133997.569866344
경기도,용인시 기흥구,중동,스프링카운티자이(실버주택),매매,205동,중/22,800000000,82.3,OWNER,즉시입주,25.07.21,"['10년이내', '대단지', '방세개', '화장실두개']",남동향,32133997.569866344
경기도,용인시 기흥구,중동,스프링카운티자이(실버주택),매매,207동,고/21,850000000,82.3,OWNER,뷰최고 정상입주 커뮤니티연결동,25.07.21,"['10년이내', '대단지', '방세개', '화장실두개']",남동향,34142372.417982996
경기도,용인시 기흥구,중동,스프링카운티자이(실버주택),매매,206동,저/22,850000000,82.3,OWNER,정상입주,25.07.18,"['10년이내', '대단지', '방세개', '화장실두개']",남서향,34142372.417982996
경기도,용인시 기흥구,중동,스프링카운티자이(실버주택),매매,206동,고/22,830000000,82.3,OWNER,세안고,25.07.17,"['10년이내', '대단지', '방세개', '화장실두개']",남서향,33339022.478736337
경기도,용인시 기흥구,중동,스프링카운티자이(실버주택),매매,205동,저/22,800000000,82.3,OWNER,,25.07.15,"['10년이내', '대단지', '방세개', '화장실두개']",남동향,32133997.569866344
경기도,용인시 기흥구,중동,스프링카운티자이(실버주택),매매,204동,고/25,850000000,82.3,OWNER,,25.07.15,"['10년이내', '대단지', '방세개', '화장실두개']",남서향,34142372.417982996
경기도,용인시 기흥구,중동,스프링카운티자이(실버주택),매매,205동,고/22,800000000,82.3,DOC,입주 협의 가능,25.07.21,"['10년이내', '대단지', '방세개', '화장실두개']",남동향,32133997.569866344
경기도,용인시 기흥구,중동,스프링카운티자이(실버주택),매매,203동,저/25,830000000,82.3,DOC,"정상입주, 에어컨4대, 붙박이, 힐링뷰",25.07.19,"['10년이내', '대단지', '방세개', '화장실두개']",남동향,33339022.478736337
경기도,용인시 기흥구,중동,스프링카운티자이(실버주택),매매,203동,중/25,830000000,82.3,OWNER,주인거주  수납장  에어컨2대  귀한판상형  남동향,25.07.08,"['10년이내', '대단지', '방세개', '화장실두개']",남동향,33339022.478736337
경기도,용인시 기흥구,중동,스프링카운티자이(실버주택),매매,206동,고/22,830000000,82.3,DOC,세안고,25.07.17,"['10년이내', '대단지', '방세개', '화장실두개']",남동향,33339022.478736337
경기도,용인시 기흥구,중동,스프링카운티자이(실버주택),매매,205동,중/22,800000000,82.3,DOC,정상입주,25.07.17,"['10년이내', '대단지', '방세개', '화장실두개']",남동향,32133997.569866344
경기도,용인시 기흥구,중동,스프링카운티자이(실버주택),매매,204동,저/25,830000000,82.3,DOC,,25.07.11,"['10년이내', '대단지', '방세개', '화장실두개']",남서향,33339022.478736337
경기도,용인시 기흥구,중동,스프링카운티자이(실버주택),매매,202동,저/25,800000000,82.3,NONE,세안고. 푸릇푸릇 산책로예쁜 뷰,25.07.09,"['10년이내', '대단지', '방세개', '화장실두개']",남동향,32133997.569866344
경기도,용인시 기흥구,중동,스프링카운티자이(실버주택),매매,205동,고/22,800000000,82.3,NONE,정상입주.,25.06.30,"['10년이내', '대단지', '방세개', '화장실두개']",남동향,32133997.569866344
경기도,용인시 기흥구,중동,스프링카운티자이(실버주택),매매,205동,중/22,800000000,82.3,NONE,정상입주,25.06.30,"['10년이내', '대단지', '방세개', '화장실두개']",남동향,32133997.569866344
경기도,용인시 기흥구,중동,스프링카운티자이(실버주택),월세,101A동,중/17,"2억 1,000/80",78.52,DOC,정상입주,25.07.19,"['10년이내', '대단지', '방한개', '화장실한개']",남서향,
경기도,용인시 기흥구,중동,스프링카운티자이(실버주택),전세,101A동,중/17,400000000,78.52,DOC,정상입주,25.07.17,"['10년이내', '대단지', '방한개', '화장실한개']",남서향,16840473.76464595
경기도,용인시 기흥구,중동,스프링카운티자이(실버주택),월세,101C동,저/23,1억/120,78.52,DOC,하시입주,25.07.12,"['10년이내', '역세권', '대단지', '방한개']",남동향,
경기도,용인시 기흥구,중동,신동백동도센트리움(도시형),매매,101동,2/15,290000000,54.43,NONE,어정역세권.소형투룸형아파트.전세안고매매.임대수요풍부,25.07.19,"['10년이내', '역세권', '소형평수', '방한개']",남동향,17613037.846775677
경기도,용인시 기흥구,중동,신동백동도센트리움(도시형),매매,102동,7/14,300000000,54.03,OWNER,"가장 좋은 라인, 남동향, 27년 2월 입주, 세끼고 매매",25.07.21,"['10년이내', '역세권', '소형평수', '방두개']",남동향,18355274.847307052
경기도,용인시 기흥구,중동,신동백동도센트리움(도시형),매매,102동,8/14,290000000,54.03,OWNER,"26년 8월 입주 가능, 전세끼고 매매, 라인 좋은 곳",25.07.18,"['10년이내', '역세권', '소형평수', '방두개']",북서향,17743432.352396816
경기도,용인시 기흥구,중동,신동백동도센트리움(도시형),매매,101동,중/15,290000000,54.03,OWNER,큰투룸 일조량 좋은 깨끗한 집  임차 수요 풍부 투자자 추천 합니다,25.06.24,"['10년이내', '역세권', '소형평수', '방두개']",남동향,17743432.352396816
경기도,용인시 기흥구,중동,신동백동도센트리움(도시형),매매,102동,2/14,290000000,54.03,NONE,어정역세권.소형투룸형아파트.전세안고매매.임대수요풍부,25.07.02,"['10년이내', '역세권', '소형평수', '방두개']",북서향,17743432.352396816
경기도,용인시 기흥구,중동,신동백동도센트리움(도시형),월세,102동,고/14,"2,000/100",52.14,OWNER,어정역세권.큰투룸.8월4일 입주가능,25.07.19,"['10년이내', '융자금없는', '역세권', '화장실한개']",남동향,
경기도,용인시 기흥구,중동,신동백동도센트리움(도시형),매매,102동,고/14,293000000,52.14,OWNER,어정역세권.큰투룸.신혼부부추천.중문.안방문있음,25.07.18,"['10년이내', '역세권', '소형평수', '방두개']",남동향,18576812.523973916
경기도,용인시 기흥구,중동,신동백동도센트리움(도시형),매매,101동,저/15,289000000,52.14,OWNER,어정역세권.큰투룸,25.07.14,"['10년이내', '역세권', '소형평수', '방한개']",북서향,18323204.161871884
경기도,용인시 기흥구,중동,신동백동도센트리움(도시형),매매,101동,중/15,290000000,52.14,OWNER,"조망굿,신혼부부 추천함,깨끗함,10월입주",25.07.11,"['10년이내', '역세권', '소형평수', '방한개']",남서향,18386606.252397392
경기도,용인시 기흥구,중동,신동백동도센트리움(도시형),매매,101동,저/15,285000000,52.14,NONE,어정역세권.투룸아파트.건물.편리한수납 및 옵션.세안고매매.,25.07.19,"['10년이내', '역세권', '소형평수', '방두개']",남서향,18069595.799769852
경기도,용인시 기흥구,중동,신동백동도센트리움(도시형),매매,101동,저/15,290000000,52.14,NONE,어정역세권.투룸아파트.일조량풍부한타입.편리한수납 및 옵션.세안고매매.,25.07.02,"['10년이내', '역세권', '소형평수', '방한개']",북동향,18386606.252397392
경기도,용인시 기흥구,중동,신동백동도센트리움(도시형),매매,102동,10/14,260000000,49.2,OWNER,"세끼고 매매, 26년 3월 입주 가능, 막히지 않은 좋은 라인",25.07.21,"['10년이내', '역세권', '소형평수', '방두개']",동향,17469595.528455283
경기도,용인시 기흥구,중동,신동백동도센트리움(도시형),매매,101동,15/15,255000000,49.2,OWNER,어정역도보이용 상가이용편리 붙박이장설치,25.07.18,"['10년이내', '역세권', '소형평수', '탑층']",동향,17133641.768292684
경기도,용인시 기흥구,중동,신동백동도센트리움(도시형),매매,101동,중/15,250000000,49.2,OWNER,"어정역 도보5분거리 투룸 아파트,",25.07.21,"['10년이내', '역세권', '소형평수', '방두개']",동향,16797688.00813008
경기도,용인시 기흥구,중동,신동백동도센트리움(도시형),매매,101동,중/15,250000000,49.2,OWNER,투룸 거실 구조  깨끗 협의 입주 가능 신혼부부 추천 합니다,25.07.15,"['10년이내', '역세권', '소형평수', '방두개']",동향,16797688.00813008
경기도,용인시 기흥구,중동,신동백동도센트리움(도시형),매매,102동,중/14,250000000,49.2,NDOC1,"어정역세권,투룸구조,깨끗함,신혼 추천함",25.07.11,"['10년이내', '역세권', '소형평수', '방두개']",서향,16797688.00813008
경기도,용인시 기흥구,중동,신동백동도센트리움(도시형),매매,101동,2/15,245000000,49.2,NDOC1,"어정역세권,투룸구조, 신혼부부 추천,협의 입주가",25.07.04,"['10년이내', '역세권', '필로티', '소형평수']",동향,16461734.247967482
경기도,용인시 기흥구,중동,신동백동도센트리움(도시형),매매,102동,12/14,260000000,49.2,NDOC1,"어정역세권,투룸구조,고층,깨끗함,갭투3천만원",25.06.26,"['10년이내', '역세권', '소형평수', '방두개']",서향,17469595.528455283
경기도,용인시 기흥구,중동,신동백동도센트리움(도시형),매매,102동,중/14,250000000,49.2,OWNER,투룸 거실구조  조망우수 입주 가능 깨끗한 집,25.06.24,"['10년이내', '역세권', '소형평수', '방두개']",동향,16797688.00813008
경기도,용인시 기흥구,중동,신동백동도센트리움(도시형),매매,101동,고/15,265000000,49.2,DOC,전망좋은뷰 투룸거실구조 깨끗한집 주인거주입주협의가능,25.07.04,"['10년이내', '역세권', '소형평수', '방두개']",남서향,17805549.288617887
경기도,용인시 기흥구,중동,신동백동도센트리움(도시형),매매,101동,4/15,200000000,33.33,OWNER,"어정역세권 ,분리형 원룸,풀옵션,수익형 매물,월세안고 매매",25.07.04,"['10년이내', '역세권', '세대분리', '소형평수']",남동향,19836693.66936694
경기도,용인시 기흥구,중동,신동백동도센트리움(도시형),매매,102동,저/14,185000000,33.33,OWNER,세안고 방1 거실 붙박이장 교통편리,25.07.02,"['10년이내', '역세권', '소형평수', '방한개']",북동향,18348941.644164417
경기도,용인시 기흥구,중동,신동백동도센트리움(도시형),매매,101동,4/15,200000000,33.33,NONE,어정역 소형아파트,25.07.15,"['10년이내', '역세권', '소형평수', '방한개']",남서향,19836693.66936694
경기도,용인시 기흥구,중동,신동백동도센트리움(도시형),월세,102동,저/14,"1,000/80",33.33,NONE,방1 거실 구조 에어컨 냉장고 세탁기 등 풀옵션 하시입주 가능 ,25.07.09,"['10년이내', '역세권', '화장실한개', '소형평수']",남동향,
경기도,용인시 기흥구,중동,신동백롯데캐슬에코1단지,매매,103동,고/39,1700000000,265.36,OWNER,"럭셔리 펜트하우스, 최고의 뷰, 인테리어로 내부최상,  로얄동",25.06.27,"['15년이내', '대단지', '대형평수', '방네개이상']",남서향,21178152.321374737
경기도,용인시 기흥구,중동,신동백롯데캐슬에코1단지,매매,114동,25/29,1450000000,210.04,OWNER,"강력추천. 63펜트하우스. 관리 잘돼있고, 뷰 맛집. 가격 조율 가능.",25.07.14,"['15년이내', '대단지', '대형평수', '방네개이상']",남서향,22821311.41687298
경기도,용인시 기흥구,중동,신동백롯데캐슬에코1단지,전세,115동,21/24,1100000000,210.04,OWNER,"올리모델링,귀한 펜트, 하이엔드급 라이프스타일,막힘없는 전망",25.07.08,"['15년이내', '대단지', '대형평수', '방네개이상']",남서향,17312719.00590364
경기도,용인시 기흥구,중동,신동백롯데캐슬에코1단지,매매,115동,고/24,1600000000,210.04,OWNER,남향펜트 막힘없이 최고전망 최근화이트톤올인테리어 시스템에어컨등,25.07.10,"['15년이내', '대단지', '대형평수', '방네개이상']",남서향,25182136.73585984
경기도,용인시 기흥구,중동,신동백롯데캐슬에코1단지,매매,104동,고/22,1500000000,210.04,OWNER,63펜트하우스. 욕실3. 멋진 전망의 로얄동. 입주일 협의 가능.,25.07.05,"['15년이내', '대단지', '대형평수', '방네개이상']",남동향,23608253.1898686
경기도,용인시 기흥구,중동,신동백롯데캐슬에코1단지,매매,111동,고/30,1500000000,210.04,OWNER,최근인테리어팬트매매 시스템AC6대   편리한생활권 중일초 대중교통근접,25.06.23,"['15년이내', '대단지', '대형평수', '방네개이상']",남동향,23608253.1898686
경기도,용인시 기흥구,중동,신동백롯데캐슬에코1단지,매매,116동,29/29,1400000000,202.24,OWNER,"로얄동 전망 좋은 펜트하우스. 중일초 근접, 입주협의.",25.07.21,"['15년이내', '대단지', '대형평수', '탑층']",남동향,22884192.049050633
경기도,용인시 기흥구,중동,신동백롯데캐슬에코1단지,매매,111동,30/30,1350000000,202.24,OWNER,실입주 가능 로얄동 펜트하우스 단독테라스2,25.07.21,"['15년이내', '테라스', '대단지', '대형평수']",남서향,22066899.47587025
경기도,용인시 기흥구,중동,신동백롯데캐슬에코1단지,매매,106동,고/26,1680000000,202.24,OWNER,풀옵션 최고급최신리모델링 수리비4억 인텔 외부테라스  시스템에어콘 세안고,25.07.21,"['15년이내', '테라스', '대단지', '대형평수']",남향,27461030.45886076
경기도,용인시 기흥구,중동,신동백롯데캐슬에코1단지,월세,115동,고/24,"5억 5,000/150",202.24,OWNER,"정상이사가능함,융자무,테라스대형사이즈,중일초 인접,수영장,사우나",25.07.18,"['15년이내', '융자금없는', '테라스', '대단지']",남동향,
경기도,용인시 기흥구,중동,신동백롯데캐슬에코1단지,매매,112동,고/30,1400000000,202.24,OWNER,펜트하우스 테라스폴딩도어 시스템에어컨 방5개로 깔끔히 관리잘된세대,25.07.18,"['15년이내', '테라스', '대단지', '대형평수']",남동향,22884192.049050633
경기도,용인시 기흥구,중동,신동백롯데캐슬에코1단지,매매,104동,고/22,1500000000,202.24,OWNER,확트인남향펜트 큰방붙박이장 시스템에어컨 주방인테리어 소유주거주,25.07.17,"['15년이내', '대단지', '대형평수', '방네개이상']",남서향,24518777.19541139
경기도,용인시 기흥구,중동,신동백롯데캐슬에코1단지,매매,108동,27/27,1400000000,202.24,OWNER,확트인남향뷰팬트 부분인테리어 커뮤니티 편의시설근접동 소유주거주,25.07.10,"['15년이내', '대단지', '대형평수', '탑층']",남서향,22884192.049050633
경기도,용인시 기흥구,중동,신동백롯데캐슬에코1단지,전세,108동,고/27,950000000,202.24,OWNER,"테라스있는 로얄동의 멋진 펜트하우스,  입지좋은 로얄동, 관리최상",25.07.14,"['15년이내', '융자금없는', '테라스', '대단지']",남서향,15528558.890427215
경기도,용인시 기흥구,중동,신동백롯데캐슬에코1단지,매매,103동,중/39,770000000,177.45,OWNER,53타입. 테라스. 주차편한로얄동. 관리최상.  엘베2대,25.07.19,"['15년이내', '테라스', '대단지', '대형평수']",남동향,14344629.1913215
경기도,용인시 기흥구,중동,신동백롯데캐슬에코1단지,매매,103동,고/39,820000000,177.45,OWNER,"로얄동, 방3, 중문, 마루교체, 전망좋고 주차편리, 입주협의.",25.07.17,"['15년이내', '대단지', '대형평수', '방세개']",남동향,15276098.619329391
경기도,용인시 기흥구,중동,신동백롯데캐슬에코1단지,전세,113동,고/40,650000000,177.45,OWNER,막힘없는고층최고전망 채광밝은집 편의시설 초등학교인접  입주협의,25.07.15,"['15년이내', '대단지', '대형평수', '방네개이상']",남동향,12109102.564102566
경기도,용인시 기흥구,중동,신동백롯데캐슬에코1단지,매매,113동,고/40,850000000,177.45,OWNER,막힘없는고층최고전망 채광밝은집 편의시설 초등학교인접  입주협의,25.07.14,"['15년이내', '대단지', '대형평수', '방네개이상']",남동향,15834980.276134124
경기도,용인시 기흥구,중동,신동백롯데캐슬에코1단지,매매,107동,중/40,850000000,177.45,OWNER,로얄동 중앙광장전망최고 생활 및 커뮤니티이용편리해요,25.07.10,"['15년이내', '대단지', '대형평수', '방네개이상']",남향,15834980.276134124
경기도,용인시 기흥구,중동,신동백롯데캐슬에코1단지,매매,113동,중/40,830000000,177.45,OWNER,선호동 중앙광장동향 전망예쁜집 시스템6대 LED등 중일초교 편의시설인접,25.07.10,"['15년이내', '대단지', '대형평수', '방네개이상']",남동향,15462392.50493097
경기도,용인시 기흥구,중동,신동백롯데캐슬에코1단지,매매,113동,저/40,750000000,177.45,OWNER,"급매, 추천 매물, 짧은 월세 안고 매매.",25.07.10,"['15년이내', '대단지', '급매', '대형평수']",남서향,13972041.420118345
경기도,용인시 기흥구,중동,신동백롯데캐슬에코1단지,매매,107동,고/40,950000000,177.45,OWNER,"인기로얄동, 펜트보다 멋진뷰, 키친바흐주방으로 구조변경, 고급 인테리어",25.07.09,"['15년이내', '대단지', '대형평수', '방네개이상']",남동향,17697919.1321499
경기도,용인시 기흥구,중동,신동백롯데캐슬에코1단지,매매,107동,저/40,840000000,177.45,OWNER,"멋진 테라스 어닝설치,시스템에어컨4대,중앙광장과 커뮤니티 가까운 동",25.07.08,"['15년이내', '테라스', '대단지', '대형평수']",남동향,15648686.390532546
경기도,용인시 기흥구,중동,신동백롯데캐슬에코1단지,매매,103동,고/39,800000000,177.45,OWNER,"최고의전망, 넓고 고급스런 거실, 테라스타입, 편리한 입구동,추천매물",25.07.08,"['15년이내', '테라스', '대단지', '대형평수']",남서향,14903510.848126234
경기도,용인시 기흥구,중동,신동백롯데캐슬에코1단지,매매,107동,중/40,850000000,177.45,OWNER,"펜트급조망, 시스템에어컨6기,입지최고 로열동, 세안고 매매",25.07.04,"['15년이내', '대단지', '대형평수', '방네개이상']",남서향,15834980.276134124
경기도,용인시 기흥구,중동,신동백롯데캐슬에코1단지,매매,103동,저/39,800000000,177.45,OWNER,"전세 안고 매매, 로얄동, 주차편리, 전망 훌륭.",25.06.24,"['15년이내', '대단지', '대형평수', '방네개이상']",남서향,14903510.848126234
경기도,용인시 기흥구,중동,신동백롯데캐슬에코1단지,매매,103동,19/39,850000000,171.83,OWNER,방5개.   거실앞  큰 테라스를 즐기세요.  상태 최상 유지,25.07.19,"['15년이내', '테라스', '대단지', '대형평수']",남동향,16352890.9387185
경기도,용인시 기흥구,중동,신동백롯데캐슬에코1단지,매매,110동,중/40,850000000,171.83,OWNER,"거실 앞 넓은 테라스, 선호 타입,방5, 탁 트인 시원한 뷰. 날짜 협의",25.07.21,"['15년이내', '테라스', '대단지', '대형평수']",남동향,16352890.9387185
경기도,용인시 기흥구,중동,신동백롯데캐슬에코1단지,매매,103동,고/39,960000000,171.83,OWNER,막힘없이시원한남향 팬트급전망 시스템에어컨등 구조변경올인테리어,25.07.21,"['15년이내', '대단지', '대형평수', '방네개이상']",남서향,18469147.413140893
경기도,용인시 기흥구,중동,신동백롯데캐슬에코1단지,매매,103동,중/39,830000000,171.83,OWNER,"귀한 거실테라스, 로얄동 로얄층, 주차편리 커뮤니티근접, 내부상태 최상",25.07.21,"['15년이내', '테라스', '대단지', '대형평수']",남서향,15968117.034278065
경기도,용인시 기흥구,중동,신동백롯데캐슬에코1단지,매매,113동,고/40,820000000,171.83,OWNER,거실테라스타입 광폭마루 도배 화장실 화이트풀수리 중앙광장고층 동남향,25.07.14,"['15년이내', '테라스', '대단지', '대형평수']",남동향,15775730.082057847
경기도,용인시 기흥구,중동,신동백롯데캐슬에코1단지,매매,107동,저/40,810000000,171.83,OWNER,"광장뷰, 방5, 거실테라스,인기타입, 세안고, 커뮤니티이용편리함",25.07.14,"['15년이내', '테라스', '대단지', '대형평수']",남서향,15583343.129837628
경기도,용인시 기흥구,중동,신동백롯데캐슬에코1단지,매매,107동,고/40,800000000,171.83,OWNER,"전망 좋은 거실테라스 타입, 9월초부터 인테리어 가능.",25.07.11,"['15년이내', '테라스', '대단지', '대형평수']",남동향,15390956.177617412
경기도,용인시 기흥구,중동,신동백롯데캐슬에코1단지,매매,107동,중/40,850000000,171.83,OWNER,"방5개 , 멋진광장뷰, 새도배, 관리최상, 위치좋고 커뮤니티가까운 로얄동",25.07.04,"['15년이내', '대단지', '대형평수', '방네개이상']",남서향,16352890.9387185
경기도,용인시 기흥구,중동,신동백롯데캐슬에코1단지,매매,110동,고/40,910000000,171.83,OWNER,동탄방향막힘없이시원한뷰  화이트톤고급대리석인테리어 입주협의,25.07.04,"['15년이내', '대단지', '대형평수', '방네개이상']",남서향,17507212.652039804
경기도,용인시 기흥구,중동,신동백롯데캐슬에코1단지,매매,113동,고/40,900000000,171.83,OWNER,"올인테리어, 거실테라스 타입, 전망 훌륭, 입주협의.",25.06.30,"['15년이내', '테라스', '대단지', '대형평수']",남동향,17314825.699819587
경기도,용인시 기흥구,중동,신동백롯데캐슬에코1단지,매매,107동,저/40,780000000,171.83,OWNER,강추. 전세 5.5억 안고. 로얄층. 조망 굳. 방5. 거실 넓은 테라스,25.06.26,"['15년이내', '테라스', '대단지', '대형평수']",남동향,15006182.273176976
경기도,용인시 기흥구,중동,신동백롯데캐슬에코1단지,매매,113동,중/40,860000000,171.83,OWNER,"초교 근접 로얄동, 엘베2, 거실테라스, 입주협의.",25.06.26,"['15년이내', '테라스', '대단지', '대형평수']",남동향,16545277.890938718
경기도,용인시 기흥구,중동,신동백롯데캐슬에코1단지,매매,113동,중/40,950000000,171.83,OWNER,"거실테라스, 도배 시에6 중문 등 관리 잘 되어 깔끔한 집.",25.06.26,"['15년이내', '테라스', '대단지', '대형평수']",남동향,18276760.460920677
경기도,용인시 기흥구,중동,신동백롯데캐슬에코1단지,매매,107동,32/40,800000000,171.36,OWNER,"급매, 조망굿, 관리잘된 집, 추천매물, 방4개, 커뮤니티 이용편리한 동",25.07.15,"['15년이내', '대단지', '급매', '대형평수']",남동향,15433169.934640523
경기도,용인시 기흥구,중동,신동백롯데캐슬에코1단지,매매,107동,중/40,850000000,171.36,OWNER,시에 5대 설치.  주인 거주. 깨끗이 관리된 집. 커뮤니티 가까워요.,25.07.21,"['15년이내', '대단지', '대형평수', '방네개이상']",남동향,16397743.055555556
경기도,용인시 기흥구,중동,신동백롯데캐슬에코1단지,매매,113동,중/40,820000000,171.36,OWNER,"뷰맛집,로얄동 로얄층, 넓고환한욕실, 자녀안심통학, 쾌적하고아름다운단지",25.07.21,"['15년이내', '대단지', '대형평수', '방네개이상']",남동향,15818999.183006534
경기도,용인시 기흥구,중동,신동백롯데캐슬에코1단지,매매,103동,고/39,850000000,171.36,OWNER,51T타입. 주차편한로얄동. 뷰좋고관리최상. 명품대단지,25.07.19,"['15년이내', '대단지', '대형평수', '방네개이상']",남동향,16397743.055555556
경기도,용인시 기흥구,중동,신동백롯데캐슬에코1단지,매매,107동,중/40,820000000,171.36,OWNER,탁트인 시야와 깔끔하게 관리된 A 추천 추천합니다.,25.07.18,"['15년이내', '대단지', '대형평수', '방네개이상']",남서향,15818999.183006534
경기도,용인시 기흥구,중동,신동백롯데캐슬에코1단지,매매,103동,고/39,870000000,171.36,OWNER,"펜트급 시원한고층뷰, 선호입구동, 실거주로 컨디션최상, 초대형커뮤니티",25.07.18,"['15년이내', '대단지', '대형평수', '방네개이상']",남서향,16783572.30392157
경기도,용인시 기흥구,중동,신동백롯데캐슬에코1단지,매매,113동,중/40,800000000,171.36,OWNER,"초품아,정말예쁜 광장뷰,시원한 전망, 환기에좋은욕실테라스,로얄동로얄층",25.07.18,"['15년이내', '테라스', '대단지', '대형평수']",남동향,15433169.934640523
경기도,용인시 기흥구,중동,신동백롯데캐슬에코1단지,매매,110동,고/40,850000000,171.36,OWNER,"로얄동, 탁트인산조망 및 명품에코광장뷰, 실거주로 집상태굿,초대형커뮤니티",25.07.17,"['15년이내', '대단지', '대형평수', '방네개이상']",남서향,16397743.055555556
경기도,용인시 기흥구,중동,신동백롯데캐슬에코1단지,매매,107동,고/40,850000000,171.36,OWNER,로얄동석성산고층뷰 최고의전망 커뮤니티인접동 화이트톤 부분인테리어,25.07.15,"['15년이내', '대단지', '대형평수', '방네개이상']",남동향,16397743.055555556
경기도,용인시 기흥구,중동,신동백롯데캐슬에코1단지,매매,113동,중/40,850000000,171.36,OWNER,"전망좋음,안방테라스,주인거주중,정상입주,중문설치",25.07.15,"['15년이내', '테라스', '대단지', '대형평수']",남서향,16397743.055555556
경기도,용인시 기흥구,중동,신동백롯데캐슬에코1단지,전세,113동,중/40,600000000,171.36,OWNER,"예쁜중문 ,화장실쪽  테라스,깨끗하고 전망좋아요,주인거주,입주일협의가능",25.07.15,"['15년이내', '테라스', '대단지', '대형평수']",남서향,11574877.450980391
경기도,용인시 기흥구,중동,신동백롯데캐슬에코1단지,월세,113동,중/40,3억/140,171.36,OWNER,"채광굿, 에코 광장뷰, 깔끔하게 관리된집, 초중근접, 날짜협의가",25.07.14,"['15년이내', '대단지', '대형평수', '방네개이상']",남동향,
경기도,용인시 기흥구,중동,신동백롯데캐슬에코1단지,전세,113동,중/40,650000000,171.36,OWNER,"탁트인 에코광장 뷰, 내부상태 굿, 초 중 샘물인접,초대형 커뮤니티",25.07.14,"['15년이내', '대단지', '대형평수', '방네개이상']",남동향,12539450.571895424
경기도,용인시 기흥구,중동,신동백롯데캐슬에코1단지,매매,113동,저/40,890000000,171.36,OWNER,"로얄동, 전망 좋고 깔끔한 집, 초교근접, 입주협의.",25.07.14,"['15년이내', '대단지', '대형평수', '방네개이상']",남서향,17169401.552287582
경기도,용인시 기흥구,중동,신동백롯데캐슬에코1단지,매매,110동,중/40,850000000,171.36,OWNER,로얄동 로얄라인. 뷰 좋아요. 화이트톤.  led조명. 욕실 공사. 깨끗,25.07.14,"['15년이내', '대단지', '대형평수', '방네개이상']",남서향,16397743.055555556
경기도,용인시 기흥구,중동,신동백롯데캐슬에코1단지,매매,113동,저/40,900000000,171.36,OWNER,중앙광장 조경전망이 참 예쁜집  초교 편의시설인접 소유주거주깨끗합니다,25.07.10,"['15년이내', '대단지', '대형평수', '방네개이상']",남동향,17362316.176470585
경기도,용인시 기흥구,중동,신동백롯데캐슬에코1단지,매매,113동,고/40,750000000,171.36,OWNER,"갭투추천, 호텔뷰, 관리최상의 예쁘고깔끔한집, 운동장처럼 넓은거실.큰방4",25.07.08,"['15년이내', '대단지', '대형평수', '방네개이상']",남서향,14468596.813725488
경기도,용인시 기흥구,중동,신동백롯데캐슬에코1단지,매매,103동,31/39,800000000,171.36,DOC,뷰 정말 좋습니다 커뮤니티 테라스 살기좋은 아파트,25.07.03,"['15년이내', '테라스', '대단지', '대형평수']",남서향,15433169.934640523
경기도,용인시 기흥구,중동,신동백롯데캐슬에코1단지,매매,107동,중/40,820000000,171.36,OWNER,"로얄동, 전망 굿, 중문 각방 붙박이장 LED 도배 중문, 깔끔.",25.06.26,"['15년이내', '대단지', '대형평수', '방네개이상']",남서향,15818999.183006534
경기도,용인시 기흥구,중동,신동백롯데캐슬에코1단지,매매,113동,고/40,820000000,171.36,OWNER,"전세 안고 매매, 초교 근접 인기동, 전망 굿.",25.06.23,"['15년이내', '대단지', '대형평수', '방네개이상']",남동향,15818999.183006534
경기도,용인시 기흥구,중동,신동백롯데캐슬에코1단지,매매,107동,고/40,700000000,141.41,OWNER,강추 매물. 로얄동. 커뮤니티 인접. 탁트인 명품 뷰.  25.9월 입주,25.07.21,"['15년이내', '대단지', '대형평수', '방네개이상']",남동향,16364114.984795984
경기도,용인시 기흥구,중동,신동백롯데캐슬에코1단지,매매,103동,저/39,750000000,141.41,OWNER,화이트톤최근인테리어와 정원뷰의 조화가 예쁜집 편의시설 주차편리한동,25.07.21,"['15년이내', '대단지', '대형평수', '방네개이상']",남동향,17532980.34085284
경기도,용인시 기흥구,중동,신동백롯데캐슬에코1단지,매매,103동,저/39,650000000,141.41,OWNER,"강추. 집깨끗. 전세 4.3억 안고, 생활 편리한 선호동, 예쁜공원조망",25.07.21,"['15년이내', '대단지', '대형평수', '방네개이상']",남동향,15195249.62873913
경기도,용인시 기흥구,중동,신동백롯데캐슬에코1단지,매매,107동,중/40,680000000,141.41,OWNER,강력추천. 커뮤니티 이용 편리한 선호동. 멋진 조망. 입주 협의.,25.07.21,"['15년이내', '대단지', '대형평수', '방네개이상']",남동향,15896568.84237324
경기도,용인시 기흥구,중동,신동백롯데캐슬에코1단지,매매,113동,중/40,800000000,141.41,OWNER,"로얄동, 전체 리모델링 하여 이쁘고 깔끔한 집, 에어컨4, 입주협의.",25.07.21,"['15년이내', '대단지', '대형평수', '방네개이상']",남동향,18701845.696909696
경기도,용인시 기흥구,중동,신동백롯데캐슬에코1단지,매매,113동,고/40,700000000,141.41,OWNER,"멋진 석성산조망, 양창형으로 개방감최고, 중일초앞, 관리잘된 집",25.07.19,"['15년이내', '대단지', '대형평수', '방네개이상']",남서향,16364114.984795984
경기도,용인시 기흥구,중동,신동백롯데캐슬에코1단지,매매,107동,저/40,750000000,141.41,OWNER,"입지최고로얄동, 명품 에코광장뷰, 조망일조굿, 중문설치, 초대형커뮤니티",25.07.19,"['15년이내', '대단지', '대형평수', '방네개이상']",남서향,17532980.34085284
경기도,용인시 기흥구,중동,신동백롯데캐슬에코1단지,매매,103동,저/39,770000000,141.41,OWNER,"에어컨4, 자외선필름, 주방구조변경 등 올인테리어, 전망 굿, 입주협의.",25.07.19,"['15년이내', '대단지', '대형평수', '방네개이상']",남서향,18000526.483275585
경기도,용인시 기흥구,중동,신동백롯데캐슬에코1단지,매매,110동,중/40,700000000,141.41,OWNER,"멋진 산 조망. 중문, LED등, 싱크대필름, 도배. 입주일 조율 가능.",25.07.17,"['15년이내', '대단지', '대형평수', '방네개이상']",남동향,16364114.984795984
경기도,용인시 기흥구,중동,신동백롯데캐슬에코1단지,매매,107동,고/40,760000000,141.41,OWNER,"양창형의 멋진 고층뷰, 시에5대, 로얄동, 커뮤니티이용편리, 부분수리깔끔",25.07.17,"['15년이내', '대단지', '대형평수', '방네개이상']",남동향,17766753.412064213
경기도,용인시 기흥구,중동,신동백롯데캐슬에코1단지,매매,110동,저/40,750000000,141.41,OWNER,선호동 양창형거실 단지정원뷰 동간거리 넓은 예쁜집 소유주거주입주협의,25.07.17,"['15년이내', '대단지', '대형평수', '방네개이상']",남동향,17532980.34085284
경기도,용인시 기흥구,중동,신동백롯데캐슬에코1단지,매매,110동,저/40,730000000,141.41,OWNER,선호동양창형거실 정원뷰예뻐요 소유주거주 입주협의,25.07.17,"['15년이내', '대단지', '대형평수', '방네개이상']",남동향,17065434.1984301
경기도,용인시 기흥구,중동,신동백롯데캐슬에코1단지,매매,107동,고/40,850000000,141.41,OWNER,로얄동 석성산방향고층 시원하고 밝은뷰 커뮤니티이용편리동 소유주입주협의,25.07.17,"['15년이내', '대단지', '대형평수', '방네개이상']",남동향,19870711.05296655
경기도,용인시 기흥구,중동,신동백롯데캐슬에코1단지,매매,113동,저/40,700000000,141.41,OWNER,살아보면 아세요. 커뮤니티의 향연 에코라이프,25.07.17,"['15년이내', '대단지', '대형평수', '방네개이상']",남동향,16364114.984795984
경기도,용인시 기흥구,중동,신동백롯데캐슬에코1단지,매매,113동,중/40,720000000,141.41,OWNER,"중일초 앞, 초품아,전망좋은 로얄층,양창형으로 개방감 채광 굿",25.07.16,"['15년이내', '대단지', '대형평수', '방네개이상']",남서향,16831661.127218727
경기도,용인시 기흥구,중동,신동백롯데캐슬에코1단지,매매,103동,저/39,710000000,141.41,OWNER,"전세 안고, 안정감 있는 조망, 채광 우수, 입구동, 주차 편리해요.",25.07.14,"['15년이내', '대단지', '대형평수', '방네개이상']",남동향,16597888.056007355
경기도,용인시 기흥구,중동,신동백롯데캐슬에코1단지,매매,103동,저/39,735000000,141.41,OWNER,선호동 중앙광장과 파3홀전망이 예쁜집 편의시설 주차장이용편리동 입주협의,25.07.14,"['15년이내', '대단지', '대형평수', '방네개이상']",남서향,17182320.734035783
경기도,용인시 기흥구,중동,신동백롯데캐슬에코1단지,매매,113동,고/40,710000000,141.41,OWNER,일출이 아름다운 집.  막힘없는 뷰.  26년3월 입주가. 상태 깨끗해요,25.07.11,"['15년이내', '대단지', '대형평수', '방네개이상']",남동향,16597888.056007355
경기도,용인시 기흥구,중동,신동백롯데캐슬에코1단지,매매,113동,저/40,690000000,141.41,OWNER,"로얄동, 초교 근접, 밝고 전망 좋은 양창형, 입주협의.",25.07.10,"['15년이내', '대단지', '대형평수', '방네개이상']",남서향,16130341.913584612
경기도,용인시 기흥구,중동,신동백롯데캐슬에코1단지,매매,110동,중/40,700000000,141.41,OWNER,"양창으로 개방감  채광좋은집, 선호동, 내부상태 굿, 중문, 입주협의",25.07.09,"['15년이내', '대단지', '대형평수', '방네개이상']",남동향,16364114.984795984
경기도,용인시 기흥구,중동,신동백롯데캐슬에코1단지,매매,107동,고/40,770000000,141.41,OWNER,고층탁트인전망굿 커뮤니티시설 초 중 인접 내부깨끗함 세안고 협의가,25.07.08,"['15년이내', '대단지', '대형평수', '방네개이상']",남동향,18000526.483275585
경기도,용인시 기흥구,중동,신동백롯데캐슬에코1단지,매매,113동,중/40,730000000,141.41,OWNER,"컨디션최상,로얄동 로얄층, 넓은 동간격, 세안고, 입주일협의가능",25.07.07,"['15년이내', '대단지', '대형평수', '방네개이상']",남서향,17065434.1984301
경기도,용인시 기흥구,중동,신동백롯데캐슬에코1단지,매매,110동,중/40,750000000,141.41,OWNER,양창이라 채광과 뷰 좋음. 주인 거주. 상태 좋음,25.07.04,"['15년이내', '대단지', '대형평수', '방네개이상']",남동향,17532980.34085284
경기도,용인시 기흥구,중동,신동백롯데캐슬에코1단지,매매,110동,고/40,750000000,141.41,OWNER,42타입. 개방감좋은양창형거실. 넓은방크기. 선호동,25.07.04,"['15년이내', '대단지', '대형평수', '방네개이상']",남동향,17532980.34085284
경기도,용인시 기흥구,중동,신동백롯데캐슬에코1단지,매매,110동,저/40,710000000,141.41,OWNER,"가로수길 조망.  집상태 좋음. 주방 넓고, 방크기 좋음. 날짜 협의가",25.07.03,"['15년이내', '대단지', '대형평수', '방네개이상']",남동향,16597888.056007355
경기도,용인시 기흥구,중동,신동백롯데캐슬에코1단지,매매,113동,중/40,750000000,141.41,OWNER,햇살좋은양창형 남향뷰 중일초교인접동 넓은주차장 선호커뮤니티단지,25.07.03,"['15년이내', '대단지', '대형평수', '방네개이상']",남서향,17532980.34085284
경기도,용인시 기흥구,중동,신동백롯데캐슬에코1단지,매매,113동,고/40,700000000,141.41,OWNER,고층 시원한 뷰. 잘 관리된 집. 전세 끼고 매매.,25.07.01,"['15년이내', '대단지', '대형평수', '방네개이상']",남동향,16364114.984795984
경기도,용인시 기흥구,중동,신동백롯데캐슬에코1단지,매매,113동,중/40,710000000,141.41,OWNER,"추천, 깨끗, 확 트인 거실 조망, 채광 우수,  주인 거주",25.06.30,"['15년이내', '대단지', '대형평수', '방네개이상']",남서향,16597888.056007355
경기도,용인시 기흥구,중동,신동백롯데캐슬에코1단지,매매,113동,중/40,730000000,141.41,OWNER,채광과 조망 좋은 양창구조. 방4개 전부 넉넉한 사이즈.  협의 가능.,25.06.30,"['15년이내', '대단지', '대형평수', '방네개이상']",남동향,17065434.1984301
경기도,용인시 기흥구,중동,신동백롯데캐슬에코1단지,매매,103동,중/39,730000000,141.41,OWNER,중앙광장전망 햇살밝고 따듯한집 최근시스템AC6대  편의시설인접주차편리,25.06.26,"['15년이내', '대단지', '대형평수', '방네개이상']",남서향,17065434.1984301
경기도,용인시 기흥구,중동,신동백롯데캐슬에코1단지,매매,113동,저/40,650000000,141.41,OWNER,"세안고매매, 화이트톤 올인테리어, 양창형 조망일조량 굿, 내부상태최상",25.06.26,"['15년이내', '대단지', '대형평수', '방네개이상']",남동향,15195249.62873913
경기도,용인시 기흥구,중동,신동백롯데캐슬에코1단지,매매,107동,중/40,850000000,141.41,OWNER,로얄동 거실팬트리확장 화이트톤도배 필름 LED등  커뮤니티인접한 깨끗한집,25.06.25,"['15년이내', '대단지', '대형평수', '방네개이상']",남동향,19870711.05296655
경기도,용인시 기흥구,중동,신동백롯데캐슬에코1단지,매매,103동,중/39,700000000,141.41,OWNER,"관리최상 깔끔한집, 생활편리한 로얄동, 채광조망 굿, 중일초 어정중 근접",25.06.23,"['15년이내', '대단지', '대형평수', '방네개이상']",남동향,16364114.984795984
경기도,용인시 기흥구,중동,신동백롯데캐슬에코1단지,매매,107동,중/40,750000000,141.41,OWNER,"최고로얄동, 에코광장 및 석성산뷰 , 관리잘된 깔끔한집, 초품아 중품아",25.06.23,"['15년이내', '대단지', '대형평수', '방네개이상']",남서향,17532980.34085284
경기도,용인시 기흥구,중동,신동백롯데캐슬에코1단지,매매,113동,저/40,675000000,141.41,NONE,"입지좋은 로얄동, 중일초.샘물바로앞,채광최고,중문.탄성코팅,초대형커뮤니티",25.07.11,"['15년이내', '대단지', '대형평수', '방네개이상']",남서향,15779682.306767555
경기도,용인시 기흥구,중동,신동백롯데캐슬에코1단지,매매,108동,17/27,650000000,131.47,OWNER,"인기판상형구조, 로얄동 로얄층으로 채광 뷰 최고, 관리굿, 입주 맞춰드림",25.07.17,"['15년이내', '대단지', '방네개이상', '화장실두개']",남동향,16344110.823762074
경기도,용인시 기흥구,중동,신동백롯데캐슬에코1단지,매매,108동,4/27,650000000,131.47,NDOC1,"앞이 트여 밝은 저층,광역버스 이용 편리함,중일초,어정중교,도보 가능함",25.07.17,"['15년이내', '대단지', '방네개이상', '화장실두개']",남동향,16344110.823762074
경기도,용인시 기흥구,중동,신동백롯데캐슬에코1단지,매매,112동,고/30,650000000,131.47,OWNER,판상형 해잘드는 남향 깨끗하게 관리잘된집 초교인접동 생활편리,25.07.21,"['15년이내', '대단지', '방네개이상', '화장실두개']",남서향,16344110.823762074
경기도,용인시 기흥구,중동,신동백롯데캐슬에코1단지,매매,111동,6/30,660000000,131.47,OWNER,39타입. 4Bay판상형. 최근올리모델링. 빌트인냉장고옵션,25.07.12,"['15년이내', '대단지', '방네개이상', '화장실두개']",남동향,16595558.682589186
경기도,용인시 기흥구,중동,신동백롯데캐슬에코1단지,전세,109동,중/24,500000000,131.47,OWNER,"전망 좋고, 선호동. 채광좋음. 방4. 융무. 입주일 협의 가능.",25.07.14,"['15년이내', '대단지', '방네개이상', '화장실두개']",남동향,12572392.941355444
경기도,용인시 기흥구,중동,신동백롯데캐슬에코1단지,매매,108동,저/27,650000000,131.47,OWNER,판상형  넓은동간거리 어린이공원 예쁜전망 커뮤니티 가깝고 주차편함,25.07.14,"['15년이내', '대단지', '방네개이상', '화장실두개']",남동향,16344110.823762074
경기도,용인시 기흥구,중동,신동백롯데캐슬에코1단지,매매,109동,9/24,649000000,131.47,OWNER,판상형 26.4월중순입주 밝고 환한집 광역교통 편의시설이용편리동,25.07.05,"['15년이내', '대단지', '방네개이상', '화장실두개']",남동향,16318966.037879366
경기도,용인시 기흥구,중동,신동백롯데캐슬에코1단지,매매,106동,저/26,650000000,131.47,OWNER,"방4 판상형, 인기 커뮤니티동, 입주협의.",25.07.10,"['15년이내', '대단지', '방네개이상', '화장실두개']",남동향,16344110.823762074
경기도,용인시 기흥구,중동,신동백롯데캐슬에코1단지,매매,114동,저/29,650000000,131.47,OWNER,"방4 판상형, 아이들 키우기 좋은 집, 초교 바로 앞동, 입주협의.",25.07.10,"['15년이내', '대단지', '방네개이상', '화장실두개']",남서향,16344110.823762074
경기도,용인시 기흥구,중동,신동백롯데캐슬에코1단지,매매,112동,14/30,650000000,131.47,OWNER,아주 좋은 선호 동 선호 층 A 늘 밝은 깔끔한 탁 트인 행복의 집,25.06.30,"['15년이내', '대단지', '방네개이상', '화장실두개']",남서향,16344110.823762074
경기도,용인시 기흥구,중동,신동백롯데캐슬에코1단지,매매,117동,중/27,660000000,131.47,OWNER,파3홀남향 고층전망최고  화장실수리화이트도배 선호동 관리잘된 깨끗한집,25.07.04,"['15년이내', '대단지', '욕실수리', '방네개이상']",남서향,16595558.682589186
경기도,용인시 기흥구,중동,신동백롯데캐슬에코1단지,매매,105동,중/29,670000000,131.47,OWNER,"상가 접근성 용이, 하시 입주가능 ,어정중학교 인접,로얄층 전망굿",25.06.30,"['15년이내', '대단지', '방네개이상', '화장실두개']",남동향,16847006.541416295
경기도,용인시 기흥구,중동,신동백롯데캐슬에코1단지,매매,115동,중/24,660000000,131.47,OWNER,깔끔한 인테리어  뛰어난 조망 아이들과 행복하게 살기 좋은 추천 주택 ,25.06.30,"['15년이내', '대단지', '방네개이상', '화장실두개']",남서향,16595558.682589186
경기도,용인시 기흥구,중동,신동백롯데캐슬에코1단지,전세,116동,중/29,520000000,131.47,OWNER,선호동 파3홀고층뷰 막힘없이시원한시야와 원거리전망 입주협의,25.06.27,"['15년이내', '대단지', '방네개이상', '화장실두개']",남서향,13075288.65900966
경기도,용인시 기흥구,중동,신동백롯데캐슬에코1단지,전세,117동,저/27,520000000,131.47,OWNER,로얄동 파3홀남향전망  화이트톤벽면 싱크대교체등 밝고 환하고 깨끗한세대,25.06.27,"['15년이내', '대단지', '주방교체', '방네개이상']",남서향,13075288.65900966
경기도,용인시 기흥구,중동,신동백롯데캐슬에코1단지,매매,115동,저/24,690000000,131.47,OWNER,파3홀전망 로얄층  막힘없이 환하고 햇살좋은집 중일초인접동 소유주거주,25.06.26,"['15년이내', '대단지', '방네개이상', '화장실두개']",남서향,17349902.259070512
경기도,용인시 기흥구,중동,신동백롯데캐슬에코1단지,전세,106동,중/26,520000000,131.47,NONE,"추천전세,초대형커뮤니티 바로연결동,초품아중품아, 채광조망굿",25.07.16,"['15년이내', '대단지', '대형평수', '방네개이상']",남동향,13075288.65900966
경기도,용인시 기흥구,중동,신동백롯데캐슬에코1단지,매매,106동,중/26,670000000,131.47,NONE,"강추, 커뮤니티연결 로얄동, 방4,구조좋은판상형, 채광조망굿",25.07.15,"['15년이내', '대단지', '방네개이상', '화장실두개']",남동향,16847006.541416295
경기도,용인시 기흥구,중동,신동백롯데캐슬에코1단지,매매,114동,24/29,620000000,113.22,NDOC1,양창형구조 세안고 고층의 입구동으로 접근성우수,25.07.21,"['15년이내', '대단지', '방세개', '화장실두개']",남향,18102691.220632397
경기도,용인시 기흥구,중동,신동백롯데캐슬에코1단지,매매,111동,저/30,620000000,113.22,OWNER,양창형거실 가로수길전망 최고의집 넓은 동간거리 광역교통이용 접근편의,25.07.21,"['15년이내', '대단지', '방세개', '화장실두개']",남서향,18102691.220632397
경기도,용인시 기흥구,중동,신동백롯데캐슬에코1단지,매매,112동,1/30,600000000,113.22,OWNER,34B타입. 방3.   층간소음걱정없는1층. 중일초바로앞. 양창구조,25.07.09,"['15년이내', '대단지', '1층', '방세개']",남동향,17518733.439321678
경기도,용인시 기흥구,중동,신동백롯데캐슬에코1단지,매매,108동,저/27,570000000,113.22,OWNER,"양창형으로 개방감 우수 채광 굿, 입구동, 버스정류장 근접.",25.07.14,"['15년이내', '대단지', '방세개', '화장실두개']",남향,16642796.767355593
경기도,용인시 기흥구,중동,신동백롯데캐슬에코1단지,매매,109동,중/24,600000000,113.22,OWNER,월세안고. 미리 에코의 주인이 되실 분,25.07.10,"['15년이내', '대단지', '방세개', '화장실두개']",남서향,17518733.439321678
경기도,용인시 기흥구,중동,신동백롯데캐슬에코1단지,매매,111동,중/30,600000000,113.22,OWNER,"강추, 중일초 바로앞, 채광최고, 집상태좋아요, 광역버스5분.이용편리",25.07.10,"['15년이내', '대단지', '방세개', '화장실두개']",남서향,17518733.439321678
경기도,용인시 기흥구,중동,신동백롯데캐슬에코1단지,매매,114동,저/29,600000000,113.22,OWNER,"초교 앞동, 방3 양창형으로 채광 굿, 입주협의.",25.07.10,"['15년이내', '대단지', '방세개', '화장실두개']",남향,17518733.439321678
경기도,용인시 기흥구,중동,신동백롯데캐슬에코1단지,매매,108동,저/27,620000000,113.22,OWNER,"깔끔한집.관리최상, 생활편리한로얄동, 층수좋은 저층, 광역버스이용편리",25.07.09,"['15년이내', '대단지', '방세개', '화장실두개']",남향,18102691.220632397
경기도,용인시 기흥구,중동,신동백롯데캐슬에코1단지,월세,101동,20/29,3억/60,113.22,OWNER,"즉시입주가능, 채권 굿, 뻥뷰, 타워형, 3년전 올도배",25.07.02,"['15년이내', '대단지', '방세개', '화장실두개']",남서향,
경기도,용인시 기흥구,중동,신동백롯데캐슬에코1단지,월세,106동,중/26,"5,000/165",113.22,OWNER,"커뮤니티 가까운 선호동. 8,9월 입주 협의 가능.",25.07.07,"['15년이내', '대단지', '방세개', '화장실두개']",남향,
경기도,용인시 기흥구,중동,신동백롯데캐슬에코1단지,매매,105동,고/29,640000000,113.22,OWNER,,25.07.07,"['15년이내', '대단지', '방세개', '화장실두개']",남동향,18686649.001943123
경기도,용인시 기흥구,중동,신동백롯데캐슬에코1단지,매매,109동,저/24,600000000,113.22,OWNER,"남동남서 양창으로 따뜻, 정원뷰, 광역버스이용편리한 동, 빠른입주가능",25.07.07,"['15년이내', '대단지', '방세개', '화장실두개']",남향,17518733.439321678
경기도,용인시 기흥구,중동,신동백롯데캐슬에코1단지,매매,114동,저/29,610000000,113.22,OWNER,양창형거실 중일초인접 생활편리시설입구동 넓은동간거리와 커뮤니티경쟁력에코,25.07.05,"['15년이내', '대단지', '방세개', '화장실두개']",남동향,17810712.32997704
경기도,용인시 기흥구,중동,신동백롯데캐슬에코1단지,매매,111동,고/30,620000000,113.22,OWNER,"멋진 고층 뷰, 로얄층, 남향. 초교 인접동. 빠른 입주 협의 가능",25.07.04,"['15년이내', '대단지', '방세개', '화장실두개']",남향,18102691.220632397
경기도,용인시 기흥구,중동,신동백롯데캐슬에코1단지,매매,108동,저/27,620000000,113.22,OWNER,"전세 안고, 26년2월 입주 가능. 일조량 좋고 개방감 있는 양창형 구조",25.07.04,"['15년이내', '대단지', '방세개', '화장실두개']",남향,18102691.220632397
경기도,용인시 기흥구,중동,신동백롯데캐슬에코1단지,매매,114동,저/29,620000000,113.22,OWNER,34b타입.  관리아주깨끗. 중일초인접동. 뷰좋아요. 세안고,25.07.03,"['15년이내', '대단지', '방세개', '화장실두개']",남동향,18102691.220632397
경기도,용인시 기흥구,중동,신동백롯데캐슬에코1단지,매매,116동,고/29,650000000,113.22,OWNER,양창형거실 파3홀과 멀리 동탄까지 시원한전망 팬트리있고 도배등 깨끗해요,25.07.03,"['15년이내', '대단지', '방세개', '화장실두개']",남동향,18978627.892598484
경기도,용인시 기흥구,중동,신동백롯데캐슬에코1단지,매매,101동,저/29,620000000,113.22,OWNER,"갭투추천, 로얄동, 채광 좋고 시원한뷰, 생활편리한 입구동, 주차편리",25.06.26,"['15년이내', '대단지', '방세개', '화장실두개']",남향,18102691.220632397
경기도,용인시 기흥구,중동,신동백롯데캐슬에코1단지,매매,112동,저/30,630000000,113.22,OWNER,"중일초 코앞, 아이키우기 좋은 단지, 짧은세안고, 입주일협의가능",25.06.25,"['15년이내', '대단지', '방세개', '화장실두개']",남동향,18394670.111287758
경기도,용인시 기흥구,중동,신동백롯데캐슬에코1단지,전세,111동,21/30,470000000,112.93,OWNER,전망좋은양창구조  입주 협의가  커뮤니티시설 잘되어있고 내부아주깨끗함,25.07.21,"['15년이내', '대단지', '방세개', '화장실두개']",남동향,13758248.029752944
경기도,용인시 기흥구,중동,신동백롯데캐슬에코1단지,매매,115동,18/24,620000000,112.93,OWNER,"초등학교 바로앞, 탁트인 뷰, 대단지, 전세 끼고 매매",25.07.16,"['15년이내', '대단지', '방네개이상', '화장실두개']",남동향,18149178.25201452
경기도,용인시 기흥구,중동,신동백롯데캐슬에코1단지,매매,114동,16/29,680000000,112.93,OWNER,34C타입. 긴세안고. 초등인접동.  뷰가너무좋아요. 인테리어,25.07.16,"['15년이내', '대단지', '방네개이상', '화장실두개']",남동향,19905550.340919156
경기도,용인시 기흥구,중동,신동백롯데캐슬에코1단지,매매,101동,저/29,630000000,112.93,OWNER,"방4개, 양창형으로 밝고 환한집,편리한 초입동, 중문, 새도배로 깨끗",25.07.19,"['15년이내', '대단지', '방네개이상', '화장실두개']",남동향,18441906.93349863
경기도,용인시 기흥구,중동,신동백롯데캐슬에코1단지,매매,114동,고/29,625000000,112.93,OWNER,"방4 타워형, 전망 좋고 밝은 집, 초교앞동, LED등 중문, 입주협의.",25.07.17,"['15년이내', '대단지', '방네개이상', '화장실두개']",남서향,18295542.592756573
경기도,용인시 기흥구,중동,신동백롯데캐슬에코1단지,매매,101동,고/29,650000000,112.93,OWNER,생활편리입구동 확트인고층전망 어정중인접 방3개,25.07.15,"['15년이내', '대단지', '방세개', '화장실두개']",남동향,19027364.29646684
경기도,용인시 기흥구,중동,신동백롯데캐슬에코1단지,매매,112동,저/30,560000000,112.93,OWNER,"급매, 전세 안고 매매, 초교 앞동.",25.07.10,"['15년이내', '대단지', '급매', '방네개이상']",남서향,16392806.163109891
경기도,용인시 기흥구,중동,신동백롯데캐슬에코1단지,매매,111동,저/30,590000000,112.93,OWNER,전세 4.1억 안고. 27년 입주. 뷰좋고. 채광 좋은 집. 양창형,25.06.30,"['15년이내', '대단지', '방세개', '화장실두개']",남동향,17270992.20756221
경기도,용인시 기흥구,중동,신동백롯데캐슬에코1단지,매매,109동,중/24,630000000,112.93,OWNER,양창형거실 밝고 환한집 광역교통 편의시설이용편리  방4,25.06.30,"['15년이내', '대단지', '방네개이상', '화장실두개']",남동향,18441906.93349863
경기도,용인시 기흥구,중동,신동백롯데캐슬에코1단지,매매,115동,저/24,680000000,112.93,NDOC1,"전세가능,아기 키우며 살기 밝은집,수영장,사우나,헬스,골프연습장 ",25.06.28,"['15년이내', '대단지', '방네개이상', '화장실두개']",남서향,19905550.340919156
경기도,용인시 기흥구,중동,신동백롯데캐슬에코1단지,매매,105동,저/29,620000000,112.93,OWNER,채광밝은 양창형거실 전망예쁜 깨끗하게 관리잘된집  커뮤니티인접 주차편리동,25.06.26,"['15년이내', '대단지', '방네개이상', '화장실두개']",남동향,18149178.25201452
경기도,용인시 기흥구,중동,신동백롯데캐슬에코1단지,매매,111동,고/30,650000000,112.93,OWNER,"깨끗하게 관리 잘 된 집 ,편안한 휴식을 선물해주는 기운좋은 집",25.06.25,"['15년이내', '대단지', '방네개이상', '화장실두개']",남향,19027364.29646684
경기도,용인시 기흥구,중동,신동백롯데캐슬에코1단지,매매,105동,저/29,620000000,112.93,OWNER,"집주인 거주, 잘 관리된 집, 초 중 인접, 커뮤니티 가까움,",25.06.24,"['15년이내', '대단지', '방네개이상', '화장실두개']",남동향,18149178.25201452
경기도,용인시 기흥구,중동,신동백롯데캐슬에코1단지,매매,112동,저/30,590000000,112.9,OWNER,"구조좋은 인기판상형, 방4, 채광굿, 초록단지뷰, 중일초앞 상가이용편리",25.07.21,"['15년이내', '대단지', '방네개이상', '화장실두개']",남동향,17275581.488042515
경기도,용인시 기흥구,중동,신동백롯데캐슬에코1단지,매매,104동,2/22,610000000,112.9,OWNER,상태최상. 일부수리. 선호 A타입. 트인 조망의 앞동. 방4. 입주협의.,25.07.14,"['15년이내', '대단지', '방네개이상', '화장실두개']",남서향,17861194.419840567
경기도,용인시 기흥구,중동,신동백롯데캐슬에코1단지,매매,115동,저/24,620000000,112.9,OWNER,"방4개.선호도,인기많은 구조,중일초가 보이는 학세권,대단지1902세대.",25.07.18,"['15년이내', '대단지', '방네개이상', '화장실두개']",남동향,18154000.88573959
경기도,용인시 기흥구,중동,신동백롯데캐슬에코1단지,매매,108동,저/27,630000000,112.9,OWNER,깔끔하게 관리. 방4. 판상형 A타입. 입주일 협의 가능.,25.07.17,"['15년이내', '대단지', '방네개이상', '화장실두개']",남서향,18446807.35163862
경기도,용인시 기흥구,중동,신동백롯데캐슬에코1단지,매매,108동,중/27,650000000,112.9,OWNER,판상형A타입.채광 굿. 에코 광장뷰. 주인분 거주,25.07.17,"['15년이내', '대단지', '방네개이상', '화장실두개']",남서향,19032420.28343667
경기도,용인시 기흥구,중동,신동백롯데캐슬에코1단지,매매,102동,저/28,635000000,112.9,OWNER,"판상형선호구조,전망좋은 저층, 생활및주차편한 입구동, 세안고",25.07.15,"['15년이내', '대단지', '방네개이상', '화장실두개']",남동향,18593210.584588133
경기도,용인시 기흥구,중동,신동백롯데캐슬에코1단지,매매,104동,6/22,620000000,112.9,OWNER,"긴 전세4.5억안고 ,앞트인 조망. 채광 우수. 방4. 판상형 A타입.",25.07.08,"['15년이내', '대단지', '방네개이상', '화장실두개']",남서향,18154000.88573959
경기도,용인시 기흥구,중동,신동백롯데캐슬에코1단지,매매,105동,저/29,610000000,112.9,OWNER,로얄동 깨끗한 집 추천.  도배 조명 수전 등 최근 교체. 주인 거주,25.07.12,"['15년이내', '대단지', '방네개이상', '화장실두개']",남서향,17861194.419840567
경기도,용인시 기흥구,중동,신동백롯데캐슬에코1단지,매매,101동,저/29,620000000,112.9,OWNER,강추. 판상형A타입. 생활 편리한 앞동. 확 트인 조망. 방4.,25.07.10,"['15년이내', '대단지', '방네개이상', '화장실두개']",남서향,18154000.88573959
경기도,용인시 기흥구,중동,신동백롯데캐슬에코1단지,매매,116동,저/29,630000000,112.9,OWNER,로얄동 중앙광장 공원전망 예쁜집  귀한판상형 넓은동간거리 넉넉한주차장,25.07.09,"['15년이내', '대단지', '방네개이상', '화장실두개']",남동향,18446807.35163862
경기도,용인시 기흥구,중동,신동백롯데캐슬에코1단지,매매,101동,저/29,610000000,112.9,OWNER,"강추매물, 전망 좋은 판상형, 입구동으로 생활 및 주차편리.",25.07.07,"['15년이내', '대단지', '방네개이상', '화장실두개']",남서향,17861194.419840567
경기도,용인시 기흥구,중동,신동백롯데캐슬에코1단지,매매,106동,고/26,635000000,112.9,OWNER,"추천, 인기판상형구조, 탁트인시원한조망, 유일한 커뮤니티연결동, 생활편리",25.07.04,"['15년이내', '대단지', '방네개이상', '화장실두개']",남서향,18593210.584588133
경기도,용인시 기흥구,중동,신동백롯데캐슬에코1단지,매매,106동,중/26,620000000,112.9,OWNER,"판상형선호구조, 인테리어기간 가능, 커뮤니티이용편한 로얄동 로얄층 ",25.07.04,"['15년이내', '대단지', '방네개이상', '화장실두개']",남서향,18154000.88573959
경기도,용인시 기흥구,중동,신동백롯데캐슬에코1단지,매매,106동,중/26,700000000,112.9,OWNER,"방3 도배 전등 마루 등 일부 수리하여 깔끔, 커뮤니티동.",25.07.02,"['15년이내', '대단지', '방세개', '화장실두개']",남서향,20496452.612931795
경기도,용인시 기흥구,중동,신동백롯데캐슬에코1단지,매매,117동,고/27,650000000,112.9,OWNER,파3홀남향 고층전망최고 선호동로얄층  입주협의,25.06.27,"['15년이내', '대단지', '방네개이상', '화장실두개']",남동향,19032420.28343667
경기도,용인시 기흥구,중동,신동백롯데캐슬에코1단지,매매,106동,중/26,650000000,112.9,OWNER,"주인 거주, 판상형 A타입, 커뮤니티 인접, 로얄층, 입주일 협의 가능",25.06.27,"['15년이내', '대단지', '방네개이상', '화장실두개']",남서향,19032420.28343667
경기도,용인시 기흥구,중동,신동백롯데캐슬에코1단지,매매,109동,중/24,650000000,112.9,OWNER,판상형남향 넓은동간거리 중앙광장전망 광역교통 편의시설이용편리동 세안고,25.06.26,"['15년이내', '대단지', '방네개이상', '화장실두개']",남동향,19032420.28343667
경기도,용인시 기흥구,중동,신동백롯데캐슬에코1단지,매매,117동,저/27,650000000,112.9,OWNER,"안정적인 광장뷰,판상형선호구조, 방3, 컨디션최상,입주일맞춰드림",25.06.24,"['15년이내', '대단지', '방세개', '화장실두개']",남동향,19032420.28343667
경기도,용인시 기흥구,중동,신동백롯데캐슬에코1단지,매매,108동,저/27,640000000,112.9,OWNER,판상형남향 넓은동간거리 햇살밝고 전망 예쁜선호동  관리잘되고 깔끔해요,25.06.23,"['15년이내', '대단지', '방네개이상', '화장실두개']",남서향,18739613.817537647
경기도,용인시 기흥구,중동,신동백롯데캐슬에코2단지,매매,204동,36/36,1300000000,235.46,OWNER,"럭셔리 펜트하우스, 그림같은전망,시원한테라스,세안고매매,협의가능",25.06.26,"['15년이내', '테라스', '대형평수', '탑층']",남동향,18251594.750700757
경기도,용인시 기흥구,중동,신동백롯데캐슬에코2단지,매매,202동,고/21,1150000000,208.2,OWNER,강추. 올 인테리어 펜트하우스. 광폭테라스. 깔끔 관리. 예쁜 조망.,25.07.21,"['15년이내', '테라스', '대형평수', '방네개이상']",남향,18259619.356388092
경기도,용인시 기흥구,중동,신동백롯데캐슬에코2단지,전세,202동,고/21,1000000000,208.2,OWNER,풀옵션 남향 올인테리어 특수리한  펜트하우스 넓은외부테라스 시스템에어콘 ,25.07.21,"['15년이내', '융자금없는', '테라스', '대형평수']",남향,15877929.87512008
경기도,용인시 기흥구,중동,신동백롯데캐슬에코2단지,매매,204동,2/36,700000000,152.36,OWNER,초록정원뷰. 커뮤니티센터 인접. 조용하고 깔끔한 판상구조. 살기 좋은집.,25.07.21,"['15년이내', '대형평수', '방네개이상', '화장실두개']",남동향,15188038.19900236
경기도,용인시 기흥구,중동,신동백롯데캐슬에코2단지,매매,205동,저/29,700000000,152.36,OWNER,추천 매물. 판상형의  안정적인 구조. 녹지 조망. 기분 좋은 채광 통풍,25.07.18,"['15년이내', '대형평수', '방네개이상', '화장실두개']",남동향,15188038.19900236
경기도,용인시 기흥구,중동,신동백롯데캐슬에코2단지,매매,204동,저/36,690000000,152.36,OWNER,강추. 트여있고 조망 나오는 집. 입주일 맞춰드립니다.,25.06.26,"['15년이내', '대형평수', '방네개이상', '화장실두개']",남동향,14971066.2247309
경기도,용인시 기흥구,중동,신동백롯데캐슬에코2단지,매매,205동,7/29,690000000,151.51,OWNER,"입주일협의,거실바닥타일시공,방4개구조,탁트인뷰",25.07.14,"['15년이내', '대형평수', '방네개이상', '화장실두개']",남동향,15055056.761929909
경기도,용인시 기흥구,중동,신동백롯데캐슬에코2단지,매매,205동,중/29,700000000,151.51,OWNER,로얄동 양창 구조로 채광굿. 넓은 거실에 탁트인 뷰. 11월 입주가,25.07.18,"['15년이내', '대형평수', '방네개이상', '화장실두개']",남동향,15273245.990363676
경기도,용인시 기흥구,중동,신동백롯데캐슬에코2단지,전세,204동,중/36,510000000,151.51,OWNER,"전망굿  깨끗해요,대단지 커뮤니티 이용 용이합니다",25.07.17,"['15년이내', '대형평수', '방네개이상', '화장실두개']",남동향,11127650.650122104
경기도,용인시 기흥구,중동,신동백롯데캐슬에코2단지,매매,204동,중/36,720000000,151.51,OWNER,"그림같은 전망,개방감좋은 양창형, 편리한 주차, 짧은세안고",25.07.15,"['15년이내', '대형평수', '방세개', '화장실두개']",남동향,15709624.447231209
경기도,용인시 기흥구,중동,신동백롯데캐슬에코2단지,매매,205동,저/29,700000000,151.51,OWNER,"조망굿, 구조좋은 선호타입, 커뮤니티 근접동으로 입지최고, 엘베2",25.07.11,"['15년이내', '대형평수', '방네개이상', '화장실두개']",남동향,15273245.990363676
경기도,용인시 기흥구,중동,신동백롯데캐슬에코2단지,매매,205동,저/29,650000000,151.51,OWNER,"세안고,시원한초록뷰, 관리잘된 깨끗한집, 커뮤니티근접, 입지최고,협의가",25.07.09,"['15년이내', '대형평수', '방네개이상', '화장실두개']",남동향,14182299.84819484
경기도,용인시 기흥구,중동,신동백롯데캐슬에코2단지,매매,205동,저/29,710000000,151.51,OWNER,"정상입주 방4,화2 넓은드레스룸 깨끗하게관리잘된집 세브란스병원",25.07.08,"['15년이내', '대형평수', '방네개이상', '화장실두개']",남동향,15491435.218797442
경기도,용인시 기흥구,중동,신동백롯데캐슬에코2단지,매매,204동,고/36,720000000,151.51,OWNER,"로얄동,로얄층. 양창형 구조로서 개방감 있고, 멋진 석성산 조망.",25.07.07,"['15년이내', '대형평수', '방네개이상', '화장실두개']",남동향,15709624.447231209
경기도,용인시 기흥구,중동,신동백롯데캐슬에코2단지,매매,205동,고/29,710000000,151.51,OWNER,"뻥뚫린특급뷰, 올수리된깔끔한 집, 주차편리, 커뮤니티바로앞, 초.중.샘물",25.07.04,"['15년이내', '올수리', '대형평수', '방네개이상']",남서향,15491435.218797442
경기도,용인시 기흥구,중동,신동백롯데캐슬에코2단지,매매,205동,고/29,660000000,151.51,OWNER,"이쁜 정원뷰, 조용한 로얄동, 관리잘된 집, 세안고 매매, 급매",25.07.01,"['15년이내', '급매', '대형평수', '방네개이상']",남동향,14400489.076628605
경기도,용인시 기흥구,중동,신동백롯데캐슬에코2단지,매매,204동,중/36,700000000,150.61,OWNER,분수광장남향전망 선호동로얄층 커뮤니티가까워요,25.07.21,"['15년이내', '대형평수', '방네개이상', '화장실두개']",남향,15364514.30847885
경기도,용인시 기흥구,중동,신동백롯데캐슬에코2단지,매매,205동,중/29,700000000,150.61,OWNER,"최근한샘 씽크대, 안방붙박이장 설치, 관리상태최상, 채광조망굿, 엘베2기",25.07.21,"['15년이내', '대형평수', '방네개이상', '화장실두개']",남향,15364514.30847885
경기도,용인시 기흥구,중동,신동백롯데캐슬에코2단지,매매,205동,중/29,735000000,150.61,OWNER,"시에3, 인테리어, 밝고환한 양창형,조용하고 쾌적한 로얄동, 세안고",25.07.18,"['15년이내', '대형평수', '방네개이상', '화장실두개']",남서향,16132740.023902794
경기도,용인시 기흥구,중동,신동백롯데캐슬에코2단지,매매,204동,중/36,700000000,150.61,OWNER,"아름다운 전망,채광좋은 양창형, 커뮤니티 다양, 입주일여유있어요",25.07.17,"['15년이내', '대형평수', '방네개이상', '화장실두개']",남서향,15364514.30847885
경기도,용인시 기흥구,중동,신동백롯데캐슬에코2단지,매매,204동,저/36,650000000,150.61,OWNER,"아이들키우기 좋은집으로 추천, 양창형 정원뷰, 커뮤니티앞 로얄동 집상태굿",25.07.09,"['15년이내', '대형평수', '방네개이상', '화장실두개']",남향,14267049.000730364
경기도,용인시 기흥구,중동,신동백롯데캐슬에코2단지,매매,205동,고/29,750000000,150.61,OWNER,"석성산조망, 남동남서 양창형으로  채광최고, 주차편리, 커뮤니티가 바로앞",25.07.09,"['15년이내', '대형평수', '방네개이상', '화장실두개']",남향,16461979.616227342
경기도,용인시 기흥구,중동,신동백롯데캐슬에코2단지,매매,204동,저/36,660000000,150.61,OWNER,추천 급매물.  양창구조라 채광 좋고  정원조망 뷰 예뻐요. 바닥도 깨끗,25.07.07,"['15년이내', '마당', '급매', '대형평수']",남향,14486542.062280059
경기도,용인시 기흥구,중동,신동백롯데캐슬에코2단지,매매,205동,고/29,700000000,150.61,OWNER,남향. 채광 우수하고 따뜻. 확트인 석성산 조망. 로얄층. 입주 협의.,25.07.04,"['15년이내', '대형평수', '방네개이상', '화장실두개']",남향,15364514.30847885
경기도,용인시 기흥구,중동,신동백롯데캐슬에코2단지,매매,204동,저/36,740000000,150.61,OWNER,,25.06.27,"['15년이내', '대형평수', '방네개이상', '화장실두개']",남서향,16242486.554677643
경기도,용인시 기흥구,중동,신동백롯데캐슬에코2단지,매매,205동,중/29,740000000,150.61,OWNER,"감각적인 인테리어, 석성산이 거실에 쏙, 관리최상, 입주일여유있음",25.06.24,"['15년이내', '대형평수', '방네개이상', '화장실두개']",남서향,16242486.554677643
경기도,용인시 기흥구,중동,신동백롯데캐슬에코2단지,전세,204동,고/36,400000000,150.61,NONE,전망좋은집,25.07.10,"['15년이내', '대형평수', '방네개이상', '화장실두개']",남서향,8779722.461987916
경기도,용인시 기흥구,중동,신동백롯데캐슬에코2단지,매매,204동,7/36,730000000,150.29,OWNER,주인거주로 관리잘된집 정원조망이 이쁜집 선호하는 타입으로 생활권편리한동,25.07.10,"['15년이내', '마당', '대형평수', '방네개이상']",남서향,16057109.920819752
경기도,용인시 기흥구,중동,신동백롯데캐슬에코2단지,매매,204동,고/36,740000000,150.29,OWNER,판상형A타입 2단지남향고층최고뷰 소유주거주깨끗 빠른입주가능,25.07.10,"['15년이내', '대형평수', '방네개이상', '화장실두개']",남향,16277070.330693994
경기도,용인시 기흥구,중동,신동백롯데캐슬에코2단지,매매,205동,저/29,690000000,150.29,OWNER,"방4 ,넓은 드레스룸,다용도실 보유,샘물초,중,고,세브란스병원,전화대환영",25.07.07,"['15년이내', '대형평수', '방네개이상', '화장실두개']",남서향,15177268.281322777
경기도,용인시 기흥구,중동,신동백롯데캐슬에코2단지,매매,205동,저/29,700000000,150.29,OWNER,"인기판상형구조, 예쁜 정원뷰, 채광조망굿, 커뮤니티상가바로 앞, 주차편리",25.07.07,"['15년이내', '대형평수', '방네개이상', '화장실두개']",남서향,15397228.69119702
경기도,용인시 기흥구,중동,신동백롯데캐슬에코2단지,매매,204동,중/36,700000000,150.29,OWNER,추천 매물. 로얄동. 최선호 판상구조. 탁트인 고층뷰. 주인 거주,25.07.04,"['15년이내', '대형평수', '방네개이상', '화장실두개']",남서향,15397228.69119702
경기도,용인시 기흥구,중동,신동백롯데캐슬에코2단지,매매,205동,고/29,720000000,150.29,OWNER,최고 구조의 A타입. 넓은 드레스룸. 전세5억 끼고.  마루 교체된 상태,25.06.30,"['15년이내', '대형평수', '방네개이상', '화장실두개']",남서향,15837149.510945506
경기도,용인시 기흥구,중동,신동백롯데캐슬에코2단지,매매,204동,저/36,700000000,150.29,OWNER,"전세 안고 매매, 전망 좋고 잘 나온 판상형.",25.06.23,"['15년이내', '대형평수', '방네개이상', '화장실두개']",남서향,15397228.69119702
경기도,용인시 기흥구,중동,신동백롯데캐슬에코2단지,매매,202동,3/21,620000000,130.67,OWNER,"판상형 인기타입,채광 환기 굿, 넓은 다용도실,전망좋은 저층",25.07.16,"['15년이내', '방네개이상', '화장실두개', '세대당1대']",남서향,15685212.367031455
경기도,용인시 기흥구,중동,신동백롯데캐슬에코2단지,매매,209동,고/27,630000000,130.67,OWNER,,25.07.21,"['15년이내', '방네개이상', '화장실두개', '고층']",남동향,15938199.663273899
경기도,용인시 기흥구,중동,신동백롯데캐슬에코2단지,매매,207동,14/26,650000000,130.67,OWNER,"관리잘된 주인거주매물, 풀옵션,커뮤니티시설최상,전망좋은 밝고 환한집",25.07.12,"['15년이내', '방네개이상', '화장실두개', '중층']",남동향,16444174.255758783
경기도,용인시 기흥구,중동,신동백롯데캐슬에코2단지,매매,209동,고/27,650000000,130.67,OWNER,부분 인테리어가 된 집이에요,25.07.17,"['15년이내', '방세개', '화장실두개', '고층']",남동향,16444174.255758783
경기도,용인시 기흥구,중동,신동백롯데캐슬에코2단지,매매,207동,저/26,610000000,130.67,OWNER,"구조최고판상형, 시원한조망, 내부상태 굿, 강화마루, 광역버스 이용 편리",25.07.11,"['15년이내', '방세개', '화장실두개', '세대당1대']",남동향,15432225.070789013
경기도,용인시 기흥구,중동,신동백롯데캐슬에코2단지,매매,209동,중/27,610000000,130.67,DOC,전세 안고. 보조주방 있는 선호타입. 26년 11월 만기. 인테리어 됨.,25.06.23,"['15년이내', '방네개이상', '화장실두개', '중층']",남동향,15432225.070789013
경기도,용인시 기흥구,중동,신동백롯데캐슬에코2단지,매매,206동,11/22,630000000,130.58,NDOC1,확장형 주방수리 컨디션좋음 ,25.07.17,"['15년이내', '주방교체', '방네개이상', '화장실두개']",남향,15949184.790932762
경기도,용인시 기흥구,중동,신동백롯데캐슬에코2단지,월세,209동,중/27,1억/153,130.58,OWNER,"깨끗,버스정류장 상가시설 용이,빠른입주도 가능",25.07.21,"['15년이내', '방네개이상', '화장실두개', '중층']",남서향,
경기도,용인시 기흥구,중동,신동백롯데캐슬에코2단지,매매,208동,13/25,650000000,130.58,OWNER,"추천 매물, 전망 좋고 리모델링하여 매우 깔끔, 입주협의.",25.07.14,"['15년이내', '방네개이상', '화장실두개', '중층']",남서향,16455508.11762904
경기도,용인시 기흥구,중동,신동백롯데캐슬에코2단지,매매,201동,저/21,620000000,130.58,OWNER,초록빛 자연의 향연. 편리한 커뮤니티,25.07.17,"['15년이내', '방네개이상', '화장실두개', '세대당1대']",남동향,15696023.127584621
경기도,용인시 기흥구,중동,신동백롯데캐슬에코2단지,매매,206동,21/22,630000000,130.58,OWNER,"커뮤니티근접동,생활편리,세안고 매수추천,고층 조망,채광 굿,조정가",25.07.11,"['15년이내', '방네개이상', '화장실두개', '고층']",남동향,15949184.790932762
경기도,용인시 기흥구,중동,신동백롯데캐슬에코2단지,매매,206동,고/22,670000000,130.58,OWNER,"최고의 전망, 석성산조망, 상태굿, 주차편리한 입구동, 세안고매매",25.07.16,"['15년이내', '방네개이상', '화장실두개', '고층']",남동향,16961831.444325317
경기도,용인시 기흥구,중동,신동백롯데캐슬에코2단지,매매,209동,저/27,630000000,130.58,OWNER,"아름다운전망, 관리굿, 광역버스이용 편리,쾌적하고 아름다운 단지",25.07.15,"['15년이내', '방네개이상', '화장실두개', '세대당1대']",남서향,15949184.790932762
경기도,용인시 기흥구,중동,신동백롯데캐슬에코2단지,매매,207동,저/26,660000000,130.58,OWNER,"화이트 리모델링, 전망좋은 중층같은 저층, 출입구 앞동이라 편해요",25.07.10,"['15년이내', '방네개이상', '화장실두개', '세대당1대']",남서향,16708669.780977178
경기도,용인시 기흥구,중동,신동백롯데캐슬에코2단지,매매,203동,저/30,630000000,130.58,OWNER,"방4 판상형, 채광 전망 굿, 입주협의.",25.06.26,"['15년이내', '방네개이상', '화장실두개', '세대당1대']",남동향,15949184.790932762
경기도,용인시 기흥구,중동,신동백롯데캐슬에코2단지,월세,208동,고/25,"2억 5,000/100",112.46,OWNER,34B타입. 부분수리. 수납장추가. 인덕션.식세기교체. 협의가능,25.07.21,"['15년이내', '방세개', '화장실두개', '고층']",남동향,
경기도,용인시 기흥구,중동,신동백롯데캐슬에코2단지,매매,208동,중/25,590000000,112.46,OWNER,,25.07.21,"['15년이내', '방세개', '화장실두개', '중층']",남서향,17343172.23901832
경기도,용인시 기흥구,중동,신동백롯데캐슬에코2단지,매매,202동,저/21,570000000,112.46,OWNER,자연속에 사는 싱그러움이 가득한 집입니다.,25.07.21,"['15년이내', '방세개', '화장실두개', '세대당1대']",남서향,16755268.095322784
경기도,용인시 기흥구,중동,신동백롯데캐슬에코2단지,매매,206동,중/22,615000000,112.46,OWNER,"양창으로 채광최고, 관리굿, 주차공간넓고편리, 커뮤니티바로앞, 금액협의",25.07.18,"['15년이내', '방세개', '화장실두개', '중층']",남향,18078052.41863774
경기도,용인시 기흥구,중동,신동백롯데캐슬에코2단지,매매,206동,중/22,620000000,112.46,OWNER,폭포조망이 이쁘고 채광좋은집 커뮤니티가까운동 주차편리한동,25.07.18,"['15년이내', '방세개', '화장실두개', '중층']",남서향,18225028.454561625
경기도,용인시 기흥구,중동,신동백롯데캐슬에코2단지,매매,206동,저/22,580000000,112.46,OWNER,"짧은 전세 안고 매매, 아이들 키우기 좋은 집, 잔잔한 녹지 조망.",25.07.17,"['15년이내', '방세개', '화장실두개', '세대당1대']",남향,17049220.16717055
경기도,용인시 기흥구,중동,신동백롯데캐슬에코2단지,전세,201동,저/21,430000000,112.46,OWNER,"양창형으로 채광 우수, 초록뷰, 깔끔, 입주협의.",25.07.14,"['15년이내', '융자금없는', '방세개', '화장실두개']",남향,12639939.08945403
경기도,용인시 기흥구,중동,신동백롯데캐슬에코2단지,매매,207동,고/26,580000000,112.46,OWNER,"갭투추천, 새도배 , 매우깨끗, 채광좋아 밝은집, 탁트인시원한뷰,광역버스",25.07.11,"['15년이내', '방세개', '화장실두개', '고층']",남향,17049220.16717055
경기도,용인시 기흥구,중동,신동백롯데캐슬에코2단지,매매,203동,중/30,610000000,112.46,OWNER,로얄라인 양창형넓은거실 막힘없이 시원하게고층전망  어정중 편의시설근접,25.07.03,"['15년이내', '방세개', '화장실두개', '중층']",남동향,17931076.382713858
경기도,용인시 기흥구,중동,신동백롯데캐슬에코2단지,매매,207동,저/26,560000000,112.17,OWNER,강추. 방4. 채광좋은 양창형 구조. 예쁜 정원 조망. 입주일 협의 가능,25.07.21,"['15년이내', '마당', '방네개이상', '화장실두개']",남서향,16503874.47624142
경기도,용인시 기흥구,중동,신동백롯데캐슬에코2단지,매매,203동,저/30,585000000,112.17,OWNER,초록뷰가 넘 예쁜 관리 아주 잘된 집.  단풍나무 감나무 감상 뷰.,25.07.18,"['15년이내', '방네개이상', '화장실두개', '세대당1대']",남동향,17240654.58678791
경기도,용인시 기흥구,중동,신동백롯데캐슬에코2단지,매매,207동,중/26,600000000,112.17,OWNER,"양창형 멋진뷰, 넓고환한 거실,화이트톤주방,방3, 세안고",25.07.18,"['15년이내', '방세개', '화장실두개', '중층']",남서향,17682722.65311581
경기도,용인시 기흥구,중동,신동백롯데캐슬에코2단지,매매,203동,중/30,620000000,112.17,OWNER,"트인조망 굿, 방4개, 중문, 관리잘된 집, 전망 좋은집, 주차편리한동",25.07.15,"['15년이내', '방네개이상', '화장실두개', '중층']",남동향,18272146.741553
경기도,용인시 기흥구,중동,신동백롯데캐슬에코2단지,전세,203동,고/30,450000000,112.17,OWNER,양방향넓은거실 최고의 파노라마뷰 방3 도배 시트 LED등 화이트톤,25.07.04,"['15년이내', '방세개', '화장실두개', '고층']",동향,13262041.989836855
경기도,용인시 기흥구,중동,신동백롯데캐슬에코2단지,매매,206동,19/22,620000000,112.17,OWNER,"올수리,자외선필름,환기구교체, 해 잘들고 전망 좋은 집",25.06.24,"['15년이내', '올수리', '방세개', '화장실두개']",남동향,18272146.741553
경기도,용인시 기흥구,중동,신동백서해그랑블1차,매매,103동,12/19,600000000,142.31,OWNER,남향 방4 욕실2 붙박이장 즉시입주 전세4억8천,25.07.19,"['15년이내', '대형평수', '방네개이상', '화장실두개']",남향,13937678.307919333
경기도,용인시 기흥구,중동,신동백서해그랑블1차,매매,105동,4/22,590000000,142.31,OWNER,"강추, 수납 공간 풍부하고, 판상형 구조 넓게 잘나옴. 안정적인 조망.",25.07.04,"['15년이내', '대형평수', '방네개이상', '화장실두개']",남동향,13705383.66945401
경기도,용인시 기흥구,중동,신동백서해그랑블1차,매매,103동,고/19,700000000,142.31,OWNER,"정남향. 로얄층. 구조 넓게 잘 나왔고, 수납공간 풍부. 멋진 조망.",25.07.04,"['15년이내', '대형평수', '방네개이상', '화장실두개']",남향,16260624.692572553
경기도,용인시 기흥구,중동,신동백서해그랑블1차,매매,102동,15/18,520000000,110.81,OWNER,"세안고 갭1.3억,  인기 판상형구조,  깨끗, 채광조망 매우 좋은 집",25.07.17,"['15년이내', '방세개', '화장실두개', '고층']",남향,15513114.339861022
경기도,용인시 기흥구,중동,신동백서해그랑블1차,매매,101동,2/15,490000000,110.81,OWNER,아주깨끗 환하고 트인조망 최근 주방 욕실 리모델링 넓은펜트리 피로티2층,25.07.17,"['15년이내', '필로티', '방세개', '화장실두개']",남서향,14618126.974099811
경기도,용인시 기흥구,중동,신동백서해그랑블1차,매매,102동,중/18,550000000,110.81,OWNER,주인 거주. 정남향. 펜트리 공간. 판상형 선호타입. 예쁜 숲조망.,25.07.14,"['15년이내', '방세개', '화장실두개', '중층']",남향,16408101.705622237
경기도,용인시 기흥구,중동,신동백서해그랑블1차,매매,101동,고/15,550000000,110.81,OWNER,"주인 거주, 판상형, 개방감 있고, 해 잘 들어서 따뜻. 입주일 협의.",25.07.04,"['15년이내', '방세개', '화장실두개', '고층']",남서향,16408101.705622237
경기도,용인시 기흥구,중동,신동백서해그랑블1차,매매,104동,고/22,550000000,110.81,OWNER,"최근 한샘으로 올리모델링, 내부상태최상, 로얄층, 최고의 석성산뷰",25.06.27,"['15년이내', '방세개', '화장실두개', '고층']",남향,16408101.705622237
경기도,용인시 기흥구,중동,신동백서해그랑블1차,매매,102동,저/18,530000000,110.81,OWNER,"깨끗,주인거주중,정상입주",25.06.25,"['15년이내', '방세개', '화장실두개', '세대당 1.5대이상']",남동향,15811443.461781427
경기도,용인시 기흥구,중동,신동백서해그랑블1차,매매,101동,9/15,500000000,110.8,OWNER,남향 올확장 채광좋은집 엘베연결 학군 교통편리,25.07.19,"['15년이내', '방세개', '화장실두개', '중층']",남향,14917802.346570399
경기도,용인시 기흥구,중동,신동백서해그랑블1차,매매,101동,2/15,500000000,110.8,OWNER,초급매. 잘관리된집. 층간소음 걱정 없음. 넉넉한 수납 공간. 입주 협의,25.07.18,"['15년이내', '급매', '필로티', '방세개']",남향,14917802.346570399
경기도,용인시 기흥구,중동,신동백서해그랑블1차,매매,102동,5/18,490000000,110.8,OWNER,"강추, 산뷰, 전세 안고. 채광 좋음, 개방감있고, 구조 넓게 잘빠짐",25.06.30,"['15년이내', '방세개', '화장실두개', '세대당 1.5대이상']",남향,14619446.29963899
경기도,용인시 기흥구,중동,신동백서해그랑블1차,매매,101동,중/15,510000000,110.8,OWNER,강추. 남향. 로얄층. 개방감 있고 종일 밝은 집. 11월 입주 협의,25.06.24,"['15년이내', '방세개', '화장실두개', '중층']",남향,15216158.393501807
경기도,용인시 기흥구,중동,신동백서해그랑블2차,매매,205동,1/20,635000000,147.74,NDOC1,올확장 정원뷰 주택과 아파트의 장점만을 누려보세요,25.07.21,"['15년이내', '1층', '대형평수', '방네개이상']",남향,14208565.55435224
경기도,용인시 기흥구,중동,신동백서해그랑블2차,매매,202동,20/20,700000000,147.74,OWNER,로얄동 탑층 시스템에어컨 5대 층고가 높아 개방감있음,25.07.19,"['15년이내', '대형평수', '탑층', '방네개이상']",남향,15662985.650467036
경기도,용인시 기흥구,중동,신동백서해그랑블2차,매매,205동,14/20,750000000,147.74,OWNER,로얄동 로얄층,25.07.19,"['15년이내', '대형평수', '방네개이상', '화장실두개']",남향,16781770.339786112
경기도,용인시 기흥구,중동,신동백서해그랑블2차,전세,205동,6/20,500000000,147.74,NDOC1,"상가이용 편리함,어정초 정문 앞에 있으며 어정중 인근에 있음,상태굿",25.07.18,"['15년이내', '대형평수', '방네개이상', '화장실두개']",남향,11187846.89319074
경기도,용인시 기흥구,중동,신동백서해그랑블2차,매매,202동,15/20,750000000,147.74,MOBL,"44,주인확인.입주협의",25.07.17,"['15년이내', '대형평수', '방네개이상', '화장실두개']",남향,16781770.339786112
경기도,용인시 기흥구,중동,신동백서해그랑블2차,매매,202동,6/20,710000000,147.74,OWNER,정남향 초등학교 앞 화이트깔끔한 인테리어,25.07.17,"['15년이내', '대형평수', '방네개이상', '화장실두개']",남향,15886742.58833085
경기도,용인시 기흥구,중동,신동백서해그랑블2차,매매,205동,1/20,750000000,147.74,OWNER,올리모델링. 시에2. 빌트인냉장고. 내아이를 위한 귀한1층.넓고 편한집,25.07.11,"['15년이내', '1층', '대형평수', '방네개이상']",남향,16781770.339786112
경기도,용인시 기흥구,중동,신동백서해그랑블2차,매매,202동,중/20,710000000,147.74,OWNER,시원한 호수뷰. 맨앞동. 정남향.  주인거주. 4베이구조,25.07.11,"['15년이내', '대형평수', '방네개이상', '화장실두개']",남향,15886742.58833085
경기도,용인시 기흥구,중동,신동백서해그랑블2차,매매,202동,고/20,760000000,147.74,OWNER,탁트인뷰. 맨앞동. 정남향. 넓은 거실. 분리세대로 이용가능,25.07.11,"['15년이내', '대형평수', '방네개이상', '화장실두개']",남향,17005527.277649928
경기도,용인시 기흥구,중동,신동백서해그랑블2차,매매,205동,3/20,735000000,147.74,OWNER,화이트톤인테리어.  단지  정원뷰. 정남향. 주인거주. 상태최상,25.07.04,"['15년이내', '대형평수', '방네개이상', '화장실두개']",남향,16446134.932990387
경기도,용인시 기흥구,중동,신동백서해그랑블2차,월세,202동,고/20,"1,000/60",147.74,OWNER,분리세대원룸만 임대,25.07.01,"['15년이내', '대형평수', '방네개이상', '화장실두개']",남향,
경기도,용인시 기흥구,중동,신동백서해그랑블2차,매매,202동,중/20,710000000,147.74,OWNER,,25.07.01,"['15년이내', '대형평수', '방네개이상', '화장실두개']",남향,15886742.58833085
경기도,용인시 기흥구,중동,신동백서해그랑블2차,매매,205동,중/20,780000000,147.74,OWNER,"화이트톤. 주방,욕실교체. LED등. 정남향. 주인거주",25.06.30,"['15년이내', '대형평수', '방네개이상', '화장실두개']",남향,17453041.153377555
경기도,용인시 기흥구,중동,신동백서해그랑블2차,전세,205동,저/20,420000000,147.74,DOC,정원뷰.  정남향. 분리세대. 착한전세.,25.07.08,"['15년이내', '대형평수', '방네개이상', '화장실두개']",남향,9397791.390280223
경기도,용인시 기흥구,중동,신동백서해그랑블2차,매매,202동,중/20,710000000,147.74,OWNER,탁트인 시원한 호수뷰. 정남향. 맨앞동.,25.06.26,"['15년이내', '대형평수', '방네개이상', '화장실두개']",남향,15886742.58833085
경기도,용인시 기흥구,중동,신동백서해그랑블2차,매매,205동,저/20,750000000,147.74,OWNER,조망좋고 깨끗하게관리  단지앞 초등학교,25.06.23,"['15년이내', '대형평수', '방네개이상', '화장실두개']",남향,16781770.339786112
경기도,용인시 기흥구,중동,신동백서해그랑블2차,매매,205동,저/20,670000000,147.74,OWNER,입주가능 확장형 남향 단지조망굿 깨끗,25.06.23,"['15년이내', '대형평수', '방네개이상', '화장실두개']",남향,14991714.836875591
경기도,용인시 기흥구,중동,신동백서해그랑블2차,전세,207동,17/20,430000000,111.7,OWNER,즉시입주가능 확트인뷰 양창 깨끗함,25.07.19,"['15년이내', '방세개', '화장실두개', '고층']",남서향,12725940.465532677
경기도,용인시 기흥구,중동,신동백서해그랑블2차,매매,207동,2/20,540000000,111.7,OWNER,일조량좋은저층. 양창형. 필로티.,25.07.16,"['15년이내', '필로티', '방세개', '화장실두개']",남서향,15981413.607878247
경기도,용인시 기흥구,중동,신동백서해그랑블2차,매매,207동,중/20,600000000,111.7,OWNER,시에2. 실링팬. 붙박이. LED. 집상태최고. 부출입구동. 커뮤니티연결,25.07.19,"['15년이내', '방세개', '화장실두개', '중층']",남서향,17757126.23097583
경기도,용인시 기흥구,중동,신동백서해그랑블2차,매매,209동,1/20,550000000,111.7,OWNER,양창형개방감좋음정원뷰 관리상태최상 층간소음걱정없음,25.07.11,"['15년이내', '1층', '방세개', '화장실두개']",남향,16277365.711727843
경기도,용인시 기흥구,중동,신동백서해그랑블2차,매매,207동,고/20,600000000,111.7,OWNER,커뮤니티연결동. 부출입구동. 일조량 최고. 시원한 뷰. 주인거주,25.07.17,"['15년이내', '방세개', '화장실두개', '고층']",남서향,17757126.23097583
경기도,용인시 기흥구,중동,신동백서해그랑블2차,전세,207동,중/20,450000000,111.7,NDOC1,"안방붙박이장,시에2,실링팬,LED등,집 상태 최고,조망굿",25.07.17,"['15년이내', '융자금없는', '방세개', '화장실두개']",남서향,13317844.673231872
경기도,용인시 기흥구,중동,신동백서해그랑블2차,매매,209동,중/20,555000000,111.7,OWNER,양창구조 확트인 산뷰 조용하고 깨끗함,25.07.17,"['15년이내', '방세개', '화장실두개', '중층']",남향,16425341.763652643
경기도,용인시 기흥구,중동,신동백서해그랑블2차,매매,208동,중/20,580000000,111.7,OWNER,조용하고 예쁜 산뷰 조망나오며 깨끗하고 밝은집,25.07.17,"['15년이내', '복층', '방세개', '화장실두개']",남서향,17165222.023276635
경기도,용인시 기흥구,중동,신동백서해그랑블2차,매매,209동,저/20,560000000,111.7,OWNER,양창형의밝은집.상태깨끗.LED등교체. 일조량. 공원뷰. 숲세권,25.07.16,"['15년이내', '방세개', '화장실두개', '세대당1대']",남향,16573317.81557744
경기도,용인시 기흥구,중동,신동백서해그랑블2차,매매,206동,고/20,600000000,111.7,OWNER,양창형으로 조망좋고 밝은집 입구동으로 생활권 좋은 집입니다,25.07.15,"['15년이내', '방세개', '화장실두개', '고층']",남서향,17757126.23097583
경기도,용인시 기흥구,중동,신동백서해그랑블2차,매매,201동,1/20,600000000,111.7,NDOC1,주인거주 부분인테이어 시트지교체 필로티 있는 3층높이 어정초 정문앞,25.07.08,"['15년이내', '1층', '방세개', '화장실두개']",남향,17757126.23097583
경기도,용인시 기흥구,중동,신동백서해그랑블2차,매매,208동,중/20,600000000,111.7,OWNER,전세안고 매매 확트인 산뷰  깨끗하고 깔끔함,25.07.07,"['15년이내', '방세개', '화장실두개', '중층']",남동향,17757126.23097583
경기도,용인시 기흥구,중동,신동백서해그랑블2차,매매,201동,고/20,620000000,111.7,OWNER,시원한뷰.탑층. 최고로얄동로얄층. 전세안고갭투추천,25.07.03,"['15년이내', '방세개', '화장실두개', '고층']",남서향,18349030.438675024
경기도,용인시 기흥구,중동,신동백서해그랑블2차,매매,206동,15/20,590000000,111.7,OWNER,입구동. 공원뷰예쁜집. 주인거주. 관리잘됨,25.06.26,"['15년이내', '방세개', '화장실두개', '고층']",남서향,17461174.12712623
경기도,용인시 기흥구,중동,신동백서해그랑블2차,매매,207동,6/20,620000000,110.95,OWNER,"특올수리,화이트톤인테리어,주인거주,입주협의,커뮤니티센터연결동",25.07.20,"['15년이내', '올수리', '방세개', '화장실두개']",남서향,18473066.246056784
경기도,용인시 기흥구,중동,신동백서해그랑블2차,매매,210동,8/20,565000000,110.95,OWNER,시스템에어컨 4대 남동향 조용한동 탁트인뷰 주인거주,25.07.19,"['15년이내', '방세개', '화장실두개', '중층']",남동향,16834326.498422712
경기도,용인시 기흥구,중동,신동백서해그랑블2차,매매,208동,3/20,550000000,110.95,OWNER,인테리어 상태깨끗 주인거주,25.07.19,"['15년이내', '방세개', '화장실두개', '세대당1대']",남서향,16387397.476340696
경기도,용인시 기흥구,중동,신동백서해그랑블2차,매매,206동,3/20,560000000,110.95,OWNER,6층높이  시에 2대 조망 나오며 일조량 풍부하고 깨끗함,25.07.17,"['15년이내', '방세개', '화장실두개', '세대당1대']",남동향,16685350.157728706
경기도,용인시 기흥구,중동,신동백서해그랑블2차,매매,208동,고/20,600000000,110.95,OWNER,"LED등, 중문 설치. 개방감 있고 산 조망 아주 좋음. 깔끔하게 관리.",25.07.21,"['15년이내', '방세개', '화장실두개', '고층']",남서향,17877160.883280758
경기도,용인시 기흥구,중동,신동백서해그랑블2차,매매,204동,6/20,600000000,110.95,OWNER,입구동 확장 붙박이장 친환경벽지 욕실타일교체 LED,25.07.14,"['15년이내', '방세개', '화장실두개', '세대당1대']",남동향,17877160.883280758
경기도,용인시 기흥구,중동,신동백서해그랑블2차,매매,206동,20/20,590000000,110.95,NDOC1,확트인 탑층 어정역 광역버스 이용용이 호수공원 이마트인근 초중학교근접,25.07.14,"['15년이내', '탑층', '방세개', '화장실두개']",남서향,17579208.201892745
경기도,용인시 기흥구,중동,신동백서해그랑블2차,매매,203동,중/20,570000000,110.95,OWNER,탁트인호수뷰. 전세안고갭투추천. 판상형. 입구동. 시에4,25.07.19,"['15년이내', '방세개', '화장실두개', '중층']",남동향,16983302.83911672
경기도,용인시 기흥구,중동,신동백서해그랑블2차,매매,208동,7/20,590000000,110.95,OWNER,"확트인뷰,채광굿,탄성코트,LED등,집상태깨끗,어정초,중인접,입주협의",25.07.12,"['15년이내', '방세개', '화장실두개', '중층']",남서향,17579208.201892745
경기도,용인시 기흥구,중동,신동백서해그랑블2차,매매,210동,3/20,540000000,110.95,DOC,내 집 정원 같은 뷰가 일품.  상태완전깨끗. 판상형. 5층높이의 3층.,25.07.16,"['15년이내', '마당', '방세개', '화장실두개']",남동향,16089444.794952681
경기도,용인시 기흥구,중동,신동백서해그랑블2차,매매,207동,고/20,600000000,110.95,OWNER,환상적인 뻥뷰.  판상형. 집상태깨끗. 빠른입주가능,25.07.11,"['15년이내', '방세개', '화장실두개', '고층']",남서향,17877160.883280758
경기도,용인시 기흥구,중동,신동백서해그랑블2차,매매,201동,10/20,580000000,110.95,OWNER,공원뷰. 올확올인테리어. 입구동. 어정초 바로앞.전세안고,25.07.04,"['15년이내', '방세개', '화장실두개', '중층']",서향,17281255.52050473
경기도,용인시 기흥구,중동,신동백서해그랑블2차,매매,201동,7/20,580000000,110.95,OWNER,입구동 생활편리  예쁜정원뷰 조용하고 깨끗함,25.07.02,"['15년이내', '방세개', '화장실두개', '중층']",서향,17281255.52050473
경기도,용인시 기흥구,중동,신동백서해그랑블2차,매매,201동,고/20,595000000,110.95,OWNER,"탁트인뷰 깨끗하고 밝음 어정역,초등학교앞 생활편리",25.07.07,"['15년이내', '방세개', '화장실두개', '고층']",서향,17728184.54258675
경기도,용인시 기흥구,중동,신동백서해그랑블2차,전세,208동,고/20,420000000,110.95,OWNER,탁트인시원한뷰. 주인거주. 일조량. 넓은베란다. 수납좋음,25.07.07,"['15년이내', '방세개', '화장실두개', '고층']",남서향,12514012.61829653
경기도,용인시 기흥구,중동,신동백서해그랑블2차,매매,210동,중/20,570000000,110.95,DOC,시원한트인뷰. 도배. LED. 단열작업. 전세안고.,25.07.17,"['15년이내', '방세개', '화장실두개', '중층']",남동향,16983302.83911672
경기도,용인시 기흥구,중동,신동백서해그랑블2차,매매,207동,5/20,560000000,110.95,OWNER,뷰 좋고 채광 우수하고 컨디션 좋은 아파트,25.06.30,"['15년이내', '화장실두개', '방세개', '세대당1대']",남서향,16685350.157728706
경기도,용인시 기흥구,중동,신동백서해그랑블2차,매매,201동,중/20,580000000,110.95,OWNER,맨앞동.  시원한공원뷰. 판상형. 일조량.,25.07.05,"['15년이내', '방세개', '화장실두개', '중층']",서향,17281255.52050473
경기도,용인시 기흥구,중동,신동백서해그랑블2차,매매,206동,8/20,600000000,110.95,NDOC1,"주출입구,상가 이용 편리함,깨끗함,어정초 바로앞,전세안고",25.06.27,"['15년이내', '방세개', '화장실두개', '중층']",남동향,17877160.883280758
경기도,용인시 기흥구,중동,신동백서해그랑블2차,전세,207동,고/20,420000000,110.95,OWNER,환상적인 뻥뷰.  판상형. 집상태깨끗. 빠른입주가능,25.07.03,"['15년이내', '방세개', '화장실두개', '고층']",남서향,12514012.61829653
경기도,용인시 기흥구,중동,신동백서해그랑블2차,매매,206동,중/20,540000000,110.95,OWNER,전세안고 매매. 비확장. 고층뷰. 입구동,25.07.03,"['15년이내', '방세개', '화장실두개', '중층']",남동향,16089444.794952681
경기도,용인시 기흥구,중동,신동백서해그랑블2차,매매,207동,5/20,560000000,110.95,NONE,뷰 좋고 채광 우수하고 관리 잘된 아파트 ,25.07.14,"['15년이내', '방세개', '화장실두개', '세대당1대']",남서향,16685350.157728706
경기도,용인시 기흥구,중동,신동백서해그랑블2차,매매,208동,7/20,590000000,110.95,NONE,올확장 확틔인산뷰굿 주인거주 깨끗하게 관리잘된집 ,25.07.08,"['15년이내', '방세개', '화장실두개', '중층']",남서향,17579208.201892745
경기도,용인시 기흥구,중동,신동백서해그랑블2차,매매,209동,6/20,550000000,110.54,DOC,"조용하고 공원 조망 최고,펜트리있음,빠른입주가",25.07.17,"['15년이내', '방세개', '화장실두개', '세대당1대']",남서향,16448179.392075267
경기도,용인시 기흥구,중동,신동백서해그랑블2차,매매,207동,중/20,580000000,110.54,OWNER,인기타입. 넓은 펜트리.커뮤니티연결동. 주방만 비확장으로 수납공간 짱짱함,25.07.08,"['15년이내', '방세개', '화장실두개', '중층']",남동향,17345352.813461192
경기도,용인시 기흥구,중동,신동백서해그랑블2차,매매,209동,중/20,570000000,110.54,OWNER,예쁜 산뷰. 세대단독사용복도. 인기타입. 펜트리,25.07.04,"['15년이내', '방세개', '화장실두개', '중층']",남서향,17046295.006332546
경기도,용인시 기흥구,중동,신동백서해그랑블2차,매매,209동,6/20,550000000,110.54,NONE,공실 확장 공원뷰 넓은펜트리 즉시 입주가능,25.07.15,"['15년이내', '방세개', '화장실두개', '세대당1대']",남향,16448179.392075267
경기도,용인시 기흥구,중동,신동백아이파크,매매,103동,4/15,850000000,184.54,OWNER,,25.07.17,"['25년이내', '역세권', '대형평수', '방네개이상']",남서향,15226602.633575378
경기도,용인시 기흥구,중동,신동백아이파크,매매,103동,고/15,950000000,184.54,NDOC1,"어정역세권,탁트인 시원한 조망굿,일조량 풍부한 남향,방4",25.06.27,"['25년이내', '역세권', '대형평수', '방네개이상']",남향,17017967.64929013
경기도,용인시 기흥구,중동,신동백아이파크,매매,103동,중/15,900000000,184.54,NDOC1,"전면동,트인 조망 좋으며 화이트톤으로 전체 리모델링 되어 매우 깨끗함",25.06.26,"['25년이내', '역세권', '대형평수', '방네개이상']",남향,16122285.141432755
경기도,용인시 기흥구,중동,신동백아이파크,매매,104동,3/15,680000000,160.56,OWNER,"확트인 뷰, 남향, 화이트로 올수리, 가장 선호하는 동",25.07.21,"['25년이내', '올수리', '역세권', '대형평수']",남향,14000584.205281515
경기도,용인시 기흥구,중동,신동백아이파크,매매,104동,11/15,680000000,160.56,OWNER,"실입주 가능, 막힘없는 뻥뷰",25.07.21,"['25년이내', '역세권', '대형평수', '방네개이상']",남향,14000584.205281515
경기도,용인시 기흥구,중동,신동백아이파크,매매,105동,11/15,700000000,160.56,OWNER,확장형 남향 집주인거주,25.07.19,"['25년이내', '대형평수', '방네개이상', '화장실두개']",남향,14412366.093672149
경기도,용인시 기흥구,중동,신동백아이파크,월세,105동,중/15,3억/80,160.56,OWNER,남향으로 일조량 좋은집 도배 해줌  협의 입주 가능합니다,25.07.21,"['25년이내', '대형평수', '방네개이상', '화장실두개']",남향,
경기도,용인시 기흥구,중동,신동백아이파크,매매,106동,중/15,640000000,160.56,OWNER,올확장.  옵션좋은 집.  갭투추천.  정남향. 편한주차.,25.07.16,"['25년이내', '대형평수', '방네개이상', '화장실두개']",남향,13177020.428500248
경기도,용인시 기흥구,중동,신동백아이파크,매매,105동,저/15,600000000,160.56,OWNER,확장형 매우 깨끗한 남향집 단지공원조망 협의입주 가능,25.07.15,"['25년이내', '대형평수', '방네개이상', '화장실두개']",남향,12353456.651718985
경기도,용인시 기흥구,중동,신동백아이파크,매매,104동,10/15,670000000,160.56,NDOC1,"전면동,확트인 전망굿,일조량 풍부함,어정초,중교 도보가능",25.07.08,"['25년이내', '역세권', '대형평수', '방네개이상']",남향,13794693.2610862
경기도,용인시 기흥구,중동,신동백아이파크,매매,106동,5/15,580000000,160.56,OWNER,단지 공원뷰 깨끗함 남향으로 일조량 풍부  협의 입주 가능,25.07.07,"['25년이내', '대형평수', '방네개이상', '화장실두개']",남향,11941674.763328351
경기도,용인시 기흥구,중동,신동백아이파크,매매,104동,11/15,700000000,160.56,OWNER,로얄동로얄층. 남향. 주차좋은단지. 트인뷰. 주인거주. 시원한뷰,25.07.01,"['25년이내', '역세권', '대형평수', '방네개이상']",남향,14412366.093672149
경기도,용인시 기흥구,중동,신동백아이파크,매매,105동,1/15,580000000,160.56,OWNER,사생활보호되는 높은 1층 단지공원 조망 매우 깨끗함 일조량 굿,25.07.01,"['25년이내', '1층', '대형평수', '방네개이상']",남향,11941674.763328351
경기도,용인시 기흥구,중동,신동백아이파크,매매,106동,11/15,700000000,160.56,OWNER,올확장. 완전깨끗. 넓고 환한 집. 주차환경 최고,25.06.26,"['25년이내', '대형평수', '방네개이상', '화장실두개']",남향,14412366.093672149
경기도,용인시 기흥구,중동,신동백아이파크,매매,106동,고/15,680000000,160.56,OWNER,최근 수리하여 매우깨끗 조망및 일조량 좋은 남향집 협의입주,25.06.30,"['25년이내', '대형평수', '방네개이상', '화장실두개']",남향,14000584.205281515
경기도,용인시 기흥구,중동,신동백아이파크,매매,104동,고/15,680000000,160.56,DOC,"전면동,탁트인 조망굿,밝고 채광 우수함,협의 입주 가능함",25.07.08,"['25년이내', '역세권', '대형평수', '방네개이상']",남향,14000584.205281515
경기도,용인시 기흥구,중동,신동백아이파크,매매,104동,저/15,630000000,160.56,OWNER,공원조망 깨끗한 남향집 입구동으로 생활권 교통편리 도보5분거리초중교위치,25.06.24,"['25년이내', '역세권', '대형평수', '방네개이상']",남향,12971129.484304933
경기도,용인시 기흥구,중동,신동백아이파크,매매,101동,13/15,625000000,132.42,NDOC1,앞동 전망굿  관리잘된집  협의입주 ,25.07.17,"['25년이내', '역세권', '대형평수', '방세개']",남향,15602745.997583449
경기도,용인시 기흥구,중동,신동백아이파크,매매,101동,저/15,570000000,132.42,OWNER,저층 이지만 일조량 좋은 남향 집,25.07.21,"['25년이내', '역세권', '대형평수', '방세개']",남향,14229704.349796105
경기도,용인시 기흥구,중동,신동백아이파크,매매,102동,8/15,650000000,132.42,NDOC1,"최근 인테리어 매우 깨끗함,거실 확장형,밝고 일조량 풍부한 남향",25.07.08,"['25년이내', '역세권', '대형평수', '방세개']",남향,16226855.837486787
경기도,용인시 기흥구,중동,신동백아이파크,매매,101동,6/15,600000000,132.42,NDOC1,"확장형,앞이 트여 밝고 조망좋아요,방3,남향,세안고",25.07.08,"['25년이내', '역세권', '대형평수', '방세개']",남향,14978636.15768011
경기도,용인시 기흥구,중동,신동백아이파크,매매,102동,중/15,580000000,132.42,NDOC1,"어정역세권,어정초,중교 도보 가능함,깨끗함,12월입주",25.07.08,"['25년이내', '역세권', '대형평수', '방세개']",남향,14479348.28575744
경기도,용인시 기흥구,중동,신영,매매,103동,5/5,260000000,89.97,NDOC1,"최근 화이트톤으로 완벽 리모델링,남향,방3,화2,도시가스,주차가능",25.07.17,"['25년이상', '역세권', '탑층', '방세개']",남향,9553229.965544071
경기도,용인시 기흥구,중동,신영,매매,102동,5/5,225000000,89.97,NDOC1,"어정역 도보5분,어정초교 도보2분,남향,협의 입주가",25.07.15,"['25년이상', '역세권', '탑층', '방세개']",남향,8267218.2394131385
경기도,용인시 기흥구,중동,신영,매매,103동,중/5,300000000,89.97,NDOC1,"어정역 도보5분,어정초교1분,리모델링,방3,화2,남향,주차가,도시가스",25.07.15,"['25년이상', '역세권', '방세개', '화장실두개']",남향,11022957.652550852
경기도,용인시 기흥구,중동,신영,매매,101동,4/5,210000000,64.92,NDOC1,"어정역세권,샷시포함 전체 올수리,빠른입주도 가능함,방3,화1",25.07.15,"['25년이상', '올수리', '역세권', '방세개']",동향,10693389.55637708
경기도,용인시 기흥구,중동,신영,매매,101동,3/5,200000000,64.92,NDOC1,"어정역세권,대중교통 이용 편리함,어정초교 도보2분,",25.07.15,"['25년이상', '역세권', '방세개', '화장실한개']",동향,10184180.529882934
경기도,용인시 기흥구,중동,신영,매매,101동,5/5,190000000,64.92,OWNER,"어정역 도보 5분 거리 아파트,  집수리한 곳",25.07.08,"['25년이상', '역세권', '탑층', '방세개']",남향,9674971.503388787
경기도,용인시 기흥구,중동,신영,매매,101동,5/5,190000000,64.92,OWNER,"어정역 도보5분,거실확장,리모델링,샷시교체,완전깨끗",25.06.27,"['25년이상', '역세권', '탑층', '방세개']",동향,9674971.503388787
경기도,용인시 기흥구,중동,어울림2단지,전세,201동,1/4,900000000,276.98,OWNER,"동백내 최고급타운하우스, 1층데크정원, 편리한주차시설, 한숲공원둘레길인접",25.07.21,"['25년이내', '마당', '1층', '대형평수']",남향,10741593.255830746
경기도,용인시 기흥구,중동,어울림2단지,매매,201동,3/4,1500000000,276.98,NDOC1,로얄층.로얄라인이며 조용하고 주인세대 거주중,25.07.08,"['25년이내', '대형평수', '방네개이상', '화장실세개']",남향,17902655.426384576
경기도,용인시 기흥구,중동,어울림2단지,매매,203동,중/4,1400000000,276.98,OWNER,"최고급 타운하우스, 근린공원접, 동백역, 세브란스병원 인근",25.07.04,"['25년이내', '대형평수', '방네개이상', '화장실세개']",남향,16709145.064625604
경기도,용인시 기흥구,중동,어울림2단지,매매,201동,1/4,1500000000,276.98,OWNER,"최고급타운하우스,1층테테라스,근린공원,중심상가,동백역세권,세브란스병원인접",25.06.24,"['25년이내', '테라스', '1층', '대형평수']",남향,17902655.426384576
경기도,용인시 기흥구,중동,어울림2단지,전세,201동,1/4,900000000,276.98,NONE,"동백 최고급연립형 타운하우스, 테라스가 있는 2층같은 1층,주인거주 ",25.07.15,"['25년이내', '테라스', '1층', '대형평수']",남향,10741593.255830746
경기도,용인시 기흥구,중동,어울림4단지,매매,403동,2/4,1400000000,301.68,OWNER,입주가능  최고급수입산가전 및  풀옵션최고급빌라 타운하우스 전망  ,25.07.21,"['25년이내', '역세권', '대형평수', '방네개이상']",남향,15341086.58180854
경기도,용인시 기흥구,중동,어울림4단지,매매,403동,3/4,1300000000,301.68,OWNER,"최고급타운하우스,풀옵션,확트인전망,교통,근린공원,동백역,세브란스병원인접",25.07.19,"['25년이내', '역세권', '대형평수', '방네개이상']",남향,14245294.68310793
경기도,용인시 기흥구,중동,어울림4단지,전세,403동,1/4,1100000000,301.68,OWNER,"풀옵션 최고급 타운하우스, 넓은 테라스, 동백역, 세브란스병원 인근",25.07.12,"['25년이내', '융자금없는', '테라스', '역세권']",남향,12053710.88570671
경기도,용인시 기흥구,중동,어울림4단지,매매,403동,4/4,1800000000,301.68,DOC,"옥상정원테라스, 복층 옥상테라스, 대리석마감, 빌트인가전 등",25.07.17,"['25년이내', '테라스', '마당', '역세권']",남향,19724254.176610976
경기도,용인시 기흥구,중동,어울림4단지,매매,403동,저/4,1400000000,301.68,NDOC1,"거실앞 대형테라스, 정원과 텃밭가능.집주인 거주.유일한 물건",25.07.08,"['25년이내', '테라스', '마당', '역세권']",남향,15341086.58180854
경기도,용인시 기흥구,중동,어울림4단지,매매,402동,고/4,1400000000,301.68,OWNER,"주인거주, 최고급타운하우스, 풀옵션, 채광좋고 확트인뷰",25.07.07,"['25년이내', '역세권', '대형평수', '방네개이상']",남향,15341086.58180854
경기도,용인시 기흥구,중동,어울림4단지,매매,402동,4/4,2300000000,301.68,DOC,,25.06.27,"['25년이내', '역세권', '복층', '대형평수']",남향,25203213.67011403
경기도,용인시 기흥구,중동,어울림4단지,매매,403동,2/4,1300000000,301.68,DOC,"급매, 동백지구 내 최고급 타운하우스, 고급스러운 분위기",25.06.25,"['25년이내', '역세권', '급매', '대형평수']",남동향,14245294.68310793
경기도,용인시 기흥구,중동,어울림4단지,매매,401동,3/4,1400000000,280.03,OWNER,"최고급 자재, 고급 아파트, 실링팬, 최고의 풍경, 개인 창고",25.07.01,"['25년이내', '역세권', '대형평수', '방네개이상']",남향,16527154.233474988
경기도,용인시 기흥구,중동,어은목마을대원칸타빌,매매,4101동,4/15,730000000,167.18,NDOC1,"올수리, 입주청소 완료, 빠른 입주 가능",25.07.21,"['25년이내', '올수리', '역세권', '대형평수']",남동향,14434878.873070942
경기도,용인시 기흥구,중동,어은목마을대원칸타빌,전세,4101동,4/15,600000000,167.18,OWNER,"올수리, 즉시 입주 가능",25.07.21,"['25년이내', '올수리', '역세권', '대형평수']",남동향,11864284.005263789
경기도,용인시 기흥구,중동,어은목마을대원칸타빌,매매,4102동,18/20,750000000,167.18,OWNER,올확장 전망좋은동 타운하우스뷰  입주바로가능  예전수리하여 수리해야함,25.07.21,"['25년이내', '역세권', '대형평수', '방네개이상']",남동향,14830355.006579734
경기도,용인시 기흥구,중동,어은목마을대원칸타빌,월세,4101동,4/15,5억/40,167.18,OWNER,"기본,올수리함,화장실,싱크대교체,마루 도배,하시,입주청소함",25.07.21,"['25년이내', '올수리', '역세권', '주방교체']",남동향,
경기도,용인시 기흥구,중동,어은목마을대원칸타빌,매매,4102동,18/20,750000000,167.18,OWNER,"실거주 관리굿, 입지최고, 초품아, 동백역 역세권 , 용인세브란스병원인근",25.07.17,"['25년이내', '역세권', '대형평수', '방네개이상']",남동향,14830355.006579734
경기도,용인시 기흥구,중동,어은목마을대원칸타빌,매매,4105동,5/20,830000000,167.18,OWNER,최근수리 로얄동 정상입주 석성초바로 중간라인 짱,25.07.16,"['25년이내', '대형평수', '방네개이상', '화장실두개']",남동향,16412259.540614907
경기도,용인시 기흥구,중동,어은목마을대원칸타빌,월세,4102동,16/20,1억/220,167.18,OWNER,,25.07.14,"['25년이내', '역세권', '대형평수', '방네개이상']",남동향,
경기도,용인시 기흥구,중동,어은목마을대원칸타빌,매매,4105동,저/20,780000000,167.18,NDOC1,동백 최고입지 초역세권 및 학세권주인거주집상태최상입주협의가격조정,25.07.19,"['25년이내', '대형평수', '방네개이상', '화장실두개']",남동향,15423569.206842924
경기도,용인시 기흥구,중동,어은목마을대원칸타빌,매매,4105동,20/20,780000000,167.18,OWNER,기본 탑층 최근약간수리 방4  다락방과 외부 옥상테라스가 멋진집 석성산뷰,25.07.11,"['25년이내', '테라스', '복층', '대형평수']",남동향,15423569.206842924
경기도,용인시 기흥구,중동,어은목마을대원칸타빌,전세,4101동,4/15,580000000,167.18,OWNER,올확장 예전올인테리어 상태아주깨끗 LED 도배됨 앞동전망 정상 ,25.07.10,"['25년이내', '역세권', '대형평수', '방네개이상']",남동향,11468807.871754995
경기도,용인시 기흥구,중동,어은목마을대원칸타빌,매매,4105동,14/20,750000000,167.18,OWNER,"기본형,방4개 주인거주로 관리잘됨,탁트인뷰",25.07.09,"['25년이내', '대형평수', '방네개이상', '화장실두개']",남동향,14830355.006579734
경기도,용인시 기흥구,중동,어은목마을대원칸타빌,전세,4102동,18/20,600000000,167.18,OWNER,"실거주 관리굿, 입지최고, 초품아, 동백역 역세권, 세브란스병원, 방3개",25.07.08,"['25년이내', '융자금없는', '역세권', '대형평수']",남동향,11864284.005263789
경기도,용인시 기흥구,중동,어은목마을대원칸타빌,매매,4102동,15/20,750000000,167.18,OWNER,"예전화이트 올수리,주인거주로 깨끗,거실방2확장형,뷰 잘나옴,초품아단지",25.07.02,"['25년이내', '올수리', '역세권', '대형평수']",남동향,14830355.006579734
경기도,용인시 기흥구,중동,어은목마을대원칸타빌,전세,4102동,16/20,600000000,167.18,OWNER,,25.07.01,"['25년이내', '역세권', '대형평수', '방세개']",남동향,11864284.005263789
경기도,용인시 기흥구,중동,어은목마을대원칸타빌,매매,4102동,19/20,900000000,167.18,OWNER, 최근올특인테리어 공사 시스템에어콘 전망 아주깨끗 올확장 방4개,25.06.30,"['25년이내', '역세권', '대형평수', '방네개이상']",남동향,17796426.007895682
경기도,용인시 기흥구,중동,어은목마을대원칸타빌,매매,4102동,중/20,800000000,167.18,DOC,올확장 화장실2개소 부엌수리 방4 전망 입주하시가능 내부상태 깨끗,25.07.15,"['25년이내', '역세권', '대형평수', '방네개이상']",남동향,15819045.340351716
경기도,용인시 기흥구,중동,어은목마을대원칸타빌,매매,4101동,9/15,950000000,167.18,OWNER,최근특 화이트그레이올인테리어  전망뷰 짱 방4개 아주깨끗  세련된디자인,25.06.27,"['25년이내', '역세권', '대형평수', '방네개이상']",남동향,18785116.341667663
경기도,용인시 기흥구,중동,어은목마을대원칸타빌,매매,4105동,8/20,750000000,167.18,OWNER,기본  방4개 예전수리  집내부상태 아주 깨끗  중간 로얄 동,25.06.25,"['25년이내', '대형평수', '방네개이상', '화장실두개']",남동향,14830355.006579734
경기도,용인시 기흥구,중동,어은목마을대원칸타빌,매매,4102동,2/20,680000000,167.18,DOC,old올확장 입주가능 ,25.06.28,"['25년이내', '역세권', '대형평수', '방네개이상']",남향,13446188.53929896
경기도,용인시 기흥구,중동,어은목마을대원칸타빌,월세,4102동,16/20,1억/220,167.18,NONE,"확장형, 석성초등학교 바로앞, 중심상가앞, 동백역앞, 세브란스병원앞,",25.07.21,"['25년이내', '역세권', '대형평수', '방세개']",남동향,
경기도,용인시 기흥구,중동,어은목마을대원칸타빌,월세,4101동,4/15,5억/40,167.18,NONE,"도배 장판 LED전등교체, 입주청소완료, 빠른입주가능,기본형, 석성초앞,",25.07.03,"['25년이내', '융자금없는', '역세권', '대형평수']",남동향,
경기도,용인시 기흥구,중동,어은목마을대원칸타빌,매매,4102동,18/20,750000000,167.18,NONE,"공실, 확장형, 전망 굿, 석성초등학교 바로앞, 중심상가앞, 동백역인접",25.07.03,"['25년이내', '역세권', '대형평수', '방네개이상']",남동향,14830355.006579734
경기도,용인시 기흥구,중동,어은목마을대원칸타빌,전세,4101동,4/15,600000000,167.18,NONE,"기본,방4,도배,장판,LED등교체,하시입주",25.06.30,"['25년이내', '역세권', '대형평수', '방네개이상']",남동향,11864284.005263789
경기도,용인시 기흥구,중동,어은목마을대원칸타빌,전세,4102동,18/20,600000000,167.18,NONE,"기본,동백역상권,세브란스병원,주인거주,입주협의",25.06.23,"['25년이내', '역세권', '대형평수', '방네개이상']",남향,11864284.005263789
경기도,용인시 기흥구,중동,어은목마을대원칸타빌,매매,4104동,22/22,680000000,141.34,OWNER,"귀한 탑층, 올화이트 인테리어, 조망 굿",25.07.21,"['25년이내', '역세권', '대형평수', '탑층']",남동향,15904441.771614548
경기도,용인시 기흥구,중동,어은목마을대원칸타빌,매매,4103동,17/23,650000000,141.34,OWNER,올확장 방3  전망 채광이 너무 좋아요 로얄동 깨끗 하시 조정가,25.07.18,"['25년이내', '역세권', '대형평수', '방세개']",남동향,15202775.222866844
경기도,용인시 기흥구,중동,어은목마을대원칸타빌,매매,4104동,중/22,650000000,141.34,OWNER,"올확장,주인거주 관리 잘 된집,석성초품아,세브란스이용편리,동백역상가옆",25.07.09,"['25년이내', '역세권', '대형평수', '방세개']",남동향,15202775.222866844
경기도,용인시 기흥구,중동,어은목마을대원칸타빌,매매,4104동,11/22,650000000,141.34,OWNER,기본상태 입주천천히 화장실1 수리  내부아주 깨끗 방3개 ,25.07.01,"['25년이내', '역세권', '대형평수', '방세개']",남동향,15202775.222866844
경기도,용인시 기흥구,중동,어은목마을대원칸타빌,월세,4104동,저/22,5억/40,141.34,NONE,"전망굿, 올 수리,판상형,교통편리, 즉시입주가능",25.07.08,"['25년이내', '올수리', '역세권', '대형평수']",남향,
경기도,용인시 기흥구,중동,어은목마을벽산블루밍,매매,4207동,13/16,620000000,153.23,OWNER,"주인거주, 깨끗, 방4개, 동백역 바로앞, 세브란스대학병원앞, 중심상가앞",25.07.21,"['25년이내', '역세권', '대형평수', '방네개이상']",남동향,13375883.965280952
경기도,용인시 기흥구,중동,어은목마을벽산블루밍,매매,4206동,7/16,630000000,153.23,OWNER,집상태 깨끗 도배 장판 LED 교체 뷰가 예쁜집 세브란스병원 동백역인근,25.07.19,"['25년이내', '역세권', '대형평수', '방세개']",남동향,13591624.029237097
경기도,용인시 기흥구,중동,어은목마을벽산블루밍,매매,4205동,15/16,670000000,153.23,OWNER,"올확장,주인거주,집깨끗,동백역초역세권,석성초 초당중학군,세브란병원인접",25.07.18,"['25년이내', '역세권', '대형평수', '방네개이상']",남동향,14454584.285061674
경기도,용인시 기흥구,중동,어은목마을벽산블루밍,매매,4205동,4/16,610000000,153.23,OWNER,동백역세권 중심상권 세브란스병원인근  씽크대 화장실  LED도배 최근수리,25.07.17,"['25년이내', '역세권', '대형평수', '방네개이상']",남동향,13160143.901324809
경기도,용인시 기흥구,중동,어은목마을벽산블루밍,매매,4205동,1/16,620000000,153.23,OWNER,"1층 정원,  기본형, 방4개, 동백역 초역세권, M버스, 세브란스병원앞",25.07.17,"['25년이내', '마당', '역세권', '1층']",남동향,13375883.965280952
경기도,용인시 기흥구,중동,어은목마을벽산블루밍,매매,4207동,3/16,610000000,153.23,OWNER,"세안고 매매,올확장,방4개,",25.07.14,"['25년이내', '역세권', '대형평수', '방네개이상']",남동향,13160143.901324809
경기도,용인시 기흥구,중동,어은목마을벽산블루밍,매매,4208동,13/16,650000000,153.23,OWNER,동백역 세브란스병원 중심상권 바로 앞  동백명문 학군  석성산 뻥뷰,25.07.10,"['25년이내', '역세권', '대형평수', '방세개']",남동향,14023104.157149386
경기도,용인시 기흥구,중동,어은목마을벽산블루밍,매매,4206동,3/16,795000000,153.23,OWNER,"최근 특올인테리어, 확장형, 동백역세권, 상권편리, 주인거주, 정상입주 ",25.07.10,"['25년이내', '역세권', '대형평수', '방세개']",남동향,17151335.084513478
경기도,용인시 기흥구,중동,어은목마을벽산블루밍,전세,4208동,16/16,500000000,153.23,OWNER,"탑층 복층, 방5개, 전망 굿, 확장형, 씽크대 도배 탄성 입주청소 해줌",25.07.07,"['25년이내', '융자금없는', '역세권', '복층']",남동향,10787003.197807219
경기도,용인시 기흥구,중동,어은목마을벽산블루밍,매매,4205동,15/16,670000000,153.23,NONE,"확장, 아주깨끗, 동백역앞, 세브란스대학병원앞, 중심상가앞, 명품학군",25.07.21,"['25년이내', '역세권', '대형평수', '방네개이상']",남동향,14454584.285061674
경기도,용인시 기흥구,중동,어은목마을벽산블루밍,매매,4205동,4/16,630000000,153.23,NONE,"기본,부분리모델링,동백역,입주협의",25.06.30,"['25년이내', '역세권', '대형평수', '방네개이상']",남향,13591624.029237097
경기도,용인시 기흥구,중동,어은목마을벽산블루밍,매매,4202동,5/25,590000000,111.45,OWNER,공실  사장님 몰래 내놔요. 남주기 아까운 트렌디한 예쁜 집 올확장올수리,25.07.21,"['25년이내', '올수리', '역세권', '방세개']",남동향,17500342.305966802
경기도,용인시 기흥구,중동,어은목마을벽산블루밍,매매,4201동,16/20,565000000,111.45,OWNER,동백역 세브란스병원 중심상권 인근 뻥뷰   확장형  하시입주,25.07.21,"['25년이내', '역세권', '방세개', '화장실두개']",남서향,16758802.37774787
경기도,용인시 기흥구,중동,어은목마을벽산블루밍,매매,4201동,3/20,630000000,111.45,NDOC1,"사진첨부, 올수리, 최상급 컨디션",25.07.21,"['25년이내', '올수리', '역세권', '방세개']",남서향,18686806.191117093
경기도,용인시 기흥구,중동,어은목마을벽산블루밍,매매,4204동,20/25,565000000,111.45,MOBL,"로열동,로열층,집주인거주로깨끗,인테리어 가능,동백역과상권바로옆동.",25.07.18,"['25년이내', '역세권', '방세개', '화장실두개']",남동향,16758802.37774787
경기도,용인시 기흥구,중동,어은목마을벽산블루밍,전세,4204동,10/25,380000000,111.45,OWNER,"씽크대, LED전등 교체 ,동백역앞, 세브란스병원앞, M버스, 공항버스,",25.07.18,"['25년이내', '융자금없는', '역세권', '방세개']",남서향,11271406.90892777
경기도,용인시 기흥구,중동,어은목마을벽산블루밍,월세,4204동,25/25,2억/100,111.45,OWNER,"귀한탑층,공실,복층에 다락방,방1,올확장,도배,LED등교체됨탄성코트됨",25.07.16,"['25년이내', '융자금없는', '역세권', '복층']",남서향,
경기도,용인시 기흥구,중동,어은목마을벽산블루밍,매매,4202동,고/25,570000000,111.45,OWNER,"확장형, 주인거주로 깨끗, 조망굿,동백역세권, 세브란스병세권,상가인접",25.07.21,"['25년이내', '역세권', '방세개', '화장실두개']",남서향,16907110.363391656
경기도,용인시 기흥구,중동,어은목마을벽산블루밍,매매,4201동,19/20,610000000,111.45,OWNER,"복층형, 테라스있는 탑층, 확장형, 깨끗하게 관리된 매물",25.07.14,"['25년이내', '테라스', '역세권', '복층']",남동향,18093574.248541947
경기도,용인시 기흥구,중동,어은목마을벽산블루밍,매매,4202동,중/25,650000000,111.45,OWNER,긴세안고.초역세권.올수리.방1확장.시스템에어컨3대.세브란스병원인근.,25.07.18,"['25년이내', '올수리', '역세권', '방세개']",남서향,19280038.13369224
경기도,용인시 기흥구,중동,어은목마을벽산블루밍,월세,4201동,고/20,2억/100,111.45,MOBL,"올확장,화이트톤 올수리,주인거주로 깨끗,탁 트인뷰,동백역,세브란스인접",25.07.09,"['25년이내', '올수리', '역세권', '방세개']",남동향,
경기도,용인시 기흥구,중동,어은목마을벽산블루밍,전세,4201동,고/20,420000000,111.45,OWNER,거실 작은방 확장  탁트인뷰 환상  동백명문학군  세브란스병원 동백역인근,25.07.01,"['25년이내', '융자금없는', '역세권', '방세개']",남서향,12457870.794078063
경기도,용인시 기흥구,중동,어은목마을벽산블루밍,매매,4202동,고/25,560000000,111.45,OWNER,씽크대 교체  화장실 수리 확장형  탁트인 전망 LED등교체 집상태 양호,25.06.27,"['25년이내', '역세권', '욕실수리', '방세개']",남동향,16610494.392104084
경기도,용인시 기흥구,중동,어은목마을벽산블루밍,매매,4201동,저/20,600000000,111.45,OWNER,"최근 올수리,동백역 상가 및 대중교통 편리한 단지,초중학교 인접",25.06.25,"['25년이내', '올수리', '역세권', '방세개']",남동향,17796958.277254373
경기도,용인시 기흥구,중동,어은목마을벽산블루밍,매매,4201동,고/20,540000000,111.45,NONE,"전세안고매매, M버스, 공항버스, 동백역앞, 세브란스병원앞, 중심상가앞,",25.07.17,"['25년이내', '역세권', '방세개', '화장실두개']",남서향,16017262.449528938
경기도,용인시 기흥구,중동,어은목마을벽산블루밍,매매,4209동,14/15,550000000,111.06,OWNER,탁트인 전망 정문앞동 작은방 확장  세브란스병원 동백역 중심상권인근,25.06.30,"['25년이내', '역세권', '방세개', '화장실두개']",남동향,16371166.486583829
경기도,용인시 기흥구,중동,어은목마을벽산블루밍,매매,4202동,1/25,520000000,107.12,OWNER,귀한 일층 아이들이 편하게 생활할수있는공간 작은방 거실 확장형,25.07.21,"['25년이내', '역세권', '1층', '방세개']",남향,16047499.999999998
경기도,용인시 기흥구,중동,어은목마을벽산블루밍,매매,4202동,3/25,530000000,107.12,OWNER,작은방 거실 확장형 집상태 매우 깨끗  잔잔한뷰 맛집   동백역세권,25.07.21,"['25년이내', '역세권', '방세개', '화장실두개']",남향,16356105.769230768
경기도,용인시 기흥구,중동,어은목마을벽산블루밍,매매,4201동,4/20,610000000,107.12,MOBL,"올수리,샷시교체,올확장주방확장빌트인냉장고,주인거주로 깨끗,편안한뷰",25.07.12,"['25년이내', '올수리', '역세권', '방세개']",남향,18824951.923076924
경기도,용인시 기흥구,중동,어은목마을벽산블루밍,매매,4204동,1/25,520000000,107.12,OWNER,"전세안고매매, 1층 정원, 확장형, 아이들이 뛰어 놀기 좋아요, 동백역앞",25.07.10,"['25년이내', '마당', '역세권', '1층']",남동향,16047499.999999998
경기도,용인시 기흥구,중동,어은목마을벽산블루밍,매매,4204동,24/25,590000000,107.12,OWNER,"올확장,주인거주,중간라인,동백역초역세권,석성초 초당중학군,세브란스병원",25.07.05,"['25년이내', '역세권', '방세개', '화장실두개']",남향,18207740.384615384
경기도,용인시 기흥구,중동,어은목마을벽산블루밍,매매,4201동,고/20,570000000,107.12,MOBL,"주인거주로 아주깨끗,탁트인뷰,가운데라인으로 밝고 따뜻,동백역,세브란스",25.07.04,"['25년이내', '역세권', '방세개', '화장실두개']",남향,17590528.846153844
경기도,용인시 기흥구,중동,어은목마을벽산블루밍,매매,4203동,저/25,560000000,107.12,OWNER,"따뜻한가운데라인,집주인거주로 깨끗,잔잔한뷰,동백역바로옆,용인세브란스",25.06.27,"['25년이내', '역세권', '방세개', '화장실두개']",남향,17281923.076923076
경기도,용인시 기흥구,중동,어정마을서희삼정,매매,103동,6/17,490000000,146.19,OWNER,"씽크대,욕실대림으로 올수리. 바로 입주 가능. 보일러 교체 완료",25.07.21,"['25년이내', '올수리', '보일러교체', '대형평수']",남향,11080338.258430809
경기도,용인시 기흥구,중동,어정마을서희삼정,매매,103동,16/17,550000000,146.19,OWNER,방4 욕실2 남향 화이트인테리어 개별도시가스,25.07.19,"['25년이내', '대형평수', '방네개이상', '화장실두개']",남향,12437114.371708052
경기도,용인시 기흥구,중동,어정마을서희삼정,매매,103동,13/17,498000000,146.19,OWNER,기본 주인거주,25.07.19,"['25년이내', '대형평수', '방네개이상', '화장실두개']",남향,11261241.74020111
경기도,용인시 기흥구,중동,어정마을서희삼정,매매,103동,2/17,420000000,146.19,OWNER,"기본형,남향,방4,주인거주,협의 입주가",25.07.11,"['25년이내', '대형평수', '방네개이상', '화장실두개']",남향,9497432.792940693
경기도,용인시 기흥구,중동,어정마을서희삼정,매매,103동,9/17,450000000,146.19,DOC,"방4개, 화장실2개,  대형 타입, 입주 협의 가능",25.07.21,"['25년이내', '대형평수', '방네개이상', '화장실두개']",남향,10175820.849579316
경기도,용인시 기흥구,중동,어정마을서희삼정,매매,103동,중/17,520000000,146.19,OWNER,최근 풀 인테리어 함 샷시까지 완전 깨끗 일조량 좋은 남향집,25.07.15,"['25년이내', '대형평수', '방네개이상', '화장실두개']",남향,11758726.315069431
경기도,용인시 기흥구,중동,어정마을서희삼정,매매,103동,고/17,490000000,146.19,OWNER,정남향의 앞 뻥뷰 라인.  기본형 베란다 있음.  일부 수리되어 깨끗함,25.06.30,"['25년이내', '대형평수', '방네개이상', '화장실두개']",남향,11080338.258430809
경기도,용인시 기흥구,중동,어정마을서희삼정,매매,102동,13/20,360000000,115.86,OWNER,남향으로 일조량 우수 조망우수 협의입주 가능,25.07.21,"['25년이내', '방세개', '화장실두개', '중층']",남향,10271729.673744176
경기도,용인시 기흥구,중동,어정마을서희삼정,매매,105동,5/18,375000000,115.86,OWNER,동간거리 넓어 일조량 좋음 초중교 도보 5분 거리 생활권및교통 우수,25.07.21,"['25년이내', '방세개', '화장실두개', '세대당1대']",남향,10699718.410150182
경기도,용인시 기흥구,중동,어정마을서희삼정,매매,106동,9/20,365000000,115.86,OWNER,로얄층 남향 깨끗함 200089 세안고 만기27년03월,25.07.21,"['25년이내', '방세개', '화장실두개', '중층']",남향,10414392.58587951
경기도,용인시 기흥구,중동,어정마을서희삼정,매매,102동,17/20,370000000,115.86,OWNER,전망트이고 주인거주하여 깨끗한 남향집 추천,25.07.21,"['25년이내', '방세개', '화장실두개', '고층']",남향,10557055.498014847
경기도,용인시 기흥구,중동,어정마을서희삼정,매매,104동,12/20,350000000,115.86,OWNER,기본 수리해서 상태깨끗 즉시입주 보일러교체 마루교체,25.07.19,"['25년이내', '보일러교체', '방세개', '화장실두개']",동향,9986403.849473504
경기도,용인시 기흥구,중동,어정마을서희삼정,월세,105동,16/18,1억/80,115.86,NDOC1,35 B.E.S.T 단독관리 새로도배장판 보증금조정o 공동불가,25.07.18,"['25년이내', '방세개', '화장실두개', '고층']",남향,
경기도,용인시 기흥구,중동,어정마을서희삼정,매매,102동,17/20,340000000,115.86,DOCV2,산조망 일부수리하여 깨끗함 세안고매매 추천,25.07.21,"['25년이내', '방세개', '화장실두개', '고층']",서향,9701078.025202831
경기도,용인시 기흥구,중동,어정마을서희삼정,매매,105동,2/18,355000000,115.86,OWNER,"지대가 높고 앞이 트여 채광 우수하며 햇살 가득한 남향집,세안고",25.07.11,"['25년이내', '방세개', '화장실두개', '세대당1대']",남향,10129066.761608839
경기도,용인시 기흥구,중동,어정마을서희삼정,매매,101동,11/20,380000000,115.86,NDOC1,"기본형,로얄층,햇살 가득한 남향, 12월 입주",25.07.11,"['25년이내', '방세개', '화장실두개', '중층']",남향,10842381.322285518
경기도,용인시 기흥구,중동,어정마을서희삼정,매매,105동,5/18,350000000,115.86,DOCV2,"남향 중간라인 올수리 월세200098 ,26년3월초만기 세안고매매",25.07.15,"['25년이내', '올수리', '방세개', '화장실두개']",남향,9986403.849473504
경기도,용인시 기흥구,중동,어정마을서희삼정,매매,101동,17/20,380000000,115.86,OWNER,남향 공실 깨끗 로얄층 학군 교통 편리,25.07.08,"['25년이내', '방세개', '화장실두개', '고층']",남향,10842381.322285518
경기도,용인시 기흥구,중동,어정마을서희삼정,매매,101동,5/20,360000000,115.86,OWNER,남향 편안한조망 주인거주 깨끗,25.07.07,"['25년이내', '방세개', '화장실두개', '세대당1대']",남향,10271729.673744176
경기도,용인시 기흥구,중동,어정마을서희삼정,매매,105동,14/18,400000000,115.86,OWNER,"올확장형, 부분 수리, 협의 입주 가능, 선호동 선호층",25.07.03,"['25년이내', '방세개', '화장실두개', '고층']",남향,11413032.97082686
경기도,용인시 기흥구,중동,어정마을서희삼정,매매,106동,10/20,390000000,115.86,DOC,로얄층 남향 수리됨 주인거주 입주일 조정가 추천,25.07.08,"['25년이내', '방세개', '화장실두개', '중층']",남향,11127707.14655619
경기도,용인시 기흥구,중동,어정마을서희삼정,매매,105동,14/18,370000000,115.86,DOC,전망트이고 주인거주하여 깨끗한 남향집 추천,25.07.08,"['25년이내', '방세개', '화장실두개', '고층']",남향,10557055.498014847
경기도,용인시 기흥구,중동,어정마을서희삼정,매매,102동,중/20,380000000,115.86,OWNER,세안고 싱크대교체등 깨끗,25.07.02,"['25년이내', '주방교체', '방세개', '화장실두개']",서향,10842381.322285518
경기도,용인시 기흥구,중동,어정마을서희삼정,매매,104동,중/20,350000000,115.86,DOC,"부분수리,깔끔하게 관리 된집,조망굿,빠른입주,협의 입주가",25.07.11,"['25년이내', '방세개', '화장실두개', '중층']",동향,9986403.849473504
경기도,용인시 기흥구,중동,어정마을서희삼정,매매,101동,15/20,360000000,115.86,OWNER,"기본형 ,로얄층, 남향으로 채광 좋음, 빠른 협의 입주 가능",25.06.24,"['25년이내', '방세개', '화장실두개', '고층']",남향,10271729.673744176
경기도,용인시 기흥구,중동,어정마을서희삼정,매매,101동,고/20,350000000,115.86,OWNER,남향으로 일조량 좋은 집 협의입주 가능,25.06.30,"['25년이내', '방세개', '화장실두개', '고층']",남향,9986403.849473504
경기도,용인시 기흥구,중동,어정마을서희삼정,매매,101동,17/20,380000000,115.86,NONE,복 들어오는 집,25.06.27,"['25년이내', '방세개', '화장실두개', '고층']",남향,10842381.322285518
경기도,용인시 기흥구,중동,초당마을삼부르네상스(1046),매매,5102동,13/18,435000000,112.43,OWNER,"작은방 확장, 주인거주, 깨끗, 로얄동, 로얄층, 초당초등학교 바로앞,",25.07.19,"['25년이내', '역세권', '방세개', '화장실두개']",남동향,12790327.092413057
경기도,용인시 기흥구,중동,초당마을삼부르네상스(1046),월세,5102동,14/18,"1억 5,000/80",112.43,OWNER,거실과 방1확장 깨끗함 하시입주 전망좋음 초당역m버스 교통굿 명문학군,25.07.15,"['25년이내', '역세권', '방세개', '화장실두개']",남동향,
경기도,용인시 기흥구,중동,초당마을삼부르네상스(1046),매매,5102동,저/18,450000000,112.43,OWNER,전세안고기본구조 일부수리 깨끗함 전망 초당역m버스 공항버스 교통굿 명문학,25.07.21,"['25년이내', '역세권', '방세개', '화장실두개']",남동향,13231372.854220403
경기도,용인시 기흥구,중동,초당마을삼부르네상스(1046),매매,5101동,중/18,450000000,112.43,OWNER,전자계약가 세안고 거실 방2확장 도배led 수리 전망 초당역m버스교통굿,25.07.18,"['25년이내', '방세개', '화장실두개', '중층']",남동향,13231372.854220403
경기도,용인시 기흥구,중동,초당마을삼부르네상스(1046),매매,5101동,15/18,430000000,112.43,OWNER,전세안고 기본 도배장판led탄성됨 로얄동입구동 초당역m버스교통굿 명문학군,25.07.10,"['25년이내', '방세개', '화장실두개', '고층']",남동향,12643311.838477274
경기도,용인시 기흥구,중동,초당마을삼부르네상스(1046),매매,5101동,고/18,450000000,112.43,OWNER,기본수리 깨끗함 전망 로얄동 초당역m버스 광역및공항버스 교통굿 명문학군,25.07.05,"['25년이내', '방세개', '화장실두개', '고층']",남동향,13231372.854220403
경기도,용인시 기흥구,중동,초당마을삼부르네상스(1046),전세,5101동,고/18,320000000,112.43,OWNER,도배 led 탄성 깨끗 조용한로얄동 초당역m버스 공항버스 교통굿 명문학군,25.07.03,"['25년이내', '방세개', '화장실두개', '고층']",남동향,9408976.251890065
경기도,용인시 기흥구,중동,초당마을삼부르네상스(1046),매매,5104동,고/21,440000000,111.43,OWNER,뻥뷰  세브란스인접 학세권 역세권,25.07.21,"['25년이내', '역세권', '방세개', '화장실두개']",남동향,13053445.21224087
경기도,용인시 기흥구,중동,초당마을삼부르네상스(1046),매매,5104동,저/21,480000000,111.43,OWNER,전자계약가 방1확장 화이트올수리 초당역m버스  공항버스 교통굿 명문학군,25.07.21,"['25년이내', '올수리', '역세권', '방세개']",남서향,14240122.04971731
경기도,용인시 기흥구,중동,초당마을삼부르네상스(1046),매매,5103동,저/17,450000000,111.43,OWNER,전자계약가 거실 방1확장 깨끗 초당역m버스 교통굿 명문학군 공원인접,25.07.08,"['25년이내', '역세권', '방세개', '화장실두개']",남서향,13350114.42160998
경기도,용인시 기흥구,중동,초당마을삼부르네상스(1046),매매,5104동,18/21,440000000,111.43,OWNER,"올확장, 집깨끗, 편리한입구동, 탁트인전망, 초당역세권",25.06.24,"['25년이내', '역세권', '방세개', '화장실두개']",남서향,13053445.21224087
경기도,용인시 기흥구,중동,초당마을삼부르네상스(1046),매매,5102동,8/18,430000000,98.35,OWNER,초당 역세권  작은방 거실 확장  집상태   깨끗  서울 출퇴근  편리함,25.07.19,"['25년이내', '역세권', '방세개', '화장실두개']",남동향,14453355.871886125
경기도,용인시 기흥구,중동,초당마을삼부르네상스(1046),매매,5101동,15/18,430000000,98.35,OWNER,전자계약가 탑층 샷시화이트올수리 올확장 전망 초당역m버스 교통굿 명문학군,25.07.18,"['25년이내', '올수리', '복층', '방세개']",남동향,14453355.871886125
경기도,용인시 기흥구,중동,초당마을삼부르네상스(1046),매매,5101동,11/18,410000000,98.35,OWNER,전자계약가 전세안고 기본 로얄동  인기동 초당역m버스 교통굿 명문학군,25.07.14,"['25년이내', '방세개', '화장실두개', '중층']",남동향,13781106.761565838
경기도,용인시 기흥구,중동,초당마을삼부르네상스(1047),전세,5004동,15/18,330000000,112.12,OWNER,탑층 거실확장 아주깨끗함,25.07.21,"['25년이내', '복층', '방세개', '화장실두개']",남동향,9729834.55226543
경기도,용인시 기흥구,중동,초당마을삼부르네상스(1047),매매,5003동,14/18,450000000,112.12,NDOC1,"깨끗한 기본형 초당중 인근, M버스,공항 버스,초당역 등 교통 편리",25.07.15,"['25년이내', '화장실두개', '고층', '세대당1대']",남동향,13267956.207634676
경기도,용인시 기흥구,중동,초당마을삼부르네상스(1047),매매,5003동,저/18,430000000,112.12,OWNER,세안고 매매.초중고 인접.동백역7분,25.07.14,"['25년이내', '방세개', '화장실두개', '세대당1대']",남동향,12678269.265073135
경기도,용인시 기흥구,중동,초당마을삼부르네상스(1047),매매,5004동,저/18,480000000,112.12,OWNER,올인테리어.올확장.동백역5분.초중고 인접.,25.07.08,"['25년이내', '방세개', '화장실두개', '세대당1대']",남동향,14152486.62147699
경기도,용인시 기흥구,중동,초당마을삼부르네상스(1047),매매,5001동,14/21,450000000,111.62,OWNER,기본집 상태  깨끗  부분수리  하시입주가능합니다,25.07.21,"['25년이내', '역세권', '방세개', '화장실두개']",남동향,13327389.8046945
경기도,용인시 기흥구,중동,초당마을삼부르네상스(1047),월세,5002동,6/21,"2억 7,000/25",111.62,OWNER,33타입. 융자없고 부분수리. 8월14일입주가능.,25.07.10,"['25년이내', '융자금없는', '방세개', '화장실두개']",남동향,
경기도,용인시 기흥구,중동,초당마을삼부르네상스(1047),매매,5002동,19/21,550000000,111.62,DOC,특올수리됨 남동향,25.07.14,"['25년이내', '올수리', '방세개', '화장실두개']",남동향,16289031.9835155
경기도,용인시 기흥구,중동,초당마을삼부르네상스(1047),매매,5001동,7/21,430000000,111.62,OWNER,전자계약가 세안고 기본구조  전망 초당역m버스 교통굿 명문학군,25.06.28,"['25년이내', '역세권', '방세개', '화장실두개']",남동향,12735061.368930299
경기도,용인시 기흥구,중동,초당마을삼부르네상스(1047),매매,5003동,6/18,410000000,98.44,OWNER,초중고인접 초당역세권 편리한 교통,25.07.21,"['25년이내', '방세개', '화장실두개', '세대당1대']",남동향,13768507.212515239
경기도,용인시 기흥구,중동,초당마을삼부르네상스(1047),매매,5004동,2/18,420000000,98.44,OWNER,방확장하고 정원뷰이며 깨끗해요,25.07.21,"['25년이내', '방세개', '화장실두개', '세대당1대']",남동향,14104324.461600978
경기도,용인시 기흥구,중동,초당마을현진에버빌,매매,5202동,10/19,750000000,188.27,OWNER,"특올화이트인테리어,올확장수리,한샘부엌시공,25년11월세안고",25.07.09,"['25년이내', '역세권', '대형평수', '방네개이상']",남동향,13169059.064110054
경기도,용인시 기흥구,중동,초당마을현진에버빌,매매,5202동,고/19,700000000,188.27,OWNER,거실 방확장하고 수리하여  깨끗하며 최고전망입니다.,25.06.24,"['25년이내', '역세권', '대형평수', '방세개']",남동향,12291121.793169385
경기도,용인시 기흥구,중동,초당마을현진에버빌,매매,5202동,10/19,750000000,188.27,NONE, 화이트로 올수리하고 공원전망입니다.,25.07.03,"['25년이내', '올수리', '역세권', '대형평수']",남동향,13169059.064110054
경기도,용인시 기흥구,중동,초당마을현진에버빌,매매,5203동,15/23,620000000,152.82,OWNER,"최근올리모델링, 올확장, 탁트인뷰, 초당역바로앞, 방4",25.07.18,"['25년이내', '역세권', '대형평수', '방네개이상']",남향,13411770.056275357
경기도,용인시 기흥구,중동,초당마을현진에버빌,매매,5203동,2/23,550000000,152.82,OWNER,공가로서 전원주택분위기로 정남향이며  깨끗해요,25.07.17,"['25년이내', '역세권', '대형평수', '방네개이상']",남향,11897537.953147495
경기도,용인시 기흥구,중동,초당마을현진에버빌,매매,5201동,9/15,580000000,152.82,OWNER,거실 방확장하고 공원뷰이며 깨끗해요,25.07.14,"['25년이내', '역세권', '대형평수', '방네개이상']",남동향,12546494.568773722
경기도,용인시 기흥구,중동,초당마을현진에버빌,매매,5204동,23/23,600000000,152.82,OWNER,탑층 방확장하고  다락계단공사되어있으며 옥상넓어요,25.07.08,"['25년이내', '역세권', '대형평수', '탑층']",남향,12979132.31252454
경기도,용인시 기흥구,중동,초당마을현진에버빌,매매,5204동,중/23,570000000,152.82,OWNER,기본구조 깨끗 전망굿 정남향 초당역m버스 교통굿 명문학군 공원인접,25.07.14,"['25년이내', '역세권', '대형평수', '방네개이상']",남향,12330175.696898313
경기도,용인시 기흥구,중동,초당마을현진에버빌,매매,5203동,1/23,550000000,152.82,OWNER,거실 방확장하고 정원뷰가 너무 예뻐요,25.07.05,"['25년이내', '역세권', '1층', '대형평수']",남향,11897537.953147495
경기도,용인시 기흥구,중동,초당마을현진에버빌,매매,5201동,저/15,570000000,152.82,DOC,기본구조로서 공원전망이며 깨끗해요,25.07.05,"['25년이내', '역세권', '대형평수', '방네개이상']",남동향,12330175.696898313
경기도,용인시 기흥구,중동,초당마을현진에버빌,매매,5201동,9/15,580000000,152.82,NONE,"확장형, 전망 굿, 초당초등학교 바로앞, 초당역 초역세권, 중고등학교인접",25.07.21,"['25년이내', '역세권', '대형평수', '방네개이상']",남동향,12546494.568773722
경기도,용인시 기흥구,중동,초당마을현진에버빌,매매,5203동,고/23,700000000,152.82,NONE,최근 샷시포함 올수리 시스템에어컨6대 설치,25.07.03,"['25년이내', '올수리', '역세권', '화장실두개']",남향,15142321.03127863
경기도,용인시 기흥구,중동,초당마을현진에버빌,매매,5207동,9/15,500000000,129.1,OWNER,세안고 최근 화이트로 올수리하고  전망좋아요,25.07.10,"['25년이내', '올수리', '역세권', '방세개']",남동향,12803195.197521303
경기도,용인시 기흥구,중동,초당마을현진에버빌,매매,5206동,13/15,500000000,129.1,OWNER,"확트인전망뷰,기본형,집상태깔끔함,초품아역세권,세안고갭투자",25.06.30,"['25년이내', '역세권', '방세개', '화장실두개']",남향,12803195.197521303
경기도,용인시 기흥구,중동,초당마을현진에버빌,매매,5207동,고/15,500000000,129.1,DOC,세안고  거실 방2확장  깨끗하며 조용하고 갭투 추천합니다.,25.07.12,"['25년이내', '역세권', '방세개', '화장실두개']",남동향,12803195.197521303
경기도,용인시 기흥구,중동,초당마을현진에버빌,매매,5207동,고/15,500000000,129.1,NONE,세안고 매매,25.07.05,"['25년이내', '역세권', '방세개', '화장실두개']",남동향,12803195.197521303
경기도,용인시 기흥구,중동,하우스디동백카바나,매매,301동,6/16,500000000,95.25,OWNER,"전세안고 , 28타입, 따뜻한 남향집, 화이트 타입으로 관리잘된세대",25.07.18,"['10년이내', '방세개', '화장실두개', '중층']",남향,17353202.099737532
경기도,용인시 기흥구,중동,하우스디동백카바나,매매,303동,18/24,470000000,90.6,OWNER,"정남향, 화이톤으로 관리잘된 세대, 초.품.아, 전세안고 매매,입주협의",25.07.21,"['10년이내', '방세개', '화장실두개', '고층']",남향,17149215.78366446
경기도,용인시 기흥구,중동,하우스디동백카바나,매매,303동,15/24,450000000,90.6,OWNER,"일조량이 풍부하고 전망이 정말 좋아요,깨끗하게 관리된세대,빠른 이사가능",25.07.18,"['10년이내', '방세개', '화장실두개', '중층']",남향,16419461.920529803
경기도,용인시 기흥구,중동,하우스디동백카바나,매매,304동,24/24,480000000,90.6,OWNER,탑층. 석성산전체로얄뷰. 정상입주. 주인관리,25.07.17,"['10년이내', '탑층', '방세개', '화장실두개']",남동향,17514092.71523179
경기도,용인시 기흥구,중동,하우스디동백카바나,매매,304동,23/24,450000000,90.6,OWNER,"막힘없는 멋진 뷰, 햇살짱짱, 화이트톤으로 깨끗해요,빠른입주,협의가능",25.07.17,"['10년이내', '방세개', '화장실두개', '고층']",남동향,16419461.920529803
경기도,용인시 기흥구,중동,하우스디동백카바나,매매,304동,8/24,450000000,90.6,NDOC1,"전체 리모델링,화이트,트인 조망굿,중일초,도보 통학가능",25.07.17,"['10년이내', '방세개', '화장실두개', '세대당1대']",남동향,16419461.920529803
경기도,용인시 기흥구,중동,하우스디동백카바나,매매,302동,2/21,440000000,90.6,OWNER,긴세안고. 갭1억투자. 층간소음걱정무.필로티2층.햇살짱짱,25.07.15,"['10년이내', '필로티', '방세개', '화장실두개']",남서향,16054584.988962473
경기도,용인시 기흥구,중동,하우스디동백카바나,매매,304동,고/24,450000000,90.6,OWNER,"채광굿, 석성산 뻥뷰, 화이트 톤으로 상태좋음, 넓은 펜트리, 공원입접",25.07.21,"['10년이내', '방세개', '화장실두개', '고층']",남동향,16419461.920529803
경기도,용인시 기흥구,중동,하우스디동백카바나,전세,301동,고/16,380000000,90.6,OWNER,"화이트톤으로 밝고 관리 잘된세대,  전망,공원뷰 좋아요,  빠른입주 가능",25.07.18,"['10년이내', '방세개', '화장실두개', '고층']",남동향,13865323.399558501
경기도,용인시 기흥구,중동,하우스디동백카바나,매매,304동,고/24,450000000,90.6,OWNER,"전망좋은 집, 햇살 좋은 집, 화이트인테리어, 관리잘된 집, 세안고 매매",25.07.18,"['10년이내', '방세개', '화장실두개', '고층']",남동향,16419461.920529803
경기도,용인시 기흥구,중동,하우스디동백카바나,매매,303동,고/24,460000000,90.6,OWNER,추천. 남향.  로얄동로얄층,25.07.17,"['10년이내', '방세개', '화장실두개', '고층']",남향,16784338.85209713
경기도,용인시 기흥구,중동,하우스디동백카바나,매매,303동,고/24,450000000,90.6,OWNER,로얄동로얄층.,25.07.17,"['10년이내', '방세개', '화장실두개', '고층']",남향,16419461.920529803
경기도,용인시 기흥구,중동,하우스디동백카바나,매매,304동,저/24,430000000,90.6,OWNER,"세안고, 채광굿, 중층뷰, 깨끗하게 관리 잘된집, 쾌적한 공원뷰",25.07.17,"['10년이내', '방세개', '화장실두개', '세대당1대']",남동향,15689708.057395145
경기도,용인시 기흥구,중동,하우스디동백카바나,매매,304동,고/24,440000000,90.6,OWNER,동진원공원상쾌한공기. 확트인로얄뷰. 12월입주협의,25.07.16,"['10년이내', '방세개', '화장실두개', '고층']",남동향,16054584.988962473
경기도,용인시 기흥구,중동,하우스디동백카바나,매매,303동,1/24,440000000,90.6,OWNER,남향. 막힘없는뷰. 층간소음걱정없이살아요,25.07.09,"['10년이내', '1층', '방세개', '화장실두개']",남향,16054584.988962473
경기도,용인시 기흥구,중동,하우스디동백카바나,전세,303동,24/24,350000000,90.6,OWNER,"빠른입주가능,단기 26년10월까지 탑층 층간소음걱정없음,완전깨끗한집",25.07.09,"['10년이내', '융자금없는', '탑층', '방세개']",남향,12770692.604856513
경기도,용인시 기흥구,중동,하우스디동백카바나,매매,302동,중/21,450000000,90.6,OWNER,시원한뷰.  주인관리깨끗. 초품아. 주차편리동,25.07.09,"['10년이내', '방세개', '화장실두개', '중층']",남서향,16419461.920529803
경기도,용인시 기흥구,중동,하우스디동백카바나,매매,304동,저/24,430000000,90.6,OWNER,세안고 깨끗 조망좋고 단지환경쾌적,25.07.02,"['10년이내', '방세개', '화장실두개', '세대당1대']",남동향,15689708.057395145
경기도,용인시 기흥구,지곡동,자봉마을써니밸리,매매,106동,6/20,380000000,149.51,OWNER,"아주 깨끗한 주인세대,  전체마루, 싱크대교체, 방3",25.07.15,"['25년이내', '대단지', '주방교체', '대형평수']",남향,8402102.200521706
경기도,용인시 기흥구,지곡동,자봉마을써니밸리,매매,110동,12/20,400000000,149.51,OWNER,"방3, 입주협의, 싱크대 교체, 붙박이장 설치, 집상태깨끗해요",25.07.11,"['25년이내', '대단지', '주방교체', '대형평수']",남향,8844318.105812322
경기도,용인시 기흥구,지곡동,자봉마을써니밸리,매매,106동,고/20,380000000,149.51,OWNER,"주인거주로 입주협의, 방3, 싱크대교체",25.07.15,"['25년이내', '대단지', '주방교체', '대형평수']",남향,8402102.200521706
경기도,용인시 기흥구,지곡동,자봉마을써니밸리,매매,106동,6/20,380000000,149.51,DOC,주인거주 완전깨끗한정남향,25.07.18,"['25년이내', '대단지', '대형평수', '방네개이상']",남향,8402102.200521706
경기도,용인시 기흥구,지곡동,자봉마을써니밸리,매매,106동,저/20,350000000,149.51,OWNER,"세안고, 집상태 깨끗",25.07.11,"['25년이내', '대단지', '대형평수', '방네개이상']",남향,7738778.342585782
경기도,용인시 기흥구,지곡동,자봉마을써니밸리,매매,110동,고/20,420000000,149.51,OWNER,"세안고, 집상태 리모델링으로 완전 깨끗, 숲세권 남향집",25.07.11,"['25년이내', '대단지', '대형평수', '방세개']",남향,9286534.011102937
경기도,용인시 기흥구,지곡동,자봉마을써니밸리,매매,113동,고/19,360000000,149.51,DOC,"세안고,  집상태 깨끗하고 전면동으로 시원한 뷰",25.07.19,"['25년이내', '대단지', '대형평수', '방네개이상']",남향,7959886.295231089
경기도,용인시 기흥구,지곡동,자봉마을써니밸리,매매,106동,고/20,500000000,149.51,OWNER,"입주협의, 올리모델링, 올확장,화단철거 집상태 좋아요",25.07.08,"['25년이내', '대단지', '대형평수', '방네개이상']",남향,11055397.6322654
경기도,용인시 기흥구,지곡동,자봉마을써니밸리,매매,111동,중/20,380000000,149.51,DOC,전망.수리예쁘게굿,25.07.18,"['25년이내', '대단지', '대형평수', '방네개이상']",남향,8402102.200521706
경기도,용인시 기흥구,지곡동,자봉마을써니밸리,매매,106동,9/20,350000000,149.51,DOC,정남향.깨끗.,25.07.10,"['25년이내', '대단지', '대형평수', '방네개이상']",남향,7738778.342585782
경기도,용인시 기흥구,지곡동,자봉마을써니밸리,매매,113동,5/19,360000000,149.51,DOC,입주가.전면동.전망굿,25.07.10,"['25년이내', '대단지', '대형평수', '방네개이상']",남향,7959886.295231089
경기도,용인시 기흥구,지곡동,자봉마을써니밸리,매매,110동,저/20,400000000,149.51,OWNER,"세안고,조망권  좋고 따뜻한 남향집,방3",25.07.01,"['25년이내', '대단지', '대형평수', '방네개이상']",남향,8844318.105812322
경기도,용인시 기흥구,지곡동,자봉마을써니밸리,매매,110동,고/20,370000000,149.51,DOC,세안고가능.깨끗,25.07.10,"['25년이내', '대단지', '대형평수', '방네개이상']",남향,8180994.247876397
경기도,용인시 기흥구,지곡동,자봉마을써니밸리,매매,112동,중/17,380000000,149.51,DOC,"주인거주로 입주협의, 기본구조, 개방감 좋은 남향집",25.07.10,"['25년이내', '대단지', '대형평수', '방네개이상']",남향,8402102.200521706
경기도,용인시 기흥구,지곡동,자봉마을써니밸리,전세,112동,고/17,310000000,149.51,DOC,"입주협의, 귀한 전면동 매물로 뷰좋고 깨끗해요",25.07.08,"['25년이내', '대단지', '대형평수', '방네개이상']",남향,6854346.532004549
경기도,용인시 기흥구,지곡동,자봉마을써니밸리,매매,106동,3/20,360000000,149.51,DOC,세안고.수리잘되어 있어요,25.07.01,"['25년이내', '대단지', '대형평수', '방네개이상']",남향,7959886.295231089
경기도,용인시 기흥구,지곡동,자봉마을써니밸리,매매,111동,5/20,380000000,149.51,DOC,"세안고, 로얄동으로 사이드뷰 좋아요, 따뜻한 남향집",25.07.01,"['25년이내', '대단지', '대형평수', '방네개이상']",남향,8402102.200521706
경기도,용인시 기흥구,지곡동,자봉마을써니밸리,매매,110동,저/20,400000000,149.51,OWNER,"입주협의, 방3,  동간거리 넓은 남향집, 단지 조경 좋아요",25.06.27,"['25년이내', '대단지', '대형평수', '방세개']",남향,8844318.105812322
경기도,용인시 기흥구,지곡동,자봉마을써니밸리,매매,106동,12/20,430000000,149.51,DOC,올수리.밝고환함.방확장됨.세안고,25.07.01,"['25년이내', '올수리', '대단지', '대형평수']",남향,9507641.963748246
경기도,용인시 기흥구,지곡동,자봉마을써니밸리,매매,112동,고/17,380000000,149.51,DOC,"입주협의, 로얄동매물로 개방감 좋아요",25.07.05,"['25년이내', '대단지', '대형평수', '방네개이상']",남향,8402102.200521706
경기도,용인시 기흥구,지곡동,자봉마을써니밸리,매매,106동,10/20,350000000,149.51,DOC,로열층.완전깨끗.세안고,25.06.28,"['25년이내', '대단지', '대형평수', '방네개이상']",남향,7738778.342585782
경기도,용인시 기흥구,지곡동,자봉마을써니밸리,매매,110동,저/20,420000000,149.51,OWNER,"붙박이장 설치, 전체마루, 확장매물로 집상태 일부 수리로 깨끗해요.",25.06.24,"['25년이내', '대단지', '대형평수', '방네개이상']",남향,9286534.011102937
경기도,용인시 기흥구,지곡동,자봉마을써니밸리,매매,106동,고/20,400000000,149.51,OWNER,"세안고, 고층으로 전망 좋고 따뜻한집",25.06.24,"['25년이내', '대단지', '대형평수', '방세개']",남향,8844318.105812322
경기도,용인시 기흥구,지곡동,자봉마을써니밸리,전세,110동,중/20,300000000,149.51,DOC,.정남향.전체깨끗.바로입주,25.07.01,"['25년이내', '융자금없는', '대단지', '대형평수']",남향,6633238.579359241
경기도,용인시 기흥구,지곡동,자봉마을써니밸리,매매,114동,2/20,380000000,114.2,OWNER,주인거주 리모델링 완료 전체LX창호교체 중문 거실확장 숲세권 남향 ,25.07.21,"['25년이내', '대단지', '방세개', '화장실두개']",남향,10999985.113835376
경기도,용인시 기흥구,지곡동,자봉마을써니밸리,매매,108동,6/20,330000000,114.2,OWNER,올수리 정상입주 거실확장,25.07.21,"['25년이내', '올수리', '대단지', '방세개']",남향,9552618.651488617
경기도,용인시 기흥구,지곡동,자봉마을써니밸리,매매,108동,18/20,320000000,114.2,MOBL,추천.전망햇살굿.주인거주,25.07.15,"['25년이내', '대단지', '방세개', '화장실두개']",남향,9263145.359019265
경기도,용인시 기흥구,지곡동,자봉마을써니밸리,매매,105동,1/20,320000000,114.2,OWNER,"주인거주, 1층 세대, 기본형, 입주 협의",25.07.16,"['25년이내', '대단지', '1층', '방세개']",남향,9263145.359019265
경기도,용인시 기흥구,지곡동,자봉마을써니밸리,전세,102동,1/20,260000000,114.2,OWNER,"입주협의, 기본구조, 동간거리 넓은 남향집,애완견 없는분",25.07.15,"['25년이내', '대단지', '1층', '방세개']",남향,7526305.604203153
경기도,용인시 기흥구,지곡동,자봉마을써니밸리,매매,109동,5/20,360000000,114.2,OWNER,"주인거주, 뷰 좋은 집, 거실 작은방2 확장, 수리 되어 깨끗합니다.",25.07.12,"['25년이내', '대단지', '방세개', '화장실두개']",남향,10421038.528896673
경기도,용인시 기흥구,지곡동,자봉마을써니밸리,매매,101동,16/20,340000000,114.2,OWNER,"주인거주, 남향,화단확장,수리된깨끗한집",25.07.12,"['25년이내', '대단지', '방세개', '화장실두개']",남향,9842091.94395797
경기도,용인시 기흥구,지곡동,자봉마을써니밸리,매매,101동,저/20,315000000,114.2,OWNER,"빠른입주가능, 기본구조, 사이뷰 좋은집",25.07.18,"['25년이내', '대단지', '방세개', '화장실두개']",남향,9118408.712784588
경기도,용인시 기흥구,지곡동,자봉마을써니밸리,매매,109동,중/20,360000000,114.2,OWNER,"로얄동, 로얄층 매물, 앞뒤 개방감 좋고 입주협의 가능해요",25.07.18,"['25년이내', '대단지', '방세개', '화장실두개']",남향,10421038.528896673
경기도,용인시 기흥구,지곡동,자봉마을써니밸리,매매,104동,저/20,320000000,114.2,OWNER,"입주협의, 일부수리로 깨끗, 필로티동으로 지대 높고 뒤조망권 좋아요",25.07.18,"['25년이내', '대단지', '방세개', '화장실두개']",남향,9263145.359019265
경기도,용인시 기흥구,지곡동,자봉마을써니밸리,매매,101동,10/20,325000000,114.2,OWNER,"거실, 작은방 확장형, 사이 산뷰로 너무 이쁘고 깨끗한집.",25.07.11,"['25년이내', '대단지', '방세개', '화장실두개']",남향,9407882.00525394
경기도,용인시 기흥구,지곡동,자봉마을써니밸리,매매,107동,16/20,319000000,114.2,OWNER,"빠른입주가능, 집상태 깨끗, 동간거리 넓은 남향집,  작은방확장형",25.07.11,"['25년이내', '대단지', '방세개', '화장실두개']",남향,9234198.02977233
경기도,용인시 기흥구,지곡동,자봉마을써니밸리,매매,107동,저/20,320000000,114.2,OWNER,"세안고, 집상태 깨끗, 단지 조경 이쁜집",25.07.15,"['25년이내', '대단지', '방세개', '화장실두개']",남향,9263145.359019265
경기도,용인시 기흥구,지곡동,자봉마을써니밸리,매매,101동,고/20,330000000,114.2,OWNER,"입주협의, 일부수리로 집상태 깨끗, 밝고 환한집",25.07.15,"['25년이내', '대단지', '방세개', '화장실두개']",남향,9552618.651488617
경기도,용인시 기흥구,지곡동,자봉마을써니밸리,매매,102동,고/20,340000000,114.2,OWNER,"입주협의, 상가동이용편리, 집상태 깨끗하고 고층으로 개방감 좋은집",25.07.15,"['25년이내', '대단지', '방세개', '화장실두개']",남향,9842091.94395797
경기도,용인시 기흥구,지곡동,자봉마을써니밸리,매매,109동,중/20,370000000,114.2,OWNER,"개방감 좋은 최고 로얄동 매물,  입주협의",25.07.15,"['25년이내', '대단지', '방세개', '화장실두개']",남향,10710511.821366025
경기도,용인시 기흥구,지곡동,자봉마을써니밸리,매매,109동,19/20,350000000,114.2,DOC,깨끗한.주인거주,25.07.18,"['25년이내', '대단지', '방세개', '화장실두개']",남향,10131565.23642732
경기도,용인시 기흥구,지곡동,자봉마을써니밸리,매매,104동,15/20,330000000,114.2,DOC,주인거주.깨끗한정남향,25.07.18,"['25년이내', '대단지', '방세개', '화장실두개']",남향,9552618.651488617
경기도,용인시 기흥구,지곡동,자봉마을써니밸리,매매,102동,2/20,320000000,114.2,OWNER,올확장 수리되어 있어요 .즉시 입주가능 정남 향  전원아파트,25.07.08,"['25년이내', '대단지', '방세개', '화장실두개']",남향,9263145.359019265
경기도,용인시 기흥구,지곡동,자봉마을써니밸리,매매,103동,3/20,330000000,114.2,DOC,주인거주.완전깨끗,25.07.16,"['25년이내', '대단지', '방세개', '화장실두개']",남향,9552618.651488617
경기도,용인시 기흥구,지곡동,자봉마을써니밸리,매매,109동,15/20,380000000,114.2,DOC,전망좋고 햇살좋은깨끗한정남향,25.07.15,"['25년이내', '대단지', '방세개', '화장실두개']",남향,10999985.113835376
경기도,용인시 기흥구,지곡동,자봉마을써니밸리,매매,107동,10/20,320000000,114.2,DOC,깨끗한정남향.주인거주,25.07.15,"['25년이내', '대단지', '방세개', '화장실두개']",남향,9263145.359019265
경기도,용인시 기흥구,지곡동,자봉마을써니밸리,매매,103동,중/20,330000000,114.2,OWNER,"세안고, 일부 수리로 집상태 깨끗해요",25.07.11,"['25년이내', '대단지', '방세개', '화장실두개']",남향,9552618.651488617
경기도,용인시 기흥구,지곡동,자봉마을써니밸리,매매,109동,고/20,330000000,114.2,OWNER,"9월말입주협의, 로얄동으로 개방감최고, 집상태깨끗해요",25.07.11,"['25년이내', '대단지', '방세개', '화장실두개']",남향,9552618.651488617
경기도,용인시 기흥구,지곡동,자봉마을써니밸리,매매,114동,고/20,350000000,114.2,OWNER,"세안고 , 조망권 좋고 채광 좋은 로얄 매물, 집상태 깨끗",25.07.11,"['25년이내', '대단지', '방세개', '화장실두개']",남향,10131565.23642732
경기도,용인시 기흥구,지곡동,자봉마을써니밸리,매매,105동,고/20,380000000,114.2,OWNER,"최고로얄매물, 거실폴딩도어로 넓게 사용, 모든방 붙박이장설치",25.07.11,"['25년이내', '대단지', '방세개', '화장실두개']",남향,10999985.113835376
경기도,용인시 기흥구,지곡동,자봉마을써니밸리,매매,108동,저/20,340000000,114.2,OWNER,"리모델링으로 집상태 깨끗, 긴잔금 가능, 동간거리 넓은 남향집",25.07.08,"['25년이내', '대단지', '방세개', '화장실두개']",남향,9842091.94395797
경기도,용인시 기흥구,지곡동,자봉마을써니밸리,매매,101동,1/20,330000000,114.2,OWNER,"입주협의, 리모델링 집으로 귀한 1층 매물, 텃밭 활용 좋은집",25.07.01,"['25년이내', '대단지', '1층', '방세개']",남향,9552618.651488617
경기도,용인시 기흥구,지곡동,자봉마을써니밸리,매매,108동,17/20,320000000,114.2,DOC,입주가.정남향 .기본,25.07.10,"['25년이내', '대단지', '방세개', '화장실두개']",남향,9263145.359019265
경기도,용인시 기흥구,지곡동,자봉마을써니밸리,매매,109동,18/20,330000000,114.2,DOC,세안고매물.올수리.폴딩도어. 전망좋은집,25.07.10,"['25년이내', '올수리', '대단지', '방세개']",남향,9552618.651488617
경기도,용인시 기흥구,지곡동,자봉마을써니밸리,매매,108동,고/20,315000000,114.2,DOC,정남향.주인거주깨끗,25.07.16,"['25년이내', '대단지', '방세개', '화장실두개']",남향,9118408.712784588
경기도,용인시 기흥구,지곡동,자봉마을써니밸리,매매,103동,11/20,330000000,114.2,DOC,"씽크대 및 화장실 교체, 중문설치 등 수리됨",25.07.08,"['25년이내', '대단지', '방세개', '화장실두개']",남향,9552618.651488617
경기도,용인시 기흥구,지곡동,자봉마을써니밸리,매매,102동,6/20,320000000,114.2,DOC,엄청깨끗한 주인거주.잔잔한뷰,25.07.05,"['25년이내', '대단지', '방세개', '화장실두개']",남향,9263145.359019265
경기도,용인시 기흥구,지곡동,자봉마을써니밸리,매매,108동,중/20,350000000,114.2,OWNER,"세안고, 기본구조로 깨끗한 집",25.07.01,"['25년이내', '대단지', '방세개', '화장실두개']",남향,10131565.23642732
경기도,용인시 기흥구,지곡동,자봉마을써니밸리,매매,104동,중/20,330000000,114.2,OWNER,"입주협의, 일부 리모델링으로 집상태 깨끗, 주차 편한동",25.07.01,"['25년이내', '대단지', '방세개', '화장실두개']",남향,9552618.651488617
경기도,용인시 기흥구,지곡동,자봉마을써니밸리,매매,104동,중/20,400000000,114.2,OWNER,"특올수리된 집, 집상태 완전깨끗, 손볼곳없이 그대로 입주가능, 주차편한동",25.07.01,"['25년이내', '올수리', '대단지', '방세개']",남향,11578931.69877408
경기도,용인시 기흥구,지곡동,자봉마을써니밸리,매매,114동,중/20,330000000,114.2,OWNER,"세안고,  개방감 좋은 전면동 매물, 일부수리",25.07.01,"['25년이내', '대단지', '방세개', '화장실두개']",남향,9552618.651488617
경기도,용인시 기흥구,지곡동,자봉마을써니밸리,매매,102동,고/20,310000000,114.2,OWNER,"추천매물, 짧은 세안고, 기본구조로 깨끗한 고층집, 편의시설 이용 편리",25.07.01,"['25년이내', '대단지', '방세개', '화장실두개']",남향,8973672.066549912
경기도,용인시 기흥구,지곡동,자봉마을써니밸리,매매,102동,중/20,335000000,114.2,OWNER,"기본구조로 집상태 깨끗, 편의시설 이용 편리",25.07.01,"['25년이내', '대단지', '방세개', '화장실두개']",남향,9697355.297723291
경기도,용인시 기흥구,지곡동,자봉마을써니밸리,매매,104동,고/20,350000000,114.2,OWNER,"입주협의, 주인거주로 깨끗, 붙박이장 설치로 수납공간 좋은집",25.07.01,"['25년이내', '대단지', '방세개', '화장실두개']",남향,10131565.23642732
경기도,용인시 기흥구,지곡동,자봉마을써니밸리,매매,108동,고/20,340000000,114.2,OWNER,"입주협의, 일부 리모델링으로 집상태 깨끗",25.07.01,"['25년이내', '대단지', '방세개', '화장실두개']",남향,9842091.94395797
경기도,용인시 기흥구,지곡동,자봉마을써니밸리,매매,109동,고/20,330000000,114.2,DOC,"빠른입주가능, 뷰 최고 좋은 로얄층 매물",25.07.11,"['25년이내', '대단지', '방세개', '화장실두개']",남향,9552618.651488617
경기도,용인시 기흥구,지곡동,자봉마을써니밸리,매매,101동,20/20,350000000,114.2,OWNER,"주인거주, 입주협의, 전체확장, 다락있는 탑층",25.06.24,"['25년이내', '대단지', '탑층', '방세개']",남향,10131565.23642732
경기도,용인시 기흥구,지곡동,자봉마을써니밸리,매매,105동,18/20,350000000,114.2,DOC,.거실.등.깨끗.주인거주,25.07.04,"['25년이내', '대단지', '방세개', '화장실두개']",남향,10131565.23642732
경기도,용인시 기흥구,지곡동,자봉마을써니밸리,매매,101동,13/20,340000000,114.2,DOC,예쁘게수리된 주인거주,25.07.02,"['25년이내', '대단지', '방세개', '화장실두개']",남향,9842091.94395797
경기도,용인시 기흥구,지곡동,자봉마을써니밸리,매매,103동,15/20,330000000,114.2,DOC,깨끗한정남향.세안고,25.07.02,"['25년이내', '대단지', '방세개', '화장실두개']",남향,9552618.651488617
경기도,용인시 기흥구,지곡동,자봉마을써니밸리,매매,114동,저/20,400000000,114.2,OWNER,"전면동으로 개방감최고, 올리모델링으로 집상태 최상, 주인거주로 입주협의",25.06.28,"['25년이내', '대단지', '방세개', '화장실두개']",남향,11578931.69877408
경기도,용인시 기흥구,지곡동,자봉마을써니밸리,매매,105동,6/20,350000000,114.2,DOC,추천.깨끗한.전망굿,25.07.01,"['25년이내', '대단지', '방세개', '화장실두개']",남향,10131565.23642732
경기도,용인시 기흥구,지곡동,자봉마을써니밸리,매매,105동,12/20,370000000,114.2,DOC,전망좋은 깨끗한집,25.07.01,"['25년이내', '대단지', '방세개', '화장실두개']",남향,10710511.821366025
경기도,용인시 기흥구,지곡동,자봉마을써니밸리,매매,108동,저/20,320000000,114.2,OWNER,"세안고, 집상태깨끗, 따뜻한 남향집",25.06.27,"['25년이내', '대단지', '방세개', '화장실두개']",남향,9263145.359019265
경기도,용인시 기흥구,지곡동,자봉마을써니밸리,매매,101동,저/20,320000000,114.2,OWNER,"세안고,  햇살 잘 들고  남향집이라 밝고 환해요.집상태 깨끗",25.06.27,"['25년이내', '대단지', '방세개', '화장실두개']",남향,9263145.359019265
경기도,용인시 기흥구,지곡동,자봉마을써니밸리,매매,114동,중/20,360000000,114.2,OWNER,"입주협의, 전면동으로 개방감 좋고 깔끔한 집",25.06.27,"['25년이내', '대단지', '방세개', '화장실두개']",남향,10421038.528896673
경기도,용인시 기흥구,지곡동,자봉마을써니밸리,매매,109동,중/20,340000000,114.2,OWNER,"세안고, 로얄동으로 개방감 좋은 남향집",25.06.27,"['25년이내', '대단지', '방세개', '화장실두개']",남향,9842091.94395797
경기도,용인시 기흥구,지곡동,자봉마을써니밸리,매매,108동,중/20,340000000,114.2,OWNER,"세안고, 올확장 매물로 동간 거리 넓은 남향집,  사이드산뷰",25.06.25,"['25년이내', '대단지', '방세개', '화장실두개']",남향,9842091.94395797
경기도,용인시 기흥구,지곡동,자봉마을써니밸리,매매,104동,중/20,310000000,114.2,DOC,세안고.집상태완전깨끗.기본,25.07.05,"['25년이내', '대단지', '방세개', '화장실두개']",남향,8973672.066549912
경기도,용인시 기흥구,지곡동,자봉마을써니밸리,매매,105동,중/20,380000000,114.2,DOC,전망굿.수리완전깨끗,25.07.05,"['25년이내', '대단지', '방세개', '화장실두개']",남향,10999985.113835376
경기도,용인시 기흥구,지곡동,자봉마을써니밸리,매매,103동,중/20,315000000,114.2,DOC,"즉시 입주가능, 기본구조로 깔끔해요, 동간거리 넓은 남향집",25.07.05,"['25년이내', '대단지', '방세개', '화장실두개']",남향,9118408.712784588
경기도,용인시 기흥구,지곡동,자봉마을써니밸리,매매,107동,중/20,350000000,114.2,OWNER,"빠른입주가능, 기본구조 깨끗한집,",25.06.24,"['25년이내', '대단지', '방세개', '화장실두개']",남향,10131565.23642732
경기도,용인시 기흥구,지곡동,자봉마을써니밸리,매매,102동,저/20,320000000,114.2,DOC,수리된 깨끗한정남향,25.07.04,"['25년이내', '대단지', '방세개', '화장실두개']",남향,9263145.359019265
경기도,용인시 기흥구,지곡동,자봉마을써니밸리,매매,108동,저/20,325000000,114.2,DOC,부분수리된집.정남향,25.07.03,"['25년이내', '대단지', '방네개이상', '화장실두개']",남향,9407882.00525394
경기도,용인시 기흥구,지곡동,자봉마을써니밸리,매매,108동,저/20,320000000,114.2,DOC,깨끗이 정남향,25.07.01,"['25년이내', '대단지', '방세개', '화장실두개']",남향,9263145.359019265
경기도,용인시 기흥구,지곡동,자봉마을써니밸리,매매,114동,중/20,370000000,114.2,DOC,전면동으로 전망굿.굿,25.07.01,"['25년이내', '대단지', '방세개', '화장실두개']",남향,10710511.821366025
경기도,용인시 기흥구,지곡동,자봉마을써니밸리,매매,101동,중/20,310000000,114.2,DOC,"세안고, 앞뒤 개방감 좋고 편의시설 이용 편한동",25.07.01,"['25년이내', '대단지', '방세개', '화장실두개']",남향,8973672.066549912
경기도,용인시 기흥구,지곡동,자봉마을써니밸리,매매,105동,11/20,340000000,114.2,DOC,전망좋은 정남향.깨끗.세안고,25.06.24,"['25년이내', '대단지', '방세개', '화장실두개']",남향,9842091.94395797
경기도,용인시 기흥구,지곡동,자봉마을써니밸리,매매,101동,14/20,330000000,114.2,DOC,전망좋은 초입동.완전깨끗,25.06.24,"['25년이내', '대단지', '방세개', '화장실두개']",남향,9552618.651488617
경기도,용인시 기흥구,지곡동,자봉마을써니밸리,매매,109동,15/20,370000000,114.2,DOC,뷰최고.깨끗함도최고,25.06.24,"['25년이내', '대단지', '방세개', '화장실두개']",남향,10710511.821366025
경기도,용인시 기흥구,지곡동,자봉마을써니밸리,매매,107동,11/20,320000000,114.2,DOC,정남향.세안고가능,25.06.24,"['25년이내', '대단지', '방세개', '화장실두개']",남향,9263145.359019265
경기도,용인시 기흥구,지곡동,자봉마을써니밸리,매매,108동,중/20,340000000,114.2,DOC,깨끗.정남향,25.06.28,"['25년이내', '대단지', '방세개', '화장실두개']",남향,9842091.94395797
경기도,용인시 기흥구,지곡동,자봉마을써니밸리,매매,108동,고/20,420000000,114.2,NONE,"공동화장실 교체, 고층으로 뷰좋은 남향집",25.07.18,"['25년이내', '대단지', '방세개', '화장실두개']",남향,12157878.283712786
경기도,용인시 기흥구,지곡동,자봉마을써니밸리,월세,101동,저/20,"1억 3,000/50",114.2,NONE,리모델링으로 집상태 깨끗,25.07.18,"['25년이내', '대단지', '방세개', '화장실두개']",남향,
경기도,용인시 기흥구,지곡동,자봉마을써니밸리,전세,102동,1/20,260000000,114.2,NONE,"입주협의, 기본구조, 편의시설 이용 편한동",25.07.02,"['25년이내', '대단지', '1층', '방세개']",남향,7526305.604203153
경기도,용인시 기흥구,지곡동,자봉마을써니밸리,매매,101동,20/20,350000000,114.2,NONE,올확장깨끗한수리.다락방,25.06.25,"['25년이내', '대단지', '탑층', '방세개']",남향,10131565.23642732
경기도,용인시 기흥구,청덕동,구성더포레스트,매매,604동,15/17,480000000,111.45,NDOC1,A형  거실 앞  트인 조망 좋음   깨끗 수리된집,25.07.19,"['25년이내', '방세개', '화장실두개', '고층']",남향,14237566.6218035
경기도,용인시 기흥구,청덕동,구성더포레스트,매매,604동,17/17,610000000,111.45,NDOC1,,25.07.18,"['25년이내', '복층', '탑층', '방세개']",남향,18093574.248541947
경기도,용인시 기흥구,청덕동,구성더포레스트,매매,604동,중/17,500000000,111.45,NDOC1,전체리모델링 확장형 중심상가인접 초중고도보권,25.07.04,"['25년이내', '방세개', '화장실두개', '중층']",남향,14830798.564378645
경기도,용인시 기흥구,청덕동,구성더포레스트,월세,601동,저/20,"1억 2,000/100",111.45,NONE,확장형 상가이용편리 초중고도보권,25.07.03,"['25년이내', '방세개', '화장실두개', '세대당1대']",남향,
경기도,용인시 기흥구,청덕동,구성더포레스트,매매,601동,13/20,430000000,111.17,OWNER,"입주협의,확장형,깨끗,초중고도보,중심상권인접,생활편리,탄천,법화산",25.07.17,"['25년이내', '방세개', '화장실두개', '중층']",남향,12786611.046145543
경기도,용인시 기흥구,청덕동,구성더포레스트,매매,605동,18/20,510000000,111.11,OWNER,"급매,탑층테라스,다락방,수리,뷰좋음,올확장,중심상권인접,초중고도보",25.07.11,"['25년이내', '테라스', '복층', '급매']",남동향,15173704.887048872
경기도,용인시 기흥구,청덕동,구성더포레스트,매매,606동,14/20,440000000,98.28,NDOC1,"정남향, 확장형, 정문인접동으로 버스이용 용이, 상가 인접 ",25.07.10,"['25년이내', '방세개', '화장실두개', '고층']",남향,14800014.245014245
경기도,용인시 기흥구,청덕동,구성더포레스트,매매,605동,중/20,430000000,98.28,NDOC1,확장형 전망굿 중심상가인접 초중고도보권,25.07.08,"['25년이내', '방세개', '화장실두개', '중층']",남향,14463650.284900285
경기도,용인시 기흥구,청덕동,구성더포레스트,매매,605동,중/20,400000000,98.28,NDOC1,맨 앞 동 숲 세권 최고의 전망,25.07.08,"['25년이내', '방세개', '화장실두개', '중층']",남향,13454558.404558405
경기도,용인시 기흥구,청덕동,구성더포레스트,매매,605동,17/20,440000000,98.28,DOC,"세안고 매매,확장형,정남향으로 채광 좋음,확 트인 전망",25.07.05,"['25년이내', '방세개', '화장실두개', '고층']",남향,14800014.245014245
경기도,용인시 기흥구,청덕동,물푸레마을휴먼시아3단지,매매,333동,10/15,430000000,113.06,NDOC1,전망굿 주인거주로 깨끗함 ,25.07.21,"['25년이내', '방세개', '화장실두개', '중층']",남서향,12572859.985848224
경기도,용인시 기흥구,청덕동,물푸레마을휴먼시아3단지,매매,333동,2/15,390000000,113.06,OWNER,정원같은 산조망 깨끗 입주협의,25.07.19,"['25년이내', '마당', '방세개', '화장실두개']",남동향,11403291.615071645
경기도,용인시 기흥구,청덕동,물푸레마을휴먼시아3단지,전세,330동,7/14,300000000,113.06,OWNER,부분수리  조망굿  깨끗  입주협의,25.07.18,"['25년이내', '융자금없는', '방세개', '화장실두개']",남동향,8771762.78082434
경기도,용인시 기흥구,청덕동,물푸레마을휴먼시아3단지,전세,333동,2/15,310000000,113.06,NDOC1,산조망  방1확장  도배해줌   입주협의,25.07.17,"['25년이내', '융자금없는', '방세개', '화장실두개']",남동향,9064154.873518486
경기도,용인시 기흥구,청덕동,물푸레마을휴먼시아3단지,매매,322동,3/7,390000000,113.06,NDOC1,숲전망 방1 확장 조용하고 깨끗 입주협의,25.07.16,"['25년이내', '방세개', '화장실두개', '중층']",남동향,11403291.615071645
경기도,용인시 기흥구,청덕동,물푸레마을휴먼시아3단지,매매,332동,13/15,420000000,113.06,OWNER,확장형  조망굿  깨끗  입주협의,25.07.16,"['25년이내', '방세개', '화장실두개', '고층']",남서향,12280467.893154077
경기도,용인시 기흥구,청덕동,물푸레마을휴먼시아3단지,매매,329동,1/15,400000000,113.06,OWNER,주방싱크대교체한샘 led등 설치 빠른입주가,25.07.15,"['25년이내', '1층', '주방교체', '방세개']",남동향,11695683.707765788
경기도,용인시 기흥구,청덕동,물푸레마을휴먼시아3단지,전세,335동,중/14,350000000,113.06,NDOC1,잎동  조망굿   아주깨끗  9월입주가,25.07.21,"['25년이내', '융자금없는', '방세개', '화장실두개']",남서향,10233723.244295066
경기도,용인시 기흥구,청덕동,물푸레마을휴먼시아3단지,매매,317동,2/6,420000000,113.06,OWNER,방3.입주.수리됨.금액.원하시는 조건을 최대한 맞춰드리겠습니다,25.07.15,"['25년이내', '방세개', '화장실두개', '세대당1대']",남향,12280467.893154077
경기도,용인시 기흥구,청덕동,물푸레마을휴먼시아3단지,매매,329동,3/15,410000000,113.06,OWNER,기본형.방3.입주.금액.원하시는 조건을 최대한 맞춰드리겠습니다,25.07.15,"['25년이내', '방세개', '화장실두개', '세대당1대']",남향,11988075.800459933
경기도,용인시 기흥구,청덕동,물푸레마을휴먼시아3단지,매매,330동,8/14,420000000,113.06,OWNER,"갭1.3억,세안고매매,주방과화장실올수리,기본형,뷰좋아요",25.07.15,"['25년이내', '올수리', '방세개', '화장실두개']",남동향,12280467.893154077
경기도,용인시 기흥구,청덕동,물푸레마을휴먼시아3단지,매매,332동,11/15,410000000,113.06,NDOC1,산조망굿  깨끗  즉시입주,25.07.14,"['25년이내', '방세개', '화장실두개', '고층']",남동향,11988075.800459933
경기도,용인시 기흥구,청덕동,물푸레마을휴먼시아3단지,전세,331동,7/14,320000000,113.06,OWNER,공기좋고 산조망굿 깨끗 입주협의,25.07.14,"['25년이내', '융자금없는', '방세개', '화장실두개']",남동향,9356546.966212632
경기도,용인시 기흥구,청덕동,물푸레마을휴먼시아3단지,매매,329동,고/15,420000000,113.06,OWNER,"전세안고매매,갭1억1600만,확장구조,뷰좋아요",25.07.20,"['25년이내', '방세개', '화장실두개', '고층']",남동향,12280467.893154077
경기도,용인시 기흥구,청덕동,물푸레마을휴먼시아3단지,매매,333동,저/15,480000000,113.06,OWNER,"올 확장, 주인 거주로 깨끗",25.07.17,"['25년이내', '방세개', '화장실두개', '세대당1대']",남서향,14034820.449318947
경기도,용인시 기흥구,청덕동,물푸레마을휴먼시아3단지,매매,330동,13/14,415000000,113.06,OWNER,"세안고매매, 작년 부분수리, 전원형 숲세권",25.07.10,"['25년이내', '방세개', '화장실두개', '고층']",남동향,12134271.846807007
경기도,용인시 기흥구,청덕동,물푸레마을휴먼시아3단지,매매,321동,2/7,410000000,113.06,OWNER,숲세권아파트  수리되고 깨끗한 집 입주협의,25.07.08,"['25년이내', '방세개', '화장실두개', '세대당1대']",남동향,11988075.800459933
경기도,용인시 기흥구,청덕동,물푸레마을휴먼시아3단지,매매,332동,14/15,410000000,113.06,OWNER,산조망굿 부분수리 깨끗 입주협의,25.07.05,"['25년이내', '방세개', '화장실두개', '고층']",남동향,11988075.800459933
경기도,용인시 기흥구,청덕동,물푸레마을휴먼시아3단지,매매,331동,5/14,400000000,113.06,OWNER,공기좋고 전망좋음 주인거주 깨끗 입주협의,25.07.05,"['25년이내', '방세개', '화장실두개', '중층']",남서향,11695683.707765788
경기도,용인시 기흥구,청덕동,물푸레마을휴먼시아3단지,매매,335동,고/14,455000000,113.06,NDOC1,올수리 전망굿 주인거주로 깨끗함 ,25.07.10,"['25년이내', '올수리', '방세개', '화장실두개']",남동향,13303840.217583586
경기도,용인시 기흥구,청덕동,물푸레마을휴먼시아3단지,매매,334동,중/14,450000000,113.06,OWNER,"공원뷰,입주협의,기본형,뷰좋아요",25.07.10,"['25년이내', '방세개', '화장실두개', '중층']",남동향,13157644.171236511
경기도,용인시 기흥구,청덕동,물푸레마을휴먼시아3단지,매매,332동,중/15,390000000,113.06,NDOC1,전망굿  아주깨끗  전세안고매매,25.07.09,"['25년이내', '방세개', '화장실두개', '중층']",남서향,11403291.615071645
경기도,용인시 기흥구,청덕동,물푸레마을휴먼시아3단지,매매,332동,8/15,450000000,113.06,NDOC1,중간동 트인전망 깨끗 입주협의,25.06.26,"['25년이내', '방세개', '화장실두개', '중층']",남서향,13157644.171236511
경기도,용인시 기흥구,청덕동,물푸레마을휴먼시아3단지,매매,332동,저/15,410000000,113.06,NDOC1,앞 뒤 확트윈 숲세권 내부 화이트 색상으로 리모텔링,25.07.02,"['25년이내', '방세개', '화장실두개', '세대당1대']",남동향,11988075.800459933
경기도,용인시 기흥구,청덕동,물푸레마을휴먼시아3단지,매매,320동,중/6,400000000,113.06,OWNER,기본 관리잘된매우깨끗한집 거실전면트인뷰,25.07.01,"['25년이내', '방세개', '화장실두개', '중층']",남향,11695683.707765788
경기도,용인시 기흥구,청덕동,물푸레마을휴먼시아3단지,매매,329동,저/15,410000000,113.06,NDOC1,앞 뒤 확 트윈 숲 세권  소유주 거주,25.06.26,"['25년이내', '방세개', '화장실두개', '세대당1대']",남동향,11988075.800459933
경기도,용인시 기흥구,청덕동,물푸레마을휴먼시아3단지,매매,320동,3/6,400000000,113.06,NONE,숲세권 조망 기본 깨끗 입주협의,25.07.16,"['25년이내', '방세개', '화장실두개', '중층']",남동향,11695683.707765788
경기도,용인시 기흥구,청덕동,물푸레마을휴먼시아3단지,전세,331동,7/14,320000000,113.06,NONE,산조망굿 조용 깨끗 입주협의 ,25.07.01,"['25년이내', '융자금없는', '방세개', '화장실두개']",남동향,9356546.966212632
경기도,용인시 기흥구,청덕동,물푸레마을휴먼시아3단지,매매,330동,13/14,415000000,113.06,NONE,"기본구조, 멋진산전망, 부분수리로 아주깨끗, 6월부터협의",25.06.24,"['25년이내', '방세개', '화장실두개', '고층']",남동향,12134271.846807007
경기도,용인시 기흥구,청덕동,물푸레마을휴먼시아3단지,매매,328동,3/10,400000000,112.89,OWNER,환경좋은숲세권아파트 부분수리  주인거주 깨끗 입주협의,25.07.21,"['25년이내', '방세개', '화장실두개', '세대당1대']",남동향,11713296.128975108
경기도,용인시 기흥구,청덕동,물푸레마을휴먼시아3단지,전세,326동,9/9,340000000,112.89,NDOC1,탑층 다락방 있음 깨끗함,25.07.21,"['25년이내', '융자금없는', '탑층', '방세개']",남동향,9956301.709628843
경기도,용인시 기흥구,청덕동,물푸레마을휴먼시아3단지,매매,326동,7/9,390000000,112.89,NDOC1,일부확장 아주깨끗  정님향  입주렵의,25.07.21,"['25년이내', '방세개', '화장실두개', '고층']",남동향,11420463.725750731
경기도,용인시 기흥구,청덕동,물푸레마을휴먼시아3단지,매매,327동,7/10,450000000,112.89,OWNER,탑층.다락방.입주.금액.원하시는 조건을 최대한 맞춰드리겠습니다,25.07.21,"['25년이내', '방세개', '화장실두개', '고층']",남향,13177458.145096999
경기도,용인시 기흥구,청덕동,물푸레마을휴먼시아3단지,매매,327동,7/10,430000000,112.89,NDOC1,거실앞 조망최고  수리깨끗 입주정상,25.07.19,"['25년이내', '방세개', '화장실두개', '고층']",남동향,12591793.338648243
경기도,용인시 기흥구,청덕동,물푸레마을휴먼시아3단지,월세,327동,4/10,"5,000/120",112.89,NDOC1,남향 확장형 입주6월말부터,25.07.18,"['25년이내', '융자금없는', '복층', '방세개']",남향,
경기도,용인시 기흥구,청덕동,물푸레마을휴먼시아3단지,매매,328동,1/10,370000000,112.89,NDOC1,남향 부분수리해줌 입주정상 ,25.07.18,"['25년이내', '1층', '방세개', '화장실두개']",남향,10834798.919301976
경기도,용인시 기흥구,청덕동,물푸레마을휴먼시아3단지,매매,305동,3/7,420000000,112.89,NDOC1,전세안고매매 앞동 탁트인뷰 거실확장 올수리한집,25.07.15,"['25년이내', '올수리', '방세개', '화장실두개']",남향,12298960.935423864
경기도,용인시 기흥구,청덕동,물푸레마을휴먼시아3단지,매매,328동,2/10,420000000,112.89,OWNER,중문 및 붙박이장 설치 싱크대 화장실 수리 입주협의,25.07.15,"['25년이내', '욕실수리', '방세개', '화장실두개']",남동향,12298960.935423864
경기도,용인시 기흥구,청덕동,물푸레마을휴먼시아3단지,매매,326동,9/9,430000000,112.89,OWNER,탑층 다락방 주인거주 깨끗  입주협의,25.07.14,"['25년이내', '탑층', '방세개', '화장실두개']",남동향,12591793.338648243
경기도,용인시 기흥구,청덕동,물푸레마을휴먼시아3단지,매매,325동,중/8,430000000,112.89,NDOC1,잎조망  아주깨끗  입주협의,25.07.18,"['25년이내', '방세개', '화장실두개', '중층']",남동향,12591793.338648243
경기도,용인시 기흥구,청덕동,물푸레마을휴먼시아3단지,매매,324동,7/8,420000000,112.89,OWNER,중간동 남향 조망굿 입주협의,25.07.11,"['25년이내', '방세개', '화장실두개', '고층']",남향,12298960.935423864
경기도,용인시 기흥구,청덕동,물푸레마을휴먼시아3단지,매매,304동,3/7,395000000,112.89,OWNER,앞동 남향 주인거주 깨끗 입주협의,25.07.10,"['25년이내', '방세개', '화장실두개', '중층']",남향,11566879.92736292
경기도,용인시 기흥구,청덕동,물푸레마을휴먼시아3단지,매매,327동,1/10,400000000,112.89,OWNER,확장 부분수리 주인거주 필로티1층 출입구별도 입주협의,25.07.03,"['25년이내', '1층', '필로티', '방세개']",남동향,11713296.128975108
경기도,용인시 기흥구,청덕동,물푸레마을휴먼시아3단지,매매,313동,8/8,440000000,112.89,NDOC1,남향 탑층 고정식계단 다락방 수리깨끗함,25.06.27,"['25년이내', '복층', '탑층', '방세개']",남향,12884625.74187262
경기도,용인시 기흥구,청덕동,물푸레마을휴먼시아3단지,매매,313동,6/8,480000000,112.89,NDOC1,남향 탑층 고정식계단 다락방 부분수리 께끗함,25.06.25,"['25년이내', '복층', '방세개', '화장실두개']",남향,14055955.354770131
경기도,용인시 기흥구,청덕동,물푸레마을휴먼시아3단지,매매,309동,중/6,450000000,112.89,OWNER,앞동 남향 조망  확장형 부분수리 아주깨끗  입주협의,25.06.26,"['25년이내', '방세개', '화장실두개', '중층']",남향,13177458.145096999
경기도,용인시 기흥구,청덕동,물푸레마을휴먼시아3단지,전세,315동,2/4,300000000,112.87,DOC,"추.천. 착한가격,8월입주가능, 동일층 단독세대로 독립적사용.",25.07.18,"['25년이내', '방세개', '화장실두개', '중층']",남동향,8786528.749889253
경기도,용인시 기흥구,청덕동,물푸레마을휴먼시아3단지,매매,316동,2/6,580000000,112.18,OWNER,테라스.수리됨.입주.금액.원하시는 조건을 최대한 맞춰드리겠습니다,25.07.21,"['25년이내', '테라스', '방세개', '화장실두개']",남향,17091774.826172225
경기도,용인시 기흥구,청덕동,물푸레마을휴먼시아3단지,매매,331동,3/14,550000000,112.18,OWNER,테라스  산조망굿  확장형   아주깨끗  입주협의,25.07.19,"['25년이내', '테라스', '방세개', '화장실두개']",남동향,16207717.507577108
경기도,용인시 기흥구,청덕동,물푸레마을휴먼시아3단지,매매,317동,3/6,550000000,112.18,OWNER,정원같은 테라스 확장형 최근수리 깨끗 입주협의가,25.07.19,"['25년이내', '테라스', '마당', '방세개']",남동향,16207717.507577108
경기도,용인시 기흥구,청덕동,물푸레마을휴먼시아3단지,매매,317동,3/6,550000000,112.18,NDOC1,정남향 근래 올수리 확장 화이트,25.07.18,"['25년이내', '올수리', '방세개', '화장실두개']",남향,16207717.507577108
경기도,용인시 기흥구,청덕동,물푸레마을휴먼시아3단지,매매,335동,3/14,650000000,112.18,OWNER,앞동 테라스 확장 인테리어 꺠끗 입주협의가,25.07.17,"['25년이내', '테라스', '방세개', '화장실두개']",남서향,19154575.23622749
경기도,용인시 기흥구,청덕동,물푸레마을휴먼시아3단지,매매,319동,1/6,480000000,112.18,OWNER,숲세권의  테라스 아파트 기본형 깨끗 입주협의,25.07.04,"['25년이내', '테라스', '1층', '방세개']",남동향,14144917.09752184
경기도,용인시 기흥구,청덕동,물푸레마을휴먼시아3단지,매매,335동,3/14,650000000,112.18,NDOC1,테라스 확장인테리어  층고높음  입주협의,25.07.03,"['25년이내', '테라스', '방세개', '화장실두개']",남동향,19154575.23622749
경기도,용인시 기흥구,청덕동,물푸레마을휴먼시아3단지,매매,318동,2/6,480000000,112.18,NDOC1,테라스  주차장 엘리베이트연결  입주협의,25.07.01,"['25년이내', '테라스', '필로티', '방세개']",남향,14144917.09752184
경기도,용인시 기흥구,청덕동,물푸레마을휴먼시아3단지,매매,323동,2/6,480000000,112.18,NDOC1,급매 올확장형테라스 깨끗 하시입주,25.06.30,"['25년이내', '테라스', '급매', '필로티']",남동향,14144917.09752184
경기도,용인시 기흥구,청덕동,물푸레마을휴먼시아3단지,매매,330동,저/14,620000000,112.18,OWNER,테라스  확장 및 인테리어  전세안고매매,25.07.04,"['25년이내', '테라스', '방세개', '화장실두개']",남동향,18270517.917632375
경기도,용인시 기흥구,청덕동,물푸레마을휴먼시아3단지,매매,318동,2/6,480000000,112.18,OWNER,테라스 정원이 있는 아파트 입주협의,25.06.27,"['25년이내', '테라스', '마당', '방세개']",남동향,14144917.09752184
경기도,용인시 기흥구,청덕동,물푸레마을휴먼시아3단지,매매,321동,3/7,600000000,112.18,OWNER,귀한 테라스3층 확장형 주인거주 깨끗 입주협의,25.06.26,"['25년이내', '테라스', '방세개', '화장실두개']",남동향,17681146.3719023
경기도,용인시 기흥구,청덕동,물푸레마을휴먼시아3단지,전세,308동,3/14,300000000,100.82,NDOC1,앞동  깨끗    빠른입주도 가능,25.07.19,"['25년이내', '융자금없는', '방세개', '화장실두개']",남동향,9836694.108311845
경기도,용인시 기흥구,청덕동,물푸레마을휴먼시아3단지,매매,308동,6/14,380000000,100.82,OWNER,앞동  아주깨끗  입주협의,25.07.17,"['25년이내', '방세개', '화장실두개', '중층']",남동향,12459812.537195003
경기도,용인시 기흥구,청덕동,물푸레마을휴먼시아3단지,매매,307동,14/14,390000000,100.82,OWNER,"입주협의,기본형,고층뷰,정문가까운로얄동로얄층",25.07.12,"['25년이내', '탑층', '방세개', '화장실두개']",남동향,12787702.340805396
경기도,용인시 기흥구,청덕동,물푸레마을휴먼시아3단지,매매,308동,4/14,390000000,100.82,OWNER,앞동 산조망 주인거주 깨끗 입주협의,25.07.11,"['25년이내', '방세개', '화장실두개', '세대당1대']",남서향,12787702.340805396
경기도,용인시 기흥구,청덕동,물푸레마을휴먼시아3단지,매매,306동,4/14,400000000,100.81,NDOC1,맨 앞동으로 올 확장 인테리어 내부예쁨,25.07.19,"['25년이내', '방세개', '화장실두개', '세대당1대']",남동향,13116893.16536058
경기도,용인시 기흥구,청덕동,물푸레마을휴먼시아3단지,전세,307동,3/14,300000000,100.81,NDOC1,깨끗 입주정상  8월중순이후,25.07.18,"['25년이내', '융자금없는', '방세개', '화장실두개']",남동향,9837669.874020435
경기도,용인시 기흥구,청덕동,물푸레마을휴먼시아3단지,전세,306동,저/14,300000000,100.81,NDOC1,앞동 즉시입주 구성역9분소요버스,25.07.18,"['25년이내', '방세개', '화장실두개', '세대당1대']",남동향,9837669.874020435
경기도,용인시 기흥구,청덕동,물푸레마을휴먼시아3단지,매매,308동,2/14,390000000,100.81,NDOC1,필로티2층  아이들 키우기 좋아요  전망굿  깨끗  입주협의,25.07.10,"['25년이내', '필로티', '방세개', '화장실두개']",남서향,12788970.836226566
경기도,용인시 기흥구,청덕동,물푸레마을휴먼시아3단지,매매,307동,3/14,390000000,100.81,NDOC1,"정문 가까운동, 입주협의가능, LED등교체, 지하주차장 연결되어 있음",25.07.05,"['25년이내', '방세개', '화장실두개', '세대당1대']",남동향,12788970.836226566
경기도,용인시 기흥구,청덕동,물푸레마을휴먼시아7단지,매매,706동,10/17,440000000,110.67,OWNER,세안고.투자굿.트인뷰.확장형. 원하시는 조건을 최대한 맞춰드리겠습니다,25.07.17,"['25년이내', '방세개', '화장실두개', '중층']",남향,13143086.654016444
경기도,용인시 기흥구,청덕동,물푸레마을휴먼시아7단지,매매,706동,6/17,410000000,110.67,DOCV2,"급매물, 입구로얄동, 초중고 인접",25.07.17,"['25년이내', '급매', '방세개', '화장실두개']",남향,12246967.109424414
경기도,용인시 기흥구,청덕동,물푸레마을휴먼시아7단지,매매,702동,11/20,440000000,110.67,NDOC1,확장형 화이트톤 일부수리 주인거주 깨끗 입주협의,25.07.10,"['25년이내', '방세개', '화장실두개', '중층']",남서향,13143086.654016444
경기도,용인시 기흥구,청덕동,물푸레마을휴먼시아7단지,매매,703동,1/20,460000000,110.64,OWNER,"2년전올수리,층간소음걱정없는1층,주인거주하여깔끔,입주일협의가능",25.07.10,"['25년이내', '올수리', '1층', '방세개']",남향,13744225.415762834
경기도,용인시 기흥구,청덕동,물푸레마을휴먼시아7단지,매매,702동,13/20,460000000,110.36,OWNER,올확장.수리됨.매우깨끗.입주.금액.원하시는 조건을 최대한 맞춰드리겠습니다,25.07.16,"['25년이내', '방세개', '화장실두개', '중층']",남향,13779096.592968468
경기도,용인시 기흥구,청덕동,물푸레마을휴먼시아7단지,매매,702동,중/20,520000000,110.36,DOC,특올수리 로얄동 로얄층 초등학교근거리 교통편리한단지,25.07.14,"['25년이내', '올수리', '방세개', '화장실두개']",남동향,15576370.06161653
경기도,용인시 기흥구,청덕동,물푸레마을휴먼시아7단지,매매,702동,18/20,490000000,110.3,OWNER,"초중고도보,단지앞버스이용,숲세권전망좋음",25.07.11,"['25년이내', '방세개', '화장실두개', '고층']",남서향,14685717.588395288
경기도,용인시 기흥구,청덕동,물푸레마을휴먼시아7단지,전세,706동,2/17,350000000,110.3,DOC,입주일 협의가능 앞 공원전망 초등학교 근거리,25.07.10,"['25년이내', '방세개', '화장실두개', '세대당1대']",남서향,10489798.277425205
경기도,용인시 기흥구,청덕동,물푸레마을휴먼시아7단지,매매,702동,5/20,400000000,110.3,OWNER,확장형.입주협의.금액조정.원하시는 조건을 최대한 맞춰드리겠습니다,25.06.28,"['25년이내', '방세개', '화장실두개', '세대당1대']",남향,11988340.888485948
경기도,용인시 기흥구,청덕동,물푸레마을휴먼시아7단지,매매,701동,중/19,430000000,110.3,DOC,하시 입주로 조용하고 전망좋음,25.06.30,"['25년이내', '방세개', '화장실두개', '중층']",남서향,12887466.455122394
경기도,용인시 기흥구,청덕동,물푸레마을휴먼시아7단지,매매,706동,중/17,430000000,110.3,DOC,넓은베란다.중문설치.주인거주 구성역자동차10분거리,25.06.26,"['25년이내', '방세개', '화장실두개', '중층']",남서향,12887466.455122394
경기도,용인시 기흥구,청덕동,물푸레마을휴먼시아7단지,매매,701동,3/19,395000000,97.56,NDOC1,"9월말입주가능, LED등교체, 중문설치, 주인분거주로 상태 좋음",25.07.17,"['25년이내', '방세개', '화장실두개', '세대당1대']",남동향,13384430.86305863
경기도,용인시 기흥구,청덕동,물푸레마을휴먼시아7단지,매매,706동,1/17,400000000,97.56,MOBL,"확장,출입문별도 아이키우기 좋음.초중고도보거리.구성역GTx차량10",25.07.14,"['25년이내', '1층', '방세개', '화장실두개']",남향,13553854.038540386
경기도,용인시 기흥구,청덕동,물푸레마을휴먼시아7단지,매매,706동,4/17,410000000,97.56,OWNER,"입주협의,확장,중문,깨끗,초중고도보,생활편리,GTX구성역차량10분",25.07.08,"['25년이내', '방세개', '화장실두개', '세대당1대']",남향,13892700.389503896
경기도,용인시 기흥구,청덕동,물푸레마을휴먼시아7단지,매매,701동,2/19,420000000,97.56,NDOC1,"거실 및 작은방 확장, 주인분거주로 깨끗, 입주협의가능",25.06.30,"['25년이내', '방세개', '화장실두개', '세대당1대']",남향,14231546.740467407
경기도,용인시 기흥구,청덕동,물푸레마을휴먼시아7단지,매매,701동,13/19,460000000,97.56,DOC,주인거주협의가능 로얄동 초등학교근거리 산책로,25.07.07,"['25년이내', '방세개', '화장실두개', '고층']",남향,15586932.144321444
경기도,용인시 기흥구,청덕동,용인구성물푸레마을경남아너스빌,매매,403동,6/15,550000000,173.4,OWNER,비확장형 산조망굿 하시입주가,25.07.19,"['25년이내', '대형평수', '방네개이상', '화장실두개']",남동향,10485477.220299885
경기도,용인시 기흥구,청덕동,용인구성물푸레마을경남아너스빌,매매,403동,2/15,550000000,173.4,OWNER,기본형 정상입주,25.07.19,"['25년이내', '대형평수', '방네개이상', '화장실두개']",남향,10485477.220299885
경기도,용인시 기흥구,청덕동,용인구성물푸레마을경남아너스빌,매매,404동,고/15,580000000,173.4,NDOC1,"확장형, 대형평수, 주인분거주로 상태 좋음,  쾌적한 단지 ",25.07.18,"['25년이내', '대형평수', '방네개이상', '화장실두개']",남동향,11057412.34140715
경기도,용인시 기흥구,청덕동,용인구성물푸레마을경남아너스빌,매매,403동,고/15,575000000,173.4,NDOC1,"고층뷰, 거실 제외 올 확장, 싱크대교체, 입주협의가능",25.07.14,"['25년이내', '주방교체', '대형평수', '방네개이상']",남동향,10962089.821222607
경기도,용인시 기흥구,청덕동,용인구성물푸레마을경남아너스빌,매매,403동,중/15,570000000,173.4,NDOC1,"협의입주가능, 주인분거주로 상태 좋음, 대형평수 ",25.07.14,"['25년이내', '대형평수', '방네개이상', '화장실두개']",남서향,10866767.301038064
경기도,용인시 기흥구,청덕동,용인구성물푸레마을경남아너스빌,매매,403동,저/15,570000000,173.4,NDOC1,부분수리로 깨끗함 확장형 ,25.07.08,"['25년이내', '대형평수', '방네개이상', '화장실두개']",남서향,10866767.301038064
경기도,용인시 기흥구,청덕동,용인구성물푸레마을경남아너스빌,월세,403동,1/15,"5,000/170",173.4,OWNER,화이트 인테리어함 높은 1층  9월2일이후 입주가능,25.06.30,"['25년이내', '1층', '대형평수', '방네개이상']",남향,
경기도,용인시 기흥구,청덕동,용인구성물푸레마을경남아너스빌,매매,401동,중/15,585000000,173.4,NDOC1,기본형 밝고 따뜻하며  깨끗한 집,25.06.26,"['25년이내', '대형평수', '방네개이상', '화장실두개']",남서향,11152734.861591695
경기도,용인시 기흥구,청덕동,용인구성물푸레마을경남아너스빌,월세,401동,4/15,"1억 6,000/125",173.4,NONE,확장형 빠른입주 부분수리,25.07.14,"['25년이내', '융자금없는', '대형평수', '방네개이상']",남서향,
경기도,용인시 기흥구,청덕동,용인구성물푸레마을경남아너스빌,매매,404동,8/15,510000000,126.76,OWNER,"주인거주깨끗,화분키우기좋은넓은베란다,숲세권,초중고도보,중심상권인접",25.07.17,"['25년이내', '방세개', '화장실두개', '중층']",남향,13300334.095929315
경기도,용인시 기흥구,청덕동,용인구성물푸레마을경남아너스빌,매매,402동,저/15,520000000,126.76,NDOC1,매매 전망 좋고 밝고 따뜻한 집,25.07.19,"['25년이내', '방세개', '화장실두개', '세대당 1.5대이상']",남향,13561124.96055538
경기도,용인시 기흥구,청덕동,용인구성물푸레마을경남아너스빌,매매,404동,13/15,505000000,126.76,OWNER,세안고.방3.올확장.매우깨끗. 원하시는 조건을 최대한 맞춰드리겠습니다.,25.07.03,"['25년이내', '방세개', '화장실두개', '고층']",남향,13169938.663616283
경기도,용인시 기흥구,청덕동,용인구성물푸레마을경남아너스빌,매매,401동,저/15,510000000,126.76,NDOC1,부분수리로 깨끗함 확장형,25.07.08,"['25년이내', '방세개', '화장실두개', '세대당 1.5대이상']",남향,13300334.095929315
경기도,용인시 기흥구,청덕동,용인구성물푸레마을경남아너스빌,매매,403동,중/15,520000000,126.76,NDOC1,매매 전망 좋고 밝고 따뜻한 집,25.06.26,"['25년이내', '방세개', '화장실두개', '중층']",남향,13561124.96055538
경기도,용인시 기흥구,청덕동,용인구성물푸레마을경남아너스빌,매매,403동,중/15,515000000,126.76,NDOC1,매매 전망 좋고 밝고 따뜻한 집,25.06.26,"['25년이내', '방세개', '화장실두개', '중층']",남향,13430729.528242348
경기도,용인시 기흥구,청덕동,용인구성물푸레마을경남아너스빌,매매,403동,중/15,510000000,126.76,DOC,확장형 지하주차장연결 초중고도보권 상가인접,25.06.23,"['25년이내', '방세개', '화장실두개', '중층']",남향,13300334.095929315
경기도,용인시 기흥구,청덕동,용인구성물푸레마을호반베르디움,매매,804동,5/20,630000000,183.09,OWNER,"화이트톤수리,확장,깨끗,초중고도보,주차연결,커뮤니티헬스골프,구성역버스10",25.07.15,"['25년이내', '대형평수', '방네개이상', '화장실두개']",남동향,11374977.060462067
경기도,용인시 기흥구,청덕동,용인구성물푸레마을호반베르디움,매매,804동,2/20,635000000,183.09,OWNER,"입주협의,귀한필로티2층,부분수리확장,깨끗,초중고도보,GTX구성역버스",25.07.11,"['25년이내', '필로티', '대형평수', '방네개이상']",남동향,11465254.656180022
경기도,용인시 기흥구,청덕동,용인구성물푸레마을호반베르디움,매매,804동,고/20,630000000,183.09,OWNER,"입주협의,올확장,깨끗,전망,주차연결,초중고도보,GTX구성역마을버스9분",25.07.08,"['25년이내', '대형평수', '방네개이상', '화장실두개']",남동향,11374977.060462067
경기도,용인시 기흥구,청덕동,용인구성물푸레마을호반베르디움,매매,804동,중/20,650000000,183.09,OWNER,"입주협의,확장,깨끗,초중고도보,주차연결,커뮤니티헬스골프,구성역버스10",25.07.01,"['25년이내', '대형평수', '방네개이상', '화장실두개']",남동향,11736087.443333881
경기도,용인시 기흥구,청덕동,용인구성물푸레마을호반베르디움,매매,804동,저/20,630000000,183.09,NDOC1,밝고 깨끗한 확장 형  소유주 거주,25.06.28,"['25년이내', '대형평수', '방네개이상', '화장실두개']",남동향,11374977.060462067
경기도,용인시 기흥구,청덕동,용인구성물푸레마을호반베르디움,매매,804동,저/20,630000000,183.09,NONE,확장.주인거주깨끗.초중고도보거리.구성역차량10분,25.06.25,"['25년이내', '대형평수', '방네개이상', '화장실두개']",남동향,11374977.060462067
경기도,용인시 기흥구,청덕동,용인구성물푸레마을호반베르디움,매매,802동,8/20,650000000,156.93,OWNER,"입주협의,확장,깨끗,초중고도보,주차연결,커뮤니티헬스골프,구성역버스10",25.07.21,"['25년이내', '대형평수', '방네개이상', '화장실두개']",남동향,13692475.944688715
경기도,용인시 기흥구,청덕동,용인구성물푸레마을호반베르디움,매매,802동,19/20,650000000,156.93,OWNER,47.방4.올확장.입주.금액.원하시는 조건을 최대한 맞춰드리겠습니다,25.07.21,"['25년이내', '대형평수', '방네개이상', '화장실두개']",남동향,13692475.944688715
경기도,용인시 기흥구,청덕동,용인구성물푸레마을호반베르디움,매매,803동,3/20,580000000,156.93,OWNER,"입주협의,확장,깨끗,초중고도보,주차연결,커뮤니티헬스골프,구성역버스10",25.07.18,"['25년이내', '대형평수', '방네개이상', '화장실두개']",남동향,12217901.612183776
경기도,용인시 기흥구,청덕동,용인구성물푸레마을호반베르디움,매매,803동,5/20,600000000,156.93,NDOC1,확장형 부분수리로 깨끗함  초중고도보권,25.07.14,"['25년이내', '대형평수', '방네개이상', '화장실두개']",남동향,12639208.564328045
경기도,용인시 기흥구,청덕동,용인구성물푸레마을호반베르디움,매매,803동,11/20,600000000,156.93,OWNER,정상입주.올확장형.원하시는 조건을 최대한 맞춰드리겠습니다. 전화주세요,25.07.11,"['25년이내', '대형평수', '방네개이상', '화장실두개']",남향,12639208.564328045
경기도,용인시 기흥구,청덕동,용인구성물푸레마을호반베르디움,매매,802동,9/20,590000000,156.93,OWNER,급매.47.방4.즉시입주.원하시는 조건을 최대한 맞춰드리겠습니다,25.07.07,"['25년이내', '급매', '대형평수', '방네개이상']",남동향,12428555.088255912
경기도,용인시 기흥구,청덕동,용인구성물푸레마을호반베르디움,매매,802동,고/20,600000000,156.93,OWNER,"입주협의,확장,전망,깨끗,초중고도보,주차연결,GTX구성역10분마을버스",25.07.11,"['25년이내', '대형평수', '방네개이상', '화장실두개']",남동향,12639208.564328045
경기도,용인시 기흥구,청덕동,용인구성물푸레마을호반베르디움,매매,802동,고/20,650000000,156.93,OWNER,"특올수리,시스템에어컨3대,확장형,전망굿,초중고도보,주차연결",25.07.08,"['25년이내', '올수리', '대형평수', '방네개이상']",남동향,13692475.944688715
경기도,용인시 기흥구,청덕동,용인구성물푸레마을호반베르디움,매매,802동,1/20,650000000,156.93,OWNER,"특올수리,확장,에어컨식세기인덕션,필로티1층, 채광전망,초중고도보",25.07.01,"['25년이내', '올수리', '1층', '필로티']",남동향,13692475.944688715
경기도,용인시 기흥구,청덕동,용인구성물푸레마을호반베르디움,매매,805동,1/20,550000000,141.27,OWNER,"입주협의,확장형,층간소음걱정없음,드레스룸장추가,주방대리석식탁",25.07.15,"['25년이내', '1층', '대형평수', '방네개이상']",남동향,12870260.848021518
경기도,용인시 기흥구,청덕동,용인구성물푸레마을호반베르디움,매매,805동,고/20,565000000,141.27,NDOC1, 확장형 주인거주로깨끗함 전망굿,25.07.14,"['25년이내', '대형평수', '방네개이상', '화장실두개']",남동향,13221267.96205847
경기도,용인시 기흥구,청덕동,용인구성물푸레마을호반베르디움,전세,801동,중/20,410000000,141.27,OWNER,"입주협의,확장형,깨끗,초중고도보,구성역마을버스10분,커뮤니티헬스골프탁구",25.07.07,"['25년이내', '융자금없는', '대형평수', '방네개이상']",남동향,9594194.450343315
경기도,용인시 기흥구,청덕동,용인구성물푸레마을호반베르디움,매매,806동,중/20,550000000,141.27,DOC,"확장,지하주차장연결.주인거주정상입주.초중고도보거리.구성역차량10분",25.07.14,"['25년이내', '대형평수', '방네개이상', '화장실두개']",남동향,12870260.848021518
경기도,용인시 기흥구,청덕동,용인구성물푸레마을호반베르디움,매매,805동,저/20,555000000,141.27,NDOC1,확장 형으로 소유주 거주 깨끗한 집,25.06.28,"['25년이내', '대형평수', '방네개이상', '화장실두개']",남동향,12987263.219367169
경기도,용인시 기흥구,청덕동,용인구성물푸레마을호반베르디움,매매,805동,중/20,550000000,141.27,DOC,"세안고매매. 확장,주차장연결, 초중고도보거리,구성역 GTX 차량10분",25.06.26,"['25년이내', '대형평수', '방네개이상', '화장실두개']",남동향,12870260.848021518
경기도,용인시 기흥구,청덕동,청덕마을광도와이드빌,매매,105동,저/15,350000000,116.52,OWNER,"특올수리되어 아주이쁜집, 일단 방문해서 보세요",25.07.21,"['25년이내', '올수리', '방세개', '화장실두개']",남향,9929838.225197392
경기도,용인시 기흥구,청덕동,청덕마을광도와이드빌,매매,101동,14/15,340000000,116.52,OWNER,"star.  입구동, 부분수리. 남향",25.07.14,"['25년이내', '방세개', '화장실두개', '고층']",남향,9646128.561620323
경기도,용인시 기흥구,청덕동,청덕마을광도와이드빌,매매,101동,저/15,330000000,116.52,OWNER,"남향  주방,화장실등 부분수리된집",25.07.17,"['25년이내', '방세개', '화장실두개', '세대당1대']",남향,9362418.898043254
경기도,용인시 기흥구,청덕동,청덕마을광도와이드빌,전세,107동,12/15,250000000,116.52,OWNER,정남향 확장 정상 입주가,25.07.09,"['25년이내', '화장실두개', '방세개', '고층']",남향,7092741.589426708
경기도,용인시 기흥구,청덕동,청덕마을광도와이드빌,매매,107동,12/15,340000000,116.52,OWNER,정남향 방확장 정상입주가,25.07.09,"['25년이내', '화장실두개', '방세개', '고층']",남향,9646128.561620323
경기도,용인시 기흥구,청덕동,청덕마을광도와이드빌,매매,106동,고/15,340000000,116.52,OWNER,올확장 주인거주로 깨끗해요,25.07.14,"['25년이내', '방세개', '화장실두개', '고층']",남향,9646128.561620323
경기도,용인시 기흥구,청덕동,청덕마을광도와이드빌,매매,106동,13/15,330000000,116.52,OWNER,"즉시입주 가능 남향, 통풍 굿, 수리하여 실거주 하세요",25.07.03,"['25년이내', '방세개', '화장실두개', '고층']",남향,9362418.898043254
경기도,용인시 기흥구,청덕동,청덕마을광도와이드빌,매매,107동,저/15,310000000,116.52,OWNER,남향 샷시포함 전체올수리된 깨끗한집,25.07.07,"['25년이내', '올수리', '방세개', '화장실두개']",남향,8794999.570889119
경기도,용인시 기흥구,청덕동,청덕마을광도와이드빌,매매,106동,고/15,340000000,116.52,OWNER,남향 썃시빼고 전체올수리된 예쁜집,25.07.07,"['25년이내', '올수리', '방세개', '화장실두개']",남향,9646128.561620323
경기도,용인시 기흥구,청덕동,청덕마을광도와이드빌,매매,106동,고/15,370000000,116.52,OWNER,STAR.  수리하여 깨끗,25.07.07,"['25년이내', '방세개', '화장실두개', '고층']",남향,10497257.552351529
경기도,용인시 기흥구,청덕동,청덕마을광도와이드빌,매매,105동,중/15,320000000,116.52,OWNER,"35p,남향, 기본상태, 가성비좋고 조용해요",25.07.03,"['25년이내', '방세개', '화장실두개', '중층']",남향,9078709.234466186
경기도,용인시 기흥구,청덕동,청덕마을광도와이드빌,매매,107동,중/15,330000000,116.52,OWNER,"남향으로 햇볕 잘들고 깨끗한집, 주인거주",25.06.30,"['25년이내', '방세개', '화장실두개', '중층']",남향,9362418.898043254
경기도,용인시 기흥구,청덕동,청덕마을광도와이드빌,매매,103동,저/15,340000000,116.52,OWNER,"세안고,올수리,햇살좋은남향,아이들키우기좋아요",25.06.30,"['25년이내', '올수리', '방세개', '화장실두개']",남향,9646128.561620323
경기도,용인시 기흥구,청덕동,청덕마을광도와이드빌,매매,105동,고/15,330000000,116.52,OWNER,조망권확보된 남향 작은방확장등  부분수리된 깨끗한집,25.06.24,"['25년이내', '방세개', '화장실두개', '고층']",남향,9362418.898043254
경기도,용인시 기흥구,청덕동,청덕마을광도와이드빌,매매,107동,7/15,360000000,116.52,DOC,사진 0 올수리 조건협의 남향,25.06.26,"['25년이내', '올수리', '방세개', '화장실두개']",남향,10213547.88877446
경기도,용인시 기흥구,청덕동,청덕마을광도와이드빌,매매,101동,저/15,330000000,116.52,NONE,남향 올확장 조망권 버스타기용이 집상태 깨끗 입주일협의,25.07.17,"['25년이내', '방세개', '화장실두개', '세대당1대']",남향,9362418.898043254
경기도,용인시 기흥구,청덕동,청덕마을광도와이드빌,매매,106동,중/15,320000000,116.52,NONE,남향  기본시설 전망굿 ,25.07.17,"['25년이내', '방세개', '화장실두개', '중층']",남향,9078709.234466186
경기도,용인시 기흥구,청덕동,청덕마을광도와이드빌,전세,107동,12/15,250000000,116.52,NONE,정남향 확장 빠른입주도 가능,25.07.14,"['25년이내', '융자금없는', '방세개', '화장실두개']",남향,7092741.589426708
경기도,용인시 기흥구,청덕동,청덕마을광도와이드빌,전세,107동,중/15,250000000,116.52,NONE,남향 올수리된 깨끗하고 예쁜집,25.07.12,"['25년이내', '올수리', '방세개', '화장실두개']",남향,7092741.589426708
경기도,용인시 기흥구,청덕동,청덕마을광도와이드빌,매매,106동,중/15,330000000,116.52,NONE,남향 주방 화장실 도배 등 최근수리된 깨끗한집 빠른입주가능,25.07.07,"['25년이내', '방세개', '화장실두개', '중층']",남향,9362418.898043254
경기도,용인시 기흥구,청덕동,청덕마을광도와이드빌,매매,107동,중/15,330000000,116.52,NONE,남향 안방붙박이장 주인거주 따뜻한집,25.07.07,"['25년이내', '방세개', '화장실두개', '중층']",남향,9362418.898043254
경기도,용인시 기흥구,청덕동,청덕마을광도와이드빌,매매,104동,고/15,320000000,116.52,NONE,세안고매매 햇빛과 통풍굿 가성비굿,25.06.24,"['25년이내', '방세개', '화장실두개', '고층']",서향,9078709.234466186
경기도,용인시 기흥구,청덕동,청덕마을광도와이드빌,매매,103동,저/15,340000000,116.52,NONE,세안고 올수리됨 깨끗 층간소음걱정없어요 아이키우기굿,25.06.24,"['25년이내', '올수리', '방세개', '화장실두개']",남향,9646128.561620323
경기도,용인시 기흥구,하갈동,청명호수마을신안인스빌1단지,매매,110동,2/20,430000000,147.28,OWNER,"주인거주중, 기본형 관리잘된 집, 입주일 협의 가능",25.07.17,"['25년이내', '대형평수', '방네개이상', '화장실두개']",남향,9651599.334600762
경기도,용인시 기흥구,하갈동,청명호수마을신안인스빌1단지,매매,109동,1/19,420000000,147.28,NDOC1,"아이키우기 좋은 1층, 방3개, 부분수리되어 깨끗, 주인거주, 정상입주가",25.07.11,"['25년이내', '1층', '대형평수', '방세개']",남동향,9427143.536121672
경기도,용인시 기흥구,하갈동,청명호수마을신안인스빌1단지,매매,107동,4/20,450000000,147.28,DOC,,25.07.21,"['25년이내', '화장실두개', '대형평수', '방네개이상']",남향,10100510.931558935
경기도,용인시 기흥구,하갈동,청명호수마을신안인스빌1단지,매매,108동,5/18,490000000,147.28,DOC,"전세3억끼고매매,25년5월만기,깔끔하고 뷰막힘없음,신갈IC인근",25.07.21,"['25년이내', '화장실두개', '대형평수', '방네개이상']",남향,10998334.125475286
경기도,용인시 기흥구,하갈동,청명호수마을신안인스빌1단지,매매,109동,13/19,500000000,147.28,DOC,"주방확장,빙2확장,주인거주로 집상태아주굿,로얄동,이사정상",25.07.18,"['25년이내', '화장실두개', '대형평수', '방네개이상']",남동향,11222789.923954373
경기도,용인시 기흥구,하갈동,청명호수마을신안인스빌1단지,매매,108동,16/18,450000000,147.28,DOC,방셋 확장형 내부상태 좋은 저렴한 매물,25.07.14,"['25년이내', '대형평수', '방세개', '화장실두개']",남동향,10100510.931558935
경기도,용인시 기흥구,하갈동,청명호수마을신안인스빌1단지,매매,107동,13/20,450000000,147.28,DOC,"세안고, 방3 타입 확장형, 인기 있는동, ",25.07.11,"['25년이내', '대형평수', '방세개', '화장실두개']",남동향,10100510.931558935
경기도,용인시 기흥구,하갈동,청명호수마을신안인스빌1단지,매매,109동,2/19,430000000,147.28,DOC,"즉시입주가능,숲세권으로 산책하기좋은조용한 동, 방4개확장형으로 깔끔해요",25.07.10,"['25년이내', '대형평수', '방네개이상', '화장실두개']",남동향,9651599.334600762
경기도,용인시 기흥구,하갈동,청명호수마을신안인스빌1단지,매매,107동,17/20,490000000,147.28,DOC,방넷타입 확장형 내부상태 양호 정상입주,25.07.07,"['25년이내', '대형평수', '방네개이상', '화장실두개']",남동향,10998334.125475286
경기도,용인시 기흥구,하갈동,청명호수마을신안인스빌1단지,매매,101동,11/17,500000000,147.28,DOC,방셋 전체확장형 조망좋고 선호도 높은 앞동,25.07.07,"['25년이내', '대형평수', '방세개', '화장실두개']",남동향,11222789.923954373
경기도,용인시 기흥구,하갈동,청명호수마을신안인스빌1단지,전세,103동,4/18,320000000,147.28,DOC,지대높고 조망나오는 무융자 확장형 빠른입주가능,25.07.03,"['25년이내', '융자금없는', '대형평수', '방세개']",남동향,7182585.551330799
경기도,용인시 기흥구,하갈동,청명호수마을신안인스빌1단지,매매,104동,7/20,385000000,107.98,DOC,조망나오는 앞동 확장형세대 추천매물,25.07.17,"['25년이내', '방세개', '화장실두개', '중층']",남동향,11786694.063715503
경기도,용인시 기흥구,하갈동,청명호수마을신안인스빌1단지,매매,104동,5/20,375000000,107.98,DOC,하시입주가능한 확장형 조망나오는 앞동 추천매물,25.07.17,"['25년이내', '방세개', '화장실두개', '세대당 1.5대이상']",남동향,11480546.16595666
경기도,용인시 기흥구,하갈동,청명호수마을신안인스빌1단지,매매,111동,12/20,380000000,107.98,DOC,"베란다 있는 타입, 깔끔하게 수리된집",25.07.15,"['25년이내', '방세개', '화장실두개', '중층']",남동향,11633620.114836082
경기도,용인시 기흥구,하갈동,청명호수마을신안인스빌1단지,매매,106동,저/20,360000000,107.98,DOC,정상입주 확장형 지대높은 저층세대,25.07.21,"['25년이내', '방세개', '화장실두개', '세대당 1.5대이상']",남향,11021324.319318393
경기도,용인시 기흥구,하갈동,청명호수마을신안인스빌1단지,매매,102동,11/18,400000000,107.98,DOC,안방제외 확장형 조망좋고 채광좋은 추천매물,25.07.14,"['25년이내', '방세개', '화장실두개', '중층']",남동향,12245915.91035377
경기도,용인시 기흥구,하갈동,청명호수마을신안인스빌1단지,매매,102동,고/18,400000000,107.98,NDOC1,확장형구조 호수뷰 편한 동선  올해 보일러 교체한 깔끔한 집,25.07.07,"['25년이내', '보일러교체', '방세개', '화장실두개']",남동향,12245915.91035377
경기도,용인시 기흥구,하갈동,청명호수마을신안인스빌1단지,매매,106동,고/20,385000000,107.98,OWNER,"PR. 고층세대, 확장형, 남향, 깔끔한 공실, 즉시입주가능",25.07.07,"['25년이내', '방세개', '화장실두개', '고층']",남향,11786694.063715503
경기도,용인시 기흥구,하갈동,청명호수마을신안인스빌1단지,매매,104동,중/20,400000000,107.98,DOC,깔끔 확장형  로얄동  로얄층  강력 추천,25.07.16,"['25년이내', '방세개', '화장실두개', '중층']",남향,12245915.91035377
경기도,용인시 기흥구,하갈동,청명호수마을신안인스빌1단지,매매,106동,16/20,380000000,107.98,OWNER,도시속 전원아파트 안방베란다 중문 보일러 수리등 깨끗하게 관리잘됨,25.06.28,"['25년이내', '방세개', '화장실두개', '고층']",남동향,11633620.114836082
경기도,용인시 기흥구,하갈동,청명호수마을신안인스빌1단지,매매,102동,14/18,385000000,107.98,DOC,,25.07.07,"['25년이내', '방세개', '화장실두개', '고층']",남동향,11786694.063715503
경기도,용인시 기흥구,하갈동,청명호수마을신안인스빌1단지,매매,111동,7/20,380000000,107.98,DOC,"조용한 뒷동세대, 확장형구조, 집상태 깨끗",25.07.07,"['25년이내', '방세개', '화장실두개', '중층']",남동향,11633620.114836082
경기도,용인시 기흥구,하갈동,청명호수마을신안인스빌1단지,매매,102동,고/18,380000000,107.98,DOC,"입주가능, 초입로얄동, 전망이쁜집, 커뮤니티이용편리함",25.07.09,"['25년이내', '방세개', '화장실두개', '고층']",남동향,11633620.114836082
경기도,용인시 기흥구,하갈동,청명호수마을신안인스빌1단지,매매,111동,17/20,395000000,107.98,DOC,정상입주 확장형 조망좋은집,25.06.28,"['25년이내', '방세개', '화장실두개', '고층']",남동향,12092841.961474348
경기도,용인시 기흥구,하갈동,청명호수마을신안인스빌1단지,매매,106동,3/20,380000000,107.98,DOC,정상입주 지대높은 남향세대 확장형 매매,25.06.28,"['25년이내', '방세개', '화장실두개', '세대당 1.5대이상']",남향,11633620.114836082
경기도,용인시 기흥구,하갈동,청명호수마을신안인스빌1단지,매매,111동,저/20,390000000,107.98,NDOC1,조용한 동 뷰좋음 매우 깔끔 확장형구조  강력 추천,25.06.25,"['25년이내', '방세개', '화장실두개', '세대당 1.5대이상']",남향,11939768.012594925
경기도,용인시 기흥구,하갈동,청명호수마을신안인스빌1단지,매매,111동,16/20,390000000,107.98,DOC,정상입주 내부상태좋은 확장형,25.06.24,"['25년이내', '방세개', '화장실두개', '고층']",남동향,11939768.012594925
경기도,용인시 기흥구,하갈동,청명호수마을신안인스빌1단지,매매,106동,20/20,410000000,107.98,NONE,주인거주중 .거실과 작은방2개 확장.정남향.탑층.항시답사가능 ,25.07.17,"['25년이내', '탑층', '방두개', '화장실두개']",남향,12552063.808112614
경기도,용인시 기흥구,하갈동,청명호수마을신안인스빌2단지,매매,203동,6/14,390000000,108.28,NDOC1,"확장형구조, 집상태 깨끗",25.07.11,"['25년이내', '방세개', '화장실두개', '중층']",남향,11906687.753971187
경기도,용인시 기흥구,하갈동,청명호수마을신안인스빌2단지,매매,204동,14/15,400000000,108.28,DOC,"제일 조용한동,  호수전망 나오는 집",25.07.01,"['25년이내', '방세개', '화장실두개', '고층']",남향,12211987.439970447
경기도,용인시 기흥구,하갈동,청명호수마을신안인스빌2단지,매매,203동,12/14,390000000,108.28,DOC,"확장형, 대중교통 편한동",25.06.28,"['25년이내', '방세개', '화장실두개', '고층']",남향,11906687.753971187
경기도,용인시 기흥구,하갈동,청명호수마을신안인스빌2단지,매매,201동,4/15,365000000,108.28,DOC,남향 앞뒤발코니있는 귀한타입 싱크대및 도배완료,25.06.28,"['25년이내', '방세개', '화장실두개', '세대당1대']",남향,11143438.538973033
경기도,용인시 기흥구,하갈동,청명호수마을신안인스빌2단지,매매,202동,9/15,390000000,108.28,DOC,"확장형구조, 채광 우수, 집상태 깨끗",25.06.28,"['25년이내', '방세개', '화장실두개', '중층']",남향,11906687.753971187
경기도,용인시 기흥구,하갈동,청명호수마을신안인스빌2단지,매매,202동,1/15,350000000,108.28,DOC,앞뒤 베란다 있는 타입. 아이키우는 세대 추천드려요.,25.06.25,"['25년이내', '1층', '방세개', '화장실두개']",남서향,10685489.00997414
경기도,용인시 기흥구,하갈동,청명호수마을신안인스빌2단지,매매,201동,6/15,390000000,108.28,DOC,"세안고26.12월, 거실확장, 밝고 따뜻한집",25.06.24,"['25년이내', '방세개', '화장실두개', '중층']",남향,11906687.753971187
